total_ram(MB): 452.27,452.27,452.27,452.27,452.27,452.27,452.27,452.27,452.27,452.27,452.27,452.27,452.27,452.27,452.27,452.27,452.27,452.27,452.27,452.27,452.27,452.27,452.27,452.27,452.27,452.27,452.27,452.27,452.27,452.27,452.27,452.27,452.27,452.27,452.27,452.27
total_ram(MB): min(452.27) max(452.27) average(452.27)
free_ram(MB): 134.95,84.34,82.16,82.53,83.91,85.08,90.08,137.25,136.89,83.52,81.94,83.29,82.16,84.68,84.45,84.53,84.31,84.09,83.25,83.39,83.81,84.71,86.70,88.98,87.71,87.34,87.68,87.58,88.54,81.95,82.52,134.68,131.00,89.79,93.49,91.59
free_ram(MB): min(81.94) max(137.25) average(92.36)
used_ram(MB): 245.57,240.96,237.73,236.29,231.83,228.31,220.18,212.78,220.26,220.22,218.35,191.03,207.15,208.53,209.32,209.43,209.25,209.18,212.10,211.33,210.14,211.01,207.56,207.00,206.06,207.69,205.83,206.56,202.29,209.01,206.91,207.18,214.50,218.27,217.92,218.22
used_ram(MB): min(191.03) max(245.57) average(214.89)
lost_ram(MB): 71.75,126.97,132.39,133.45,136.54,138.88,142.01,102.25,95.12,148.53,151.99,177.95,162.96,159.07,158.50,158.32,158.71,159.00,156.93,157.55,158.32,156.55,158.01,156.30,158.50,157.25,158.76,158.13,161.44,161.32,162.84,110.42,106.78,144.21,140.87,142.46
lost_ram(MB): min(71.75) max(177.95) average(145.03)
free(MB): 61.01,27.67,37.95,38.26,46.65,51.90,69.70,84.86,101.78,49.62,44.94,56.03,25.53,31.37,31.46,34.00,39.54,43.28,40.80,50.41,51.66,54.50,55.19,55.44,54.32,59.11,58.41,57.48,67.93,58.70,55.46,102.39,74.07,20.24,14.34,18.12
free(MB): min(14.34) max(102.39) average(50.67)
used_pss(MB): 222.05,218.00,214.60,213.11,208.68,205.16,197.13,189.66,197.21,197.05,195.28,167.64,184.00,185.48,186.26,186.48,186.34,186.29,189.20,188.37,187.17,188.06,184.65,184.02,183.02,184.46,182.82,183.56,179.50,186.23,184.12,184.52,191.35,194.93,194.65,195.12
used_pss(MB): min(167.64) max(222.05) average(191.84)
kernel(MB): 0.00,0.00,0.00,0.00,0.00,0.00,0.00,0.00,0.00,0.00,0.00,0.00,0.00,0.00,0.00,0.00,0.00,0.00,0.00,0.00,0.00,0.00,0.00,0.00,0.00,0.00,0.00,0.00,0.00,0.00,0.00,0.00,0.00,0.00,0.00,0.00
kernel(MB): min(0.0) max(0.0) average(0.0)
buffers(MB): 1.05,0.32,0.32,0.34,0.27,0.27,0.16,0.45,0.38,0.30,0.15,0.47,0.54,0.44,0.46,0.34,0.30,0.29,0.36,0.43,0.45,0.45,0.40,0.45,0.46,0.61,0.40,0.38,0.15,0.15,0.16,0.21,0.75,0.70,0.62,0.48
buffers(MB): min(0.15) max(1.05) average(0.4)
shmem(MB): 0.05,0.13,0.25,0.25,0.29,0.29,0.29,0.05,0.05,0.23,0.24,0.25,0.26,0.26,0.26,0.26,0.26,0.26,0.26,0.27,0.28,0.28,0.28,0.28,0.28,0.31,0.31,0.31,0.31,0.31,0.31,0.12,0.05,0.26,0.26,0.27
shmem(MB): min(0.05) max(0.31) average(0.24)
slab(MB): 22.42,22.51,22.55,22.59,22.59,22.58,22.59,22.62,22.62,22.64,22.68,22.67,22.34,22.35,22.34,22.34,22.34,22.34,22.27,22.25,22.25,22.23,22.23,22.26,22.30,22.31,22.30,22.31,22.32,22.32,22.32,22.33,22.34,22.38,22.39,22.36
slab(MB): min(22.23) max(22.68) average(22.4)
total_swap(MB): 96.00,96.00,96.00,96.00,96.00,96.00,96.00,96.00,96.00,96.00,96.00,96.00,96.00,96.00,96.00,96.00,96.00,96.00,96.00,96.00,96.00,96.00,96.00,96.00,96.00,96.00,96.00,96.00,96.00,96.00,96.00,96.00,96.00,96.00,96.00,96.00
total_swap(MB): min(96.0) max(96.0) average(96.0)
used_swap(MB): 65.35,66.08,66.50,67.45,68.93,70.38,76.04,75.51,75.73,79.01,88.83,95.05,91.08,91.52,91.17,91.52,91.58,90.84,90.57,91.43,91.70,92.66,94.08,95.68,95.48,95.51,95.78,95.52,96.00,89.02,89.54,90.27,87.21,88.59,88.35,88.98
used_swap(MB): min(65.35) max(96.0) average(86.08)
{'16320'} com.tianci.movieplatform(MB): 64.50,69.08,67.21,66.45,63.46,62.27,60.83,57.74,64.77,65.33,61.65,48.05,61.40,65.39,64.75,63.55,63.33,62.99,65.07,64.73,64.12,65.25,63.63,63.04,62.59,62.50,62.35,62.63,62.40,61.55,60.55,60.22,63.43,68.77,69.57,69.61
{'16320'} com.tianci.movieplatform(MB): min(48.05) max(69.61) average(63.47)
{'15834'} com.ccos.tv.homepage(MB): 55.10,48.39,47.16,47.10,46.12,44.80,43.78,41.94,41.77,41.41,38.84,37.83,36.28,36.23,36.23,36.33,36.82,36.67,36.63,35.73,35.54,35.22,34.35,33.90,33.13,33.05,32.41,32.15,31.81,31.72,31.09,30.87,30.52,30.33,28.94,28.99
{'15834'} com.ccos.tv.homepage(MB): min(28.94) max(55.1) average(37.2)
{'15637'} system(MB): 16.33,15.16,15.34,15.11,14.92,15.16,13.34,14.02,14.34,14.40,13.66,13.55,13.37,13.46,13.53,13.99,13.72,13.80,13.84,13.83,13.90,13.98,13.94,13.68,13.95,14.01,13.87,13.92,13.52,12.98,13.16,13.34,14.12,13.62,13.87,15.03
{'15637'} system(MB): min(12.98) max(16.33) average(14.05)
{'23446', '24990', '21873'} com.tianci.user(MB): 11.78,9.93,9.75,12.58,20.45,19.51
{'23446', '24990', '21873'} com.tianci.user(MB): min(9.75) max(20.45) average(14.0)
{'15820'} com.tianci.system(MB): 10.78,10.66,10.71,10.74,11.02,10.66,9.84,9.79,9.79,10.66,10.40,9.55,10.24,10.12,10.09,10.33,10.30,10.22,10.21,9.93,9.87,9.85,10.57,11.89,11.66,12.34,12.19,12.27,10.58,10.28,10.25,11.18,10.93,10.78,10.86,10.39
{'15820'} com.tianci.system(MB): min(9.55) max(12.34) average(10.61)
{'21200'} com.tianci.movieplatform:daemon(MB): 10.32,9.82,9.57,9.62,9.68,9.53,9.25,8.65,8.52,8.29,8.33,8.21,7.72,7.72,7.72,7.78,8.20,8.20,8.19,8.01,8.01,7.95,7.92,7.86,7.90,7.90,7.89,8.10,8.00,7.97,7.94,7.96,8.03,7.98,7.97,7.90
{'21200'} com.tianci.movieplatform:daemon(MB): min(7.72) max(10.32) average(8.35)
{'16236'} com.coocaa.os.ccosservice(MB): 10.09,10.07,9.66,9.63,9.40,9.35,9.29,8.59,8.29,8.27,8.06,7.31,8.68,8.53,8.48,8.48,8.46,8.46,8.42,8.49,8.44,8.40,8.37,8.36,8.15,8.07,7.99,7.98,8.25,8.19,7.90,7.82,7.99,7.88,7.79,7.79
{'16236'} com.coocaa.os.ccosservice(MB): min(7.31) max(10.09) average(8.48)
{'16137'} com.tianci.de(MB): 9.92,9.90,9.93,9.72,9.41,9.37,8.76,8.58,8.53,8.52,8.35,8.27,9.17,9.28,9.20,9.16,9.14,9.14,9.12,9.12,9.12,9.00,8.60,8.59,8.60,9.20,9.33,9.32,9.26,9.19,9.11,9.05,9.02,8.99,8.98,8.96
{'16137'} com.tianci.de(MB): min(8.27) max(9.93) average(9.08)
{'17857'} com.coocaa.sysreport(MB): 7.64,7.55,7.46,7.46,7.45,7.19,7.16,6.97,6.93,6.94,6.82,7.33,6.77,6.72,7.54,7.49,7.48,7.48,7.47,7.47,7.46,7.43,7.19,7.12,7.06,7.04,7.03,7.02,7.00,6.98,6.91,6.90,6.90,7.27,7.23,7.23
{'17857'} com.coocaa.sysreport(MB): min(6.72) max(7.64) average(7.2)
{'15246'} mediaserver(MB): 7.35,8.12,8.21,8.21,8.21,8.20,7.37,7.07,7.65,8.59,8.26,7.48,11.53,8.38,8.38,8.38,8.38,8.39,8.39,8.39,8.40,8.40,8.28,8.28,8.23,8.24,8.24,8.23,7.65,7.62,7.61,7.31,10.42,9.06,9.07,9.09
{'15246'} mediaserver(MB): min(7.07) max(11.53) average(8.31)
{'15973'} com.tianci.push(MB): 7.30,7.11,7.05,7.05,6.92,6.88,6.82,5.83,5.78,5.77,5.61,5.56,5.45,5.44,5.44,5.44,5.44,5.44,6.80,7.27,7.25,7.23,7.20,6.71,7.57,7.51,7.49,7.48,7.42,7.42,7.30,7.25,7.25,7.19,7.18,7.16
{'15973'} com.tianci.push(MB): min(5.44) max(7.57) average(6.69)
{'16039'} com.coocaa.os.softsettings.provider(MB): 6.09,5.87,5.57,5.54,5.36,5.34,5.31,5.19,5.17,5.17,4.41,4.41,4.27,4.27,5.41,5.38,5.36,5.36,5.35,5.34,5.34,5.34,4.96,4.92,4.92,4.91,4.82,4.80,4.77,4.76,4.74,4.74,4.73,4.71,4.96,4.94
{'16039'} com.coocaa.os.softsettings.provider(MB): min(4.27) max(6.09) average(5.07)
{'16450'} com.tianci.ad(MB): 5.95,5.92,5.95,5.95,5.94,5.94,5.88,5.75,5.74,3.89,1.64,1.53,1.39,1.39,1.39,1.39,1.39,1.39,1.39,1.39,1.39,1.39,1.39,1.33,1.33,1.33,1.33,1.33,1.33,9.70,9.77,9.74,9.73,9.30,9.28,9.26
{'16450'} com.tianci.ad(MB): min(1.33) max(9.77) average(4.17)
{'15811'} com.dunn.instrument(MB): 3.02,2.99,3.02,3.05,3.03,3.01,2.91,3.12,2.97,3.06,2.91,2.75,2.58,2.89,2.88,2.87,2.86,2.86,2.86,2.85,2.85,2.85,2.81,2.49,2.48,2.48,2.48,2.48,2.27,2.25,2.60,2.49,2.41,2.42,2.42,2.38
{'15811'} com.dunn.instrument(MB): min(2.25) max(3.12) average(2.74)
{'1116'} TvServer(MB): 1.24,1.22,1.27,1.27,1.27,1.27,0.72,0.82,0.82,1.27,1.24,0.71,0.71,0.71,0.71,0.71,0.71,0.71,0.71,0.71,0.71,0.71,0.71,0.71,0.71,0.71,0.71,0.71,0.71,0.70,0.70,0.69,0.80,1.14,1.28,1.27
{'1116'} TvServer(MB): min(0.69) max(1.28) average(0.88)
{'15793'} logcat(MB): 1.18,1.18,1.18,1.18,1.18,1.17,1.00,1.00,0.97,0.97,0.96,0.80,0.80,0.80,0.80,0.80,0.80,0.80,0.80,0.80,0.80,0.80,0.80,0.78,0.78,0.78,0.76,0.76,0.76,0.74,0.74,0.73,0.73,0.82,0.82,0.81
{'15793'} logcat(MB): min(0.73) max(1.18) average(0.88)
{'15244'} zygote(MB): 1.14,1.14,1.21,1.20,1.20,1.20,0.94,0.94,0.94,0.94,0.95,0.93,0.77,0.77,0.77,0.77,0.77,0.77,0.77,0.77,0.77,0.77,0.77,0.77,0.77,0.77,0.76,0.76,0.76,0.76,0.76,0.76,1.16,1.24,1.26,1.13
{'15244'} zygote(MB): min(0.76) max(1.26) average(0.91)
{'741'} surfaceflinger(MB): 0.95,0.95,0.96,0.96,0.96,0.96,0.94,0.95,1.20,0.97,0.95,0.93,1.01,1.01,1.01,1.01,1.00,1.00,1.00,1.01,1.00,1.00,1.00,1.01,1.00,1.01,1.00,1.00,1.00,1.00,1.00,1.00,1.00,1.01,1.01,1.01
{'741'} surfaceflinger(MB): min(0.93) max(1.2) average(0.99)
{'15968'} app_process(MB): 0.48,0.48,0.49,0.49,0.49,0.49,0.42,0.41,0.41,0.42,0.41,0.40,0.31,0.34,0.34,0.34,0.34,0.34,0.34,0.34,0.34,0.34,0.34,0.34,0.34,0.34,0.34,0.34,0.33,0.33,0.33,0.33,0.33,0.33,0.33,0.33
{'15968'} app_process(MB): min(0.31) max(0.49) average(0.37)
{'15706'} wpa_supplicant(MB): 0.39,0.39,0.39,0.39,0.39,0.39,0.37,0.35,0.38,0.38,0.16,0.14,0.11,0.13,0.14,0.38,0.38,0.38,0.38,0.38,0.38,0.38,0.38,0.37,0.37,0.37,0.37,0.37,0.22,0.22,0.28,0.37,0.37,0.37,0.37,0.37
{'15706'} wpa_supplicant(MB): min(0.11) max(0.39) average(0.33)
{'754'} sdcard(MB): 0.37,0.37,0.37,0.37,0.37,0.37,0.37,0.37,0.37,0.37,0.37,0.36,0.17,0.17,0.17,0.17,0.17,0.17,0.17,0.17,0.17,0.17,0.15,0.15,0.15,0.15,0.15,0.15,0.15,0.15,0.15,0.13,0.13,0.13,0.13,0.13
{'754'} sdcard(MB): min(0.13) max(0.37) average(0.23)
{'24038', '23048', '23276', '24545', '23150', '24272', '25071', '24144', '24406', '24780', '22927', '24672', '22670', '24904', '23544', '23771', '23916', '23465'} dumpsys(MB): 0.29,0.00,0.27,0.00,0.27,0.00,0.27,0.00,0.27,0.00,0.26,0.26,0.42,0.00,0.42,0.00,0.42,0.00,0.34,0.00,0.28,0.00,0.42,0.00,0.42,0.00,0.42,0.00,0.42,0.00,0.41,0.00,0.26,0.00
{'24038', '23048', '23276', '24545', '23150', '24272', '25071', '24144', '24406', '24780', '22927', '24672', '22670', '24904', '23544', '23771', '23916', '23465'} dumpsys(MB): min(0.0) max(0.42) average(0.18)
{'15245'} netd(MB): 0.24,0.24,0.24,0.24,0.24,0.24,0.22,0.22,0.25,0.24,0.24,0.23,0.23,0.23,0.23,0.24,0.24,0.24,0.24,0.24,0.24,0.26,0.26,0.26,0.26,0.26,0.26,0.26,0.26,0.25,0.20,0.23,0.26,0.26,0.26,0.25
{'15245'} netd(MB): min(0.2) max(0.26) average(0.24)
{'1'} /init(MB): 0.22,0.22,0.22,0.22,0.22,0.22,0.22,0.22,0.22,0.22,0.22,0.22,0.22,0.22,0.22,0.22,0.22,0.22,0.22,0.22,0.22,0.22,0.22,0.22,0.22,0.22,0.22,0.22,0.22,0.22,0.22,0.17,0.22,0.22,0.22,0.22
{'1'} /init(MB): min(0.17) max(0.22) average(0.22)
{'1411'} adbd(MB): 0.19,0.20,0.20,0.20,0.20,0.20,0.20,0.20,0.20,0.20,0.20,0.20,0.20,0.20,0.20,0.20,0.20,0.20,0.20,0.20,0.20,0.20,0.20,0.20,0.20,0.20,0.20,0.20,0.20,0.20,0.20,0.20,0.20,0.20,0.20,0.20
{'1411'} adbd(MB): min(0.19) max(0.2) average(0.2)
{'512'} ueventd(MB): 0.15,0.15,0.15,0.15,0.15,0.15,0.15,0.15,0.15,0.08,0.07,0.07,0.07,0.07,0.07,0.07,0.07,0.07,0.07,0.07,0.07,0.07,0.07,0.07,0.07,0.07,0.07,0.07,0.07,0.07,0.07,0.07,0.07,0.07,0.07,0.07
{'512'} ueventd(MB): min(0.07) max(0.15) average(0.09)
{'748'} keystore(MB): 0.14,0.13,0.13,0.13,0.13,0.13,0.13,0.13,0.13,0.13,0.01,0.01,0.01,0.01,0.01,0.01,0.01,0.01,0.01,0.01,0.01,0.01,0.01,0.01,0.01,0.01,0.01,0.01,0.01,0.01,0.01,0.01,0.01,0.01,0.01,0.01
{'748'} keystore(MB): min(0.01) max(0.14) average(0.04)
{'732'} healthd(MB): 0.11,0.11,0.11,0.11,0.11,0.11,0.11,0.11,0.11,0.11,0.11,0.11,0.11,0.11,0.11,0.11,0.11,0.11,0.11,0.11,0.11,0.11,0.11,0.11,0.11,0.11,0.11,0.11,0.11,0.11,0.11,0.11,0.11,0.11,0.11,0.11
{'732'} healthd(MB): min(0.11) max(0.11) average(0.11)
{'735'} vold(MB): 0.08,0.08,0.09,0.09,0.09,0.09,0.08,0.08,0.08,0.07,0.07,0.07,0.07,0.07,0.07,0.07,0.07,0.07,0.06,0.07,0.07,0.07,0.07,0.07,0.07,0.06,0.07,0.07,0.07,0.07,0.07,0.07,0.06,0.06,0.06,0.06
{'735'} vold(MB): min(0.06) max(0.09) average(0.07)
{'749'} FileDesc_server(MB): 0.08,0.08,0.08,0.08,0.08,0.08,0.08,0.08,0.08,0.08,0.08,0.08,0.08,0.08,0.08,0.08,0.08,0.08,0.08,0.08,0.08,0.08,0.08,0.08,0.08,0.08,0.08,0.08,0.08,0.08,0.08,0.08,0.08,0.08,0.08,0.08
{'749'} FileDesc_server(MB): min(0.08) max(0.08) average(0.08)
{'751'} coocaa_guard(MB): 0.06,0.06,0.06,0.06,0.06,0.06,0.06,0.06,0.06,0.06,0.06,0.06,0.06,0.06,0.06,0.06,0.06,0.06,0.06,0.06,0.06,0.06,0.06,0.06,0.06,0.06,0.06,0.06,0.06,0.06,0.06,0.06,0.06,0.06,0.06,0.06
{'751'} coocaa_guard(MB): min(0.06) max(0.06) average(0.06)
{'736'} hardwared(MB): 0.06,0.06,0.06,0.06,0.06,0.06,0.06,0.06,0.06,0.00,0.00,0.00,0.00,0.00,0.00,0.00,0.00,0.00,0.00,0.00,0.00,0.00,0.00,0.00,0.00,0.00,0.00,0.00,0.00,0.00,0.00,0.00,0.00,0.00,0.00,0.00
{'736'} hardwared(MB): min(0.0) max(0.06) average(0.02)
{'734'} servicemanager(MB): 0.05,0.05,0.05,0.05,0.05,0.05,0.05,0.05,0.05,0.05,0.05,0.05,0.05,0.05,0.05,0.05,0.05,0.05,0.05,0.05,0.05,0.05,0.05,0.05,0.05,0.05,0.05,0.05,0.05,0.05,0.05,0.05,0.05,0.05,0.05,0.05
{'734'} servicemanager(MB): min(0.05) max(0.05) average(0.05)
{'1088'} RootApp(MB): 0.05,0.05,0.05,0.05,0.05,0.05,0.05,0.05,0.05,0.05,0.05,0.05,0.05,0.05,0.05,0.05,0.05,0.05,0.05,0.05,0.05,0.05,0.05,0.05,0.05,0.05,0.05,0.05,0.05,0.05,0.05,0.05,0.05,0.05,0.05,0.05
{'1088'} RootApp(MB): min(0.05) max(0.05) average(0.05)
{'1048'} logwrapper(MB): 0.04,0.04,0.04,0.04,0.04,0.04,0.03,0.04,0.04,0.04,0.04,0.03,0.03,0.03,0.03,0.03,0.03,0.03,0.03,0.03,0.03,0.03,0.03,0.03,0.03,0.03,0.03,0.03,0.03,0.03,0.02,0.02,0.04,0.04,0.04,0.04
{'1048'} logwrapper(MB): min(0.02) max(0.04) average(0.03)
{'24153', '24914', '1626'} busybox(MB): 0.04,0.04,0.04,0.04,0.04,0.04,0.04,0.04,0.04,0.04,0.04,0.02,0.02,0.04,0.04,0.04,0.04,0.04,0.04,0.04,0.00,0.04,0.00,0.04,0.04,0.04,0.04,0.04,0.04,0.04,0.04,0.04,0.04,0.04,0.00,0.04,0.00,0.04,0.04,0.04
{'24153', '24914', '1626'} busybox(MB): min(0.0) max(0.04) average(0.04)
{'738'} keypad(MB): 0.02,0.02,0.02,0.02,0.02,0.02,0.02,0.02,0.02,0.02,0.02,0.02,0.02,0.02,0.02,0.02,0.02,0.02,0.02,0.02,0.02,0.02,0.02,0.02,0.02,0.02,0.02,0.02,0.02,0.02,0.02,0.02,0.02,0.02,0.02,0.02
{'738'} keypad(MB): min(0.02) max(0.02) average(0.02)
{'1230'} VirtualEvent(MB): 0.02,0.02,0.02,0.02,0.02,0.02,0.02,0.02,0.02,0.02,0.02,0.02,0.02,0.02,0.02,0.02,0.02,0.02,0.02,0.02,0.02,0.02,0.02,0.02,0.02,0.02,0.02,0.02,0.02,0.02,0.02,0.02,0.02,0.02,0.02,0.02
{'1230'} VirtualEvent(MB): min(0.02) max(0.02) average(0.02)
{'1247'} smobsd(MB): 0.02,0.02,0.02,0.02,0.02,0.02,0.02,0.02,0.02,0.00,0.00,0.00,0.00,0.00,0.00,0.00,0.00,0.00,0.00,0.00,0.00,0.00,0.00,0.00,0.00,0.00,0.00,0.00,0.00,0.00,0.00,0.00,0.00,0.00,0.00,0.00
{'1247'} smobsd(MB): min(0.0) max(0.02) average(0.01)
{'23166', '24557', '15896', '23167', '23168', '23623', '24559', '733', '23164'} sh(MB): 0.02,0.01,0.02,0.01,0.02,0.01,0.02,0.01,0.02,0.01,0.02,0.01,0.01,0.00,0.00,0.00,0.00,0.00,0.01,0.00,0.00,0.00,0.00,0.00,0.01,0.00,0.01,0.00,0.01,0.00,0.01,0.00,0.00,0.00,0.00,0.00,0.00,0.00,0.00,0.00,0.00,0.00,0.00,0.00,0.00,0.00,0.00,0.00,0.00,0.00,0.00,0.00,0.00,0.00,0.00,0.00,0.00,0.00,0.00,0.00,0.00,0.00,0.00,0.00,0.00,0.00,0.00,0.00,0.00,0.00,0.00,0.00,0.00,0.00,0.00,0.00,0.00,0.00,0.00,0.00,0.00,0.00,0.00,0.00,0.00
{'23166', '24557', '15896', '23167', '23168', '23623', '24559', '733', '23164'} sh(MB): min(0.0) max(0.02) average(0.0)
{'744'} drmserver(MB): 0.01,0.01,0.01,0.01,0.01,0.01,0.01,0.01,0.01,0.01,0.01,0.01,0.01,0.01,0.01,0.01,0.01,0.01,0.01,0.01,0.01,0.01,0.01,0.01,0.01,0.01,0.01,0.01,0.01,0.01,0.01,0.01,0.01,0.01,0.01,0.01
{'744'} drmserver(MB): min(0.01) max(0.01) average(0.01)
{'15708'} dhcpcd(MB): 0.01,0.01,0.01,0.01,0.01,0.01,0.01,0.01,0.01,0.01,0.01,0.01,0.00,0.00,0.00,0.00,0.00,0.00,0.00,0.00,0.00,0.00,0.00,0.00,0.00,0.00,0.00,0.00,0.00,0.00,0.00,0.00,0.00,0.00,0.00,0.00
{'15708'} dhcpcd(MB): min(0.0) max(0.01) average(0.0)
{'740'} debuggerd(MB): 0.00,0.00,0.00,0.00,0.00,0.00,0.00,0.00,0.00,0.00,0.00,0.00,0.00,0.00,0.00,0.00,0.00,0.00,0.00,0.00,0.00,0.00,0.00,0.00,0.00,0.00,0.00,0.00,0.00,0.00,0.00,0.00,0.00,0.00,0.00,0.00
{'740'} debuggerd(MB): min(0.0) max(0.0) average(0.0)
{'747'} installd(MB): 0.00,0.00,0.00,0.00,0.00,0.00,0.00,0.00,0.00,0.00,0.00,0.00,0.00,0.00,0.00,0.00,0.00,0.00,0.00,0.00,0.00,0.00,0.00,0.00,0.00,0.00,0.00,0.00,0.00,0.00,0.00,0.00,0.00,0.00,0.00,0.00
{'747'} installd(MB): min(0.0) max(0.0) average(0.0)
{'23625'} ps(MB): 0.00
{'23625'} ps(MB): min(0.0) max(0.0) average(0.0)
{'23627', '24560'} grep(MB): 0.00,0.00,0.00
{'23627', '24560'} grep(MB): min(0.0) max(0.0) average(0.0)
{'23628'} awk(MB): 0.00
{'23628'} awk(MB): min(0.0) max(0.0) average(0.0)
