usr: 44,58,50,40,24,15,12,32,9,10,49,10,28,14,46,40,43,20,57,28,30,45,16,39,38,25,20,27,12,19,20,60,17,44,37,24,14,33,34,25,11,19,15,47,25,26,25,12,48,16,44,15,29,21,16,28,19,30,25,26,40,68,33,42,26,18,30,51
usr: min(9.0) max(68.0) average(29.6)
sys: 25,31,23,38,22,22,35,44,26,34,37,48,26,37,42,35,36,48,32,32,60,44,39,41,28,25,24,29,20,31,37,22,19,38,29,32,18,27,16,38,16,26,32,33,25,26,30,18,39,21,35,22,33,33,25,15,21,30,23,35,26,13,50,45,19,27,28,44
sys: min(13.0) max(60.0) average(30.59)
nic: 0,5,0,0,0,0,0,0,0,0,0,0,0,0,0,0,0,0,0,0,0,0,0,1,0,0,0,0,0,0,0,0,0,0,0,0,0,0,0,0,0,0,0,0,0,0,0,0,0,0,0,0,0,0,0,0,0,0,0,1,0,0,0,1,0,0,0,0
nic: min(0.0) max(5.0) average(0.12)
idle: 29,1,21,18,53,62,48,15,63,55,11,36,45,16,5,20,15,2,10,34,0,4,5,3,21,45,50,39,67,48,35,16,58,14,27,44,68,37,48,25,71,54,52,14,45,42,43,68,10,61,11,61,33,45,58,53,59,39,41,22,32,18,0,0,38,53,37,1
idle: min(0.0) max(71.0) average(33.44)
io: 0,1,0,1,0,0,3,5,0,0,0,0,0,30,3,0,2,26,0,4,6,5,37,3,3,0,4,0,0,0,3,0,0,0,1,0,0,0,0,5,0,0,0,2,0,0,0,0,0,0,1,0,4,0,0,0,0,0,1,13,2,0,16,0,15,0,0,0
io: min(0.0) max(37.0) average(2.88)
irq: 0,0,0,0,0,0,0,0,0,0,0,0,0,0,0,0,0,0,0,0,0,0,0,0,0,0,0,0,0,0,0,0,0,0,0,0,0,0,0,0,0,0,0,0,0,0,0,0,0,0,0,0,0,0,0,0,0,0,0,0,0,0,0,0,0,0,0,0
irq: min(0.0) max(0.0) average(0.0)
sirq: 0,1,4,0,0,0,0,1,0,0,1,4,0,1,1,3,2,2,0,2,3,0,0,9,8,4,2,3,0,0,1,2,4,2,3,0,0,1,0,3,0,0,0,2,5,4,0,0,1,0,7,0,0,0,0,2,0,0,7,0,0,0,0,9,0,0,3,1
sirq: min(0.0) max(9.0) average(1.59)
{'16320'} com.tianci.movieplatform: 30,33,37,11,2,0,4,2,4,4,16,2,2,2,30,44,19,8,27,4,14,31,0,28,5,5,4,2,4,5,4,16,8,6,23,4,4,4,20,7,2,2,5,8,2,2,4,2,5,5,24,4,6,6,4,7,2,6,16,4,30,2,10,16,2,2,7,19
{'16320'} com.tianci.movieplatform: min(0.0) max(44.0) average(9.99)
{'15637'} system_server: 26,16,7,22,0,20,6,19,0,0,32,0,23,0,20,4,30,8,31,0,21,1,9,21,2,20,0,22,0,21,4,26,0,19,0,24,0,22,2,20,0,19,0,2,24,0,20,0,29,0,21,0,25,20,0,18,0,21,0,23,8,23,6,11,0,9,20,6
{'15637'} system_server: min(0.0) max(32.0) average(11.81)
{'1116'} 2706432000TvServer: 4,4,3,2,10,3,4,4,4,4,3,4,2,2,4,2,2,4,4,4,3,1,0,3,4,2,4,2,0,2,4,6,6,6,2,4,0,4,2,2,4,3,2,2,2,4,4,4,2,4,4,4,2,2,4,3,2,2,4,2,2,8,2,2,4
{'1116'} 2706432000TvServer: min(0.0) max(10.0) average(3.2)
{'23063', '24844', '23314', '24267', '24914', '25212', '23376', '23889', '24783', '22725', '25310', '24099', '25276', '23923', '23735', '22844', '24955', '25243', '23811', '22673', '22935', '23590', '24077', '24613', '23460', '23992', '24193', '23955', '25004', '24343', '25057', '23486', '24306', '22968', '24733', '25130', '24408', '23412', '24231', '24814', '22793', '24021', '23270', '22902', '23221', '24530', '24879', '24367', '24550', '23542', '23775', '23093', '24043', '23003', '23154', '24686', '24657', '24494', '23842', '23191', '23121', '24447', '24579', '23683', '24760', '23038'} 1-ntopbusybox: 4,1,2,2,2,2,2,4,2,4,2,2,4,4,4,4,2,4,4,4,5,6,2,3,5,3,4,6,2,4,4,4,2,4,4,4,2,6,4,2,3,6,4,4,2,2,4,4,3,2,2,4,5,3,2,4,4,2,2,2,4,3,6,2,5,2
{'23063', '24844', '23314', '24267', '24914', '25212', '23376', '23889', '24783', '22725', '25310', '24099', '25276', '23923', '23735', '22844', '24955', '25243', '23811', '22673', '22935', '23590', '24077', '24613', '23460', '23992', '24193', '23955', '25004', '24343', '25057', '23486', '24306', '22968', '24733', '25130', '24408', '23412', '24231', '24814', '22793', '24021', '23270', '22902', '23221', '24530', '24879', '24367', '24550', '23542', '23775', '23093', '24043', '23003', '23154', '24686', '24657', '24494', '23842', '23191', '23121', '24447', '24579', '23683', '24760', '23038'} 1-ntopbusybox: min(1.0) max(6.0) average(3.35)
{'457'} [mmcqd/0]: 4,3,5,9,6,10,4,4,2,18,11,6,6,16,4,8,12,10,17,10,2,2,6,6,7,12,2,2,1,6,2,17,6,15,7,6
{'457'} [mmcqd/0]: min(1.0) max(18.0) average(7.33)
{'1411'} /sbin/adbd: 2,1,3,2,2,4,2,4,2,4,5,6,2,2,2,2,2,2,4,2,2,4,2,2,2,2
{'1411'} /sbin/adbd: min(1.0) max(6.0) average(2.65)
{'15834'} com.ccos.tv.homepage: 0,0,0,0,0,0,0,0,0,0,0,0,0,0,0,0,0,0,0,0,0,0,0,0,0,0,0,0,0,2,2,0,0,0,0,0,0,0,0,0,0,0,0,0,0,0,0,0,0,0,0,0,0,0,0,0,0,0,0,0,0,0,0,0,0,2,0,0
{'15834'} com.ccos.tv.homepage: min(0.0) max(2.0) average(0.09)
{'16137'} com.tianci.de: 0,1,3,4,4,3,0,4,2,2,5,2,4,5,2,2,2,4,4,4,5,4,4,5,11,3,6,4,6,2,6,8,6,4,4,2,2,6,4,4,2,2,3,4,11,6,4,4,5,4,7,0,2,0,4,3,4,2,2,2,0,4,2,7,2,4,4,6
{'16137'} com.tianci.de: min(0.0) max(11.0) average(3.72)
{'15820'} com.tianci.system: 0,0,2,0,0,0,0,12,0,0,0,0,0,0,0,0,4,2,0,0,0,0,0,0,0,0,2,2,0,0,2,0,0,0,0,0,0,0,0,0,0,2,0,0,0,0,0,0,16,2,0,0,0,0,2,0,0,0,0,0,0,0,0,0,0,2,2,0
{'15820'} com.tianci.system: min(0.0) max(16.0) average(0.76)
{'21200'} com.tianci.movieplatform:daemon: 0,0,0,0,0,0,0,0,0,0,0,0,0,0,0,0,0,0,0,0,0,0,0,0,0,0,0,0,0,0,0,0,0,0,0,0,0,0,0,0,0,0,0,0,0,6,0,0,0,0,0,0,0,0,0,0,0,0,0,0,0,0,0,0,0,0,0,0
{'21200'} com.tianci.movieplatform:daemon: min(0.0) max(6.0) average(0.09)
{'24990', '21873', '23446'} com.tianci.user: 0,0,0,0,0,16,6,12,10,13,0,0,0
{'24990', '21873', '23446'} com.tianci.user: min(0.0) max(16.0) average(4.38)
{'16236'} com.coocaa.os.ccosservice: 0,0,0,0,0,0,0,0,0,0,0,0,0,0,0,0,0,0,0,0,0,0,0,0,0,0,0,0,0,0,0,0,0,0,0,0,0,0,0,0,0,0,0,0,0,0,0,0,0,0,0,0,2,0,0,0,0,0,0,0,0,0,0,0,0,0,0,0
{'16236'} com.coocaa.os.ccosservice: min(0.0) max(2.0) average(0.03)
{'16450'} com.tianci.ad: 0,0,0,0,0,0,0,0,0,0,0,0,0,0,0,0,0,0,0,0,0,0,0,0,0,0,0,0,0,0,0,0,0,0,0,0,0,0,0,0,0,0,0,0,0,0,0,0,0,0,0,0,0,0,0,0,0,0,0,0,0,0,0,0,0,0,0,0
{'16450'} com.tianci.ad: min(0.0) max(0.0) average(0.0)
{'15973'} com.tianci.push: 0,0,0,0,0,0,0,0,0,0,0,0,0,0,0,0,0,0,0,0,0,0,0,0,0,0,0,0,0,0,0,0,0,2,0,0,0,0,0,0,0,0,0,0,0,0,0,0,0,0,0,0,0,0,0,0,0,0,0,0,0,0,0,0,0,0,0
{'15973'} com.tianci.push: min(0.0) max(2.0) average(0.03)
{'17857'} com.coocaa.sysreport: 0,13,0,0,0,0,0,0,0,3,0,0,0,0,0,0,2,0,0,3,0,2,0,0,0,0,0,0,0,0,0,0,0,0,0,0,0,0,0,0,0,0,0,0,0,0,0,0,0,0,0,0,0,0,0,0,0,0,0,0,0,0,0,0
{'17857'} com.coocaa.sysreport: min(0.0) max(13.0) average(0.36)
{'16039'} com.coocaa.os.softsettings.provide: 0,0,0,0,0,0,0,0,0,0,0,0,0,0,0,0,0,0,0,0,0,0,0,2,0,0,0,0,0,0,0,0,0,0,0,0,0,0,0,0,0,0,0,0,0,0,0,0,0,0,0,0,0,0,0,0,0,0,0,0,0,0
{'16039'} com.coocaa.os.softsettings.provide: min(0.0) max(2.0) average(0.03)
{'15811'} com.dunn.instrument: 0,0,0,0,0,0,0,0,0,4,0,0,0,0,0,0,0,0,0,0,0,0,0,0,0,0,0,0,0,0,0,0,0,0,0,0,0,0,0,0,0,0,0,0,0,0,0,0,0,0,0,0,0,0,0,0,0,0
{'15811'} com.dunn.instrument: min(0.0) max(4.0) average(0.07)
{'15968'} com.dunn.i/system/binapp_process: 0,0,0,0,0,0,0,0,0,0,0,0,0,0,0,0,0,0,0,0,0,0,0,0,0,0,0,0,0,0,0,0,0,0,0,0,0,0,0,0,0,0,0,0,0,0,0,0,0,0
{'15968'} com.dunn.i/system/binapp_process: min(0.0) max(0.0) average(0.0)
{'15244'} /-Xzygote/bin/app_processzygote: 0,0,0,0,0,0,0,0,0,0,0,0,0,0,0,0,0,0,0,0,0,0,0,0,0,0,0,0,0,0,0,0,0,0,0,0,0
{'15244'} /-Xzygote/bin/app_processzygote: min(0.0) max(0.0) average(0.0)
{'741'} /system/bin/surfaceflinger: 0,10,7,4,3,2,6,4,4,8,8,4,0,7,4,9,2,4,6,8,9,0,3,5,7,4,2,2,5,6,4,8,10,6,2,4,4,4,4,2,3,3,6,4,2,4,4,7,4,4,4,6,2,5,3,4,6,5,0,0,0,2,6,2,7,10
{'741'} /system/bin/surfaceflinger: min(0.0) max(10.0) average(4.45)
{'10'} [rcu_preempt]: 1,2,2,2,2,2,2,2,2,2,2
{'10'} [rcu_preempt]: min(1.0) max(2.0) average(1.91)
{'738'} /system/bin/keypad: 2,2,2,2,2,2
{'738'} /system/bin/keypad: min(2.0) max(2.0) average(2.0)
{'15793'} long-vlogcat: 2,2,2,2,2,3,1,2,2,2,2,2,2,2,2,2
{'15793'} long-vlogcat: min(1.0) max(3.0) average(2.0)
{'734'} /system/bin/servicemanager: 2,2,2,2,2,2,2,2,2,2,2,2,2,2
{'734'} /system/bin/servicemanager: min(2.0) max(2.0) average(2.0)
{'31'} [kworker/2:1]: 2,2,2
{'31'} [kworker/2:1]: min(2.0) max(2.0) average(2.0)
{'13'} [ksoftirqd/1]: 2,2,2,2
{'13'} [ksoftirqd/1]: min(2.0) max(2.0) average(2.0)
{'15246'} /system/bin/mediaserver: 20,8,3,6,10,6,8,11,6,8,4,2,0,10,8,12,8,10,6,12,25,9,8,8,6,7,11,12,8,25,10,8,4,9,6,9,4,11,5,31,7,10,5,6,9,7,10,5,11,8,7,7,9,8,9,2,25,15,20,6,7,7,10
{'15246'} /system/bin/mediaserver: min(0.0) max(31.0) average(9.27)
{'754'} 1023-g1023-u/system/bin/sdcard: 2,2,2,2
{'754'} 1023-g1023-u/system/bin/sdcard: min(2.0) max(2.0) average(2.0)
{'749'} /system/bin/FileDesc_server: 2,2,2,2,2,2,2,2,1,2,2,2,2
{'749'} /system/bin/FileDesc_server: min(1.0) max(2.0) average(1.92)
{'32'} [kworker/3:1]: 2,2
{'32'} [kworker/3:1]: min(2.0) max(2.0) average(2.0)
{'1230'} VirtualEvent: 0,0,0,0,0,0,0,0,0,0,0,0,0,0,0,0,0,0,0
{'1230'} VirtualEvent: min(0.0) max(0.0) average(0.0)
{'1364'} [kworker/u:3]: 2,2,1
{'1364'} [kworker/u:3]: min(1.0) max(2.0) average(1.67)
{'17'} [ksoftirqd/2]: 2,2,2
{'17'} [ksoftirqd/2]: min(2.0) max(2.0) average(2.0)
{'286'} [kworker/u:2]: 2,2,2,2,2,2,2
{'286'} [kworker/u:2]: min(2.0) max(2.0) average(2.0)
{'10822'} [kworker/u:1]: 2,2,2,2,2,2
{'10822'} [kworker/u:1]: min(2.0) max(2.0) average(2.0)
{'2874'} [kworker/1:2]: 2,2
{'2874'} [kworker/1:2]: min(2.0) max(2.0) average(2.0)
{'4'} [ksoftirqd/0]: 2,2,2,2
{'4'} [ksoftirqd/0]: min(2.0) max(2.0) average(2.0)
{'759'} [flush-179:0]: 2
{'759'} [flush-179:0]: min(2.0) max(2.0) average(2.0)
{'22668'} [kworker/u:2H]: 1
{'22668'} [kworker/u:2H]: min(1.0) max(1.0) average(1.0)
{'744'} /system/bin/drmserver: 0,0,0,0,0,0,0
{'744'} /system/bin/drmserver: min(0.0) max(0.0) average(0.0)
{'1552'} [RTW_CMD_THREAD]: 2,2,2
{'1552'} [RTW_CMD_THREAD]: min(2.0) max(2.0) average(2.0)
{'24052'} [kworker/u:0]: 2,2,2,1,2,2,2
{'24052'} [kworker/u:0]: min(1.0) max(2.0) average(1.86)
{'15245'} /system/bin/netd: 0
{'15245'} /system/bin/netd: min(0.0) max(0.0) average(0.0)
{'15325'} [kworker/0:1]: 2,2
{'15325'} [kworker/0:1]: min(2.0) max(2.0) average(2.0)
{'24990'} <pre-initialized>: 23
{'24990'} <pre-initialized>: min(23.0) max(23.0) average(23.0)
{'1'} /init: 2
{'1'} /init: min(2.0) max(2.0) average(2.0)
{'25292'} com.coocaa.screensaver: 12
{'25292'} com.coocaa.screensaver: min(12.0) max(12.0) average(12.0)
{'349'} [kswapd0]: 4
{'349'} [kswapd0]: min(4.0) max(4.0) average(4.0)
