usr: 67,59,54,57,25,59,39,51,48,15,44,75,54,38,30,56,46,50,54,44,39,43,60,47,59,58,57,57,35,46,60,28,55,25,52,55,44,50,27,54,10,44,42,38,58,22,70,39,44,41,34,28,71,50,45,65,53,51,59,40,42,39,56,35,33,52,60,28,41,65,42,50,30
usr: min(10.0) max(75.0) average(46.48)
sys: 23,29,40,39,17,29,30,34,34,38,42,22,18,46,40,36,32,25,15,43,28,43,31,35,35,35,28,34,39,31,34,34,22,38,41,32,20,19,35,29,36,36,41,40,39,20,21,35,30,33,34,38,17,42,45,21,27,18,34,32,28,18,32,46,41,25,26,38,35,26,34,45,25
sys: min(15.0) max(46.0) average(31.96)
nic: 0,0,0,0,0,0,0,0,2,0,0,0,0,0,0,0,0,0,0,0,0,0,0,0,0,0,0,0,0,0,0,0,0,0,0,0,0,0,0,0,0,0,3,0,0,0,0,0,0,0,0,0,0,0,1,0,0,0,0,0,1,0,0,0,0,0,0,0,0,0,0,0,0
nic: min(0.0) max(3.0) average(0.1)
idle: 1,10,0,1,53,9,30,12,14,3,6,0,27,7,14,1,8,10,17,3,24,3,1,5,1,1,7,6,14,10,4,28,20,20,1,6,28,21,18,14,27,10,8,10,0,47,3,13,21,17,18,16,5,1,2,9,13,24,1,24,21,40,4,14,4,19,4,16,11,1,14,1,38
idle: min(0.0) max(53.0) average(12.52)
io: 0,0,0,0,0,2,0,2,2,42,6,0,0,2,14,0,12,11,8,6,5,5,0,7,0,1,0,2,10,10,0,6,0,14,0,0,2,0,11,2,22,6,0,6,0,0,0,11,1,3,8,18,0,0,2,3,3,2,1,0,5,0,2,1,20,1,4,8,11,0,2,1,1
io: min(0.0) max(42.0) average(4.44)
irq: 0,0,0,0,0,0,0,0,0,0,0,0,0,0,0,0,0,0,0,0,0,0,0,0,0,0,0,0,0,0,0,0,0,0,0,0,0,0,0,0,0,0,0,0,0,0,0,0,0,0,0,0,0,0,0,0,0,0,0,0,0,0,0,0,0,0,0,0,0,0,0,0,0
irq: min(0.0) max(0.0) average(0.0)
sirq: 7,0,4,1,3,0,0,0,0,0,0,1,0,4,2,5,0,1,4,1,1,3,6,3,3,1,5,0,0,0,0,4,2,0,4,5,4,7,7,0,3,2,3,4,2,8,4,0,1,3,6,0,5,5,2,0,1,4,3,1,0,1,6,1,0,0,3,8,0,6,6,0,3
sirq: min(0.0) max(8.0) average(2.45)
{'5845'} com.tianci.movieplatform: 49,36,55,54,21,61,28,39,38,11,30,54,27,30,24,42,49,30,45,33,36,38,56,29,63,43,32,32,17,45,32,24,34,22,36,43,29,31,24,36,0,34,29,37,30,21,48,31,35,37,20,27,27,37,45,25,41,36,56,34,42,29,38,37,15,41,34,31,22,36,36,40,33
{'5845'} com.tianci.movieplatform: min(0.0) max(63.0) average(34.82)
{'2044'} com.tianci.de: 11,3,5,4,2,2,6,4,2,2,2,5,4,6,2,7,0,4,6,3,4,4,7,4,6,6,2,4,2,4,3,8,4,2,9,5,2,2,4,2,3,2,10,2,12,4,2,2,2,4,2,4,7,2,4,2,3,5,7,0,6,3,6,4,4,4,2,6,2,8,2,4,4
{'2044'} com.tianci.de: min(0.0) max(12.0) average(4.08)
{'457'} [mmcqd/0]: 9,2,15,12,9,6,12,21,17,4,4,16,22,4,12,1,6,14,9,13,7,20,10,8,5,11,21,22,6,8,20,7,9,2,4,17,6,19,10,5,24,12,2,18,4,10,10,16,2,14,7,8,7,4,17,8,8,2,10,6,23,6,10,23,14,5,6,7,12
{'457'} [mmcqd/0]: min(1.0) max(24.0) average(10.43)
{'744'} /system/bin/surfaceflinger: 7,0,8,3,0,0,0,4,0,4,5,0,6,2,4,4,4,4,3,2,0,7,0,3,2,2,7,0,0,6,4,7,9,12,2,4,2,0,0,2,8,4,2,0,2,4,0,4,0,4,2,0,6,0,3,0,6,0,4,0,0,2,0,0,0,2,0,8,4,5,0
{'744'} /system/bin/surfaceflinger: min(0.0) max(12.0) average(2.8)
{'1349'} system_server: 5,20,0,12,0,0,21,2,22,0,23,1,16,16,2,13,0,26,0,17,0,25,2,25,2,22,19,9,23,0,22,2,22,0,14,1,22,23,4,24,0,10,29,2,24,0,15,0,19,6,26,2,21,18,1,21,0,20,1,23,4,5,22,2,25,2,21,2,23,21,6,21,0
{'1349'} system_server: min(0.0) max(29.0) average(11.63)
{'1072'} 2706104320TvServer: 5,2,3,1,0,2,2,0,0,2,4,2,3,2,1,0,4,2,2,2,3,2,2,2,3,2,0,0,3,2,4,0,2,2,0,2,0,2,0,2,2,0,2,0,0,2,0,2,2,2,4,0,2,2,0,0,0,0,2,2,2,2,0,2,0,3,2,2,2
{'1072'} 2706104320TvServer: min(0.0) max(5.0) average(1.61)
{'2877', '2300'} com.tianci.ad:adUpgrade: 4,0,5,0,0,0,0,0,0,0,0,0,0,0,0,0,0,0,0,0,0,0,0,0,0,0,0,0,0,0,0,0,0,0,0,0,0,0,0,0,0,0,0,0,0,0,0,0,0,0,0,0,0,0,0,0,1,0,0,0,0,0,0,0,0,0,0,0,0,0,0,0,0,0,0,0,0,0,0,0,0,0,0,0,0,0,0,0,0,0,0,0,0,0,0,0,0,0,0
{'2877', '2300'} com.tianci.ad:adUpgrade: min(0.0) max(5.0) average(0.1)
{'7048', '8555', '6798', '8486', '7261', '7309', '7933', '8652', '7190', '8852', '8878', '6667', '8252', '6964', '8057', '8909', '6713', '8445', '7854', '8933', '7487', '8384', '8585', '7527', '7823', '6872', '6836', '8624', '8722', '7800', '8187', '8356', '6908', '7345', '7603', '8118', '8518', '7226', '6595', '8144', '8781', '8418', '6692', '6934', '7433', '7014', '7680', '8281', '6553', '6984', '7162', '7715', '7634', '8212', '7403', '7131', '6739', '7073', '7380', '7563', '7105', '7981', '8328', '6643', '8813', '7883', '8747', '8085', '7767', '7461', '8025'} 1-ntopbusybox: 4,2,5,3,2,2,2,2,4,4,5,2,4,4,4,4,3,4,5,6,6,3,4,3,4,3,2,2,4,7,2,2,4,4,5,2,2,2,2,2,4,2,2,2,2,2,2,2,4,2,4,4,4,4,2,3,2,4,2,4,3,2,4,2,3,4,4,2,4,5,4
{'7048', '8555', '6798', '8486', '7261', '7309', '7933', '8652', '7190', '8852', '8878', '6667', '8252', '6964', '8057', '8909', '6713', '8445', '7854', '8933', '7487', '8384', '8585', '7527', '7823', '6872', '6836', '8624', '8722', '7800', '8187', '8356', '6908', '7345', '7603', '8118', '8518', '7226', '6595', '8144', '8781', '8418', '6692', '6934', '7433', '7014', '7680', '8281', '6553', '6984', '7162', '7715', '7634', '8212', '7403', '7131', '6739', '7073', '7380', '7563', '7105', '7981', '8328', '6643', '8813', '7883', '8747', '8085', '7767', '7461', '8025'} 1-ntopbusybox: min(2.0) max(7.0) average(3.24)
{'2286'} com.coocaa.sysreport: 2,2,0,0,0,5,0,10,4,0,2,14,15,1,2,9,2,3,4,3,9,2,7,2,3,8,20,13,8,2,16,4,0,0,3,11,4,0,0,6,0,16,2,0,2,0,3,2,4,4,4,5,21,12,7,0,3,4,0,3,2,0,10,6,2,10,15,2,6,10,6,7,2
{'2286'} com.coocaa.sysreport: min(0.0) max(21.0) average(5.01)
{'740'} /system/bin/keypad: 2,2,2,1,2,2,2
{'740'} /system/bin/keypad: min(1.0) max(2.0) average(1.86)
{'1613'} [RTW_CMD_THREAD]: 2,2,2,2,2,2,1,2,2,2
{'1613'} [RTW_CMD_THREAD]: min(1.0) max(2.0) average(1.9)
{'1735'} com.coocaa.os.ccosservice: 0,2,0,0,0,0,0,0,0,0,0,0,0,0,0,0,0,0,0,0,0,0,0,0,0,0,0,0,0,0,0,0,8,0,0,0,0,0,0,0,0,0,0,0,0,0,0,0,0,0,0,0,0,0,0,12,10,0,0,0,0,0,0,0,0,0,0,0,0,0,0,0,0
{'1735'} com.coocaa.os.ccosservice: min(0.0) max(12.0) average(0.44)
{'1583'} com.tianci.system: 0,0,2,0,0,0,0,0,0,0,0,1,2,0,0,0,0,0,2,0,0,0,2,0,0,0,0,0,0,2,0,2,0,2,0,1,0,0,0,2,0,0,3,2,8,0,2,0,2,0,0,2,2,4,1,6,2,0,3,2,0,0,0,2,0,0,2,0,0,2,2,0,2
{'1583'} com.tianci.system: min(0.0) max(8.0) average(0.92)
{'5270'} com.tianci.user: 0,0,0,0,0,0,0,0,0,0,0,0,0,0,0,0,0,0,0,0,0,0,0,0,0,0,0,0,0,0,0,0,0,0,0,0,0,0,0,0,0,0,0,0,0,0,0,0,0,0,0,0,0,0,0,0,0,0,0,0,0,0,0,0,0,0,0,0,0,0,0,0,0
{'5270'} com.tianci.user: min(0.0) max(0.0) average(0.0)
{'1889'} com.coocaa.os.softsettings.provide: 0,2,0,0,0,0,0,0,0,0,0,0,0,0,0,0,0,0,0,0,0,0,0,0,0,0,0,0,0,0,0,0,0,0,0,0,0,0,0,0,0,0,0,0,0,0,0,0,0,0,0,0,0,0,0,0,0,0,0,0,0,0,0,0,0,0,0,0,0,0,0,0,0
{'1889'} com.coocaa.os.softsettings.provide: min(0.0) max(2.0) average(0.03)
{'1773'} com.tianci.push: 0,0,0,0,0,0,0,0,0,0,0,0,0,0,0,0,0,0,0,0,0,0,5,0,0,2,0,0,0,0,0,0,0,0,0,0,0,0,0,0,0,0,0,0,0,0,0,0,0,0,0,0,0,0,0,0,0,0,0,0,0,0,0,0,0,0,0,0,0,0,0,0,0
{'1773'} com.tianci.push: min(0.0) max(5.0) average(0.1)
{'2163'} android.process.media: 0,0,0,0,0,0,0,0,0,0,0,0,0,0,0,0,0,0,0,0,0,0,0,0,0,0,0,0,0,0,0,0,0,0,0,0,0,0,0,0,0,0,0,0,0,0,0,0,0,0,0,0,0,0,0,0,0,0,0,0,0,0,0,0,0,0,0,0,0,0,0
{'2163'} android.process.media: min(0.0) max(0.0) average(0.0)
{'1574'} com.skyworth.android.skyRMService: 0,0,0,0,0,0,0,0,0,0,0,0,0,0,0,0,0,0,0,0,0,0,0,0,0,0,0,0,0,0,0,0,0,0,0,0,0,0,0,0,0,0,0,0,0,0,0,0,0,0,0,0,0,0,0,0,0,0,0,0,0,0,0,0,0,0,0,0,0
{'1574'} com.skyworth.android.skyRMService: min(0.0) max(0.0) average(0.0)
{'4670'} com.coocaa.messageprovider: 0,0,0,0,0,0,0,0,0,0,0,0,0,0,0,0,0,0,0,0,0,0,0,0,0,0,0,0,0,0,0,0,0,0,0,0,0,0,0,0,0,0,0,0,0,0,0,0,0,0,0,0,0,0,0,0,0,0,0,0,0,0,0,0,0,0,0,0
{'4670'} com.coocaa.messageprovider: min(0.0) max(0.0) average(0.0)
{'750'} /data/misc/ke/system/bin/keystore: 11
{'750'} /data/misc/ke/system/bin/keystore: min(11.0) max(11.0) average(11.0)
{'745'} /-Xzygote/bin/app_processzygote: 0,0,0,0,0,0,0,0,0,0,0,0,0,0,0,0,0,0,0,0,0,0,0,0,0,0,0,0,0,0,0,0,0,0,0,0,0,0,0,0,0,0,0,0,0,0,0,0,0,0,0,0,0,0,0,0,0,0,0,0,0
{'745'} /-Xzygote/bin/app_processzygote: min(0.0) max(0.0) average(0.0)
{'1436'} /sbin/adbd: 2,2,2,2,2,2,2,2,2,2,2,2,2
{'1436'} /sbin/adbd: min(2.0) max(2.0) average(2.0)
{'27'} [kworker/u:1]: 2,1,2,2
{'27'} [kworker/u:1]: min(1.0) max(2.0) average(1.75)
{'286'} [kworker/u:2]: 2,1,1,2,2,2
{'286'} [kworker/u:2]: min(1.0) max(2.0) average(1.67)
{'8'} [kworker/u:0H]: 2,2,1,2,2
{'8'} [kworker/u:0H]: min(1.0) max(2.0) average(1.8)
{'748'} /system/bin/mediaserver: 0,0,0,0,0,0,0,0,0,0,0,0,0,0,0,0,0,0,0,0,0,0,0,0,0,0,0,0,0,0,0,0,0,0,0,0,0
{'748'} /system/bin/mediaserver: min(0.0) max(0.0) average(0.0)
{'1177'} VirtualEvent: 0,0,0,0,0,0,0,0,0,0,0,0,0,0,0,0,0,0,0,0,0,0
{'1177'} VirtualEvent: min(0.0) max(0.0) average(0.0)
{'752'} /system/vendor/bin/coocaa_guard: 2
{'752'} /system/vendor/bin/coocaa_guard: min(2.0) max(2.0) average(2.0)
{'10'} [rcu_preempt]: 1,2,2,2,2,2,2,2
{'10'} [rcu_preempt]: min(1.0) max(2.0) average(1.88)
{'699'} [jbd2/mmcblk0p2-]: 1,1,2,2,2,2,1,1,2,2,2,2,2,2
{'699'} [jbd2/mmcblk0p2-]: min(1.0) max(2.0) average(1.71)
{'6206'} [kworker/u:1H]: 1,2
{'6206'} [kworker/u:1H]: min(1.0) max(2.0) average(1.5)
{'349'} [kswapd0]: 1
{'349'} [kswapd0]: min(1.0) max(1.0) average(1.0)
{'17'} [ksoftirqd/2]: 2,2
{'17'} [ksoftirqd/2]: min(2.0) max(2.0) average(2.0)
{'1612'} [kworker/2:2]: 2,2,2
{'1612'} [kworker/2:2]: min(2.0) max(2.0) average(2.0)
{'30'} [kworker/1:1]: 2,2
{'30'} [kworker/1:1]: min(2.0) max(2.0) average(2.0)
{'695'} [kworker/0:1H]: 2,1
{'695'} [kworker/0:1H]: min(1.0) max(2.0) average(1.5)
{'741'} /system/bin/netd: 2
{'741'} /system/bin/netd: min(2.0) max(2.0) average(2.0)
{'7'} [kworker/u:0]: 2,1,2
{'7'} [kworker/u:0]: min(1.0) max(2.0) average(1.67)
{'13'} [ksoftirqd/1]: 2
{'13'} [ksoftirqd/1]: min(2.0) max(2.0) average(2.0)
{'696'} [kworker/1:1H]: 2
{'696'} [kworker/1:1H]: min(2.0) max(2.0) average(2.0)
{'4'} [ksoftirqd/0]: 1,1,2
{'4'} [ksoftirqd/0]: min(1.0) max(2.0) average(1.33)
{'21'} [ksoftirqd/3]: 2,2
{'21'} [ksoftirqd/3]: min(2.0) max(2.0) average(2.0)
{'33'} [kworker/0:1]: 2
{'33'} [kworker/0:1]: min(2.0) max(2.0) average(2.0)
{'1501'} -ip2p0/system/bin/wpa_supplicant: 2,2
{'1501'} -ip2p0/system/bin/wpa_supplicant: min(2.0) max(2.0) average(2.0)
{'746'} /system/bin/drmserver: 0
{'746'} /system/bin/drmserver: min(0.0) max(0.0) average(0.0)
