total_ram(MB): 452.27,452.27,452.27,452.27,452.27,452.27,452.27,452.27,452.27,452.27,452.27,452.27,452.27,452.27,452.27,452.27,452.27,452.27,452.27,452.27,452.27,452.27,452.27,452.27,452.27,452.27,452.27,452.27,452.27,452.27,452.27,452.27,452.27,452.27,452.27,452.27,452.27,452.27,452.27,452.27
total_ram(MB): min(452.27) max(452.27) average(452.27)
free_ram(MB): 171.94,163.95,164.72,163.49,161.31,142.62,141.61,145.45,145.03,144.44,144.06,143.80,143.02,139.61,145.59,145.22,145.67,143.32,142.57,142.20,142.04,142.04,141.76,141.04,140.29,134.88,134.75,133.54,135.22,136.16,137.13,136.21,135.76,136.53,136.13,135.61,136.31,135.86,136.11,136.16
free_ram(MB): min(133.54) max(171.94) average(143.08)
used_ram(MB): 255.71,267.42,268.55,269.65,269.99,286.16,285.69,283.98,283.25,285.19,282.24,282.91,283.69,287.75,281.98,281.29,276.90,278.14,277.55,276.53,269.80,269.80,270.77,270.70,269.89,272.68,275.99,275.84,279.08,275.24,277.76,275.35,273.49,271.33,271.69,272.16,272.11,271.14,270.39,270.10
used_ram(MB): min(255.71) max(287.75) average(275.5)
lost_ram(MB): 24.62,20.90,19.01,19.13,20.97,23.49,24.98,22.85,24.00,22.65,25.97,25.57,25.57,24.92,24.70,25.77,29.70,30.82,32.15,33.54,40.43,40.43,39.74,40.54,42.09,44.71,41.54,42.89,37.97,40.87,37.38,40.72,43.02,44.41,44.45,44.50,43.86,45.27,45.77,46.01
lost_ram(MB): min(19.01) max(46.01) average(33.7)
free(MB): 22.10,16.14,16.63,29.93,26.41,16.09,18.81,22.64,22.83,27.14,29.66,29.81,27.86,24.34,30.90,30.27,37.52,37.00,40.75,43.74,50.23,50.34,49.29,48.84,48.71,47.28,47.60,46.83,48.01,52.46,51.24,52.59,55.55,64.74,64.18,63.87,65.85,66.85,67.86,70.11
free(MB): min(16.09) max(70.11) average(41.57)
used_pss(MB): 227.89,237.92,238.99,240.25,240.99,257.93,258.80,256.35,255.16,256.50,253.73,254.40,254.93,259.90,254.00,252.83,248.36,249.45,248.50,247.16,240.79,241.21,241.74,241.30,240.59,243.84,247.32,246.98,250.21,246.53,249.12,246.32,244.51,243.01,242.84,243.15,243.02,241.90,240.93,240.90
used_pss(MB): min(227.89) max(259.9) average(246.76)
kernel(MB): 0.00,0.00,0.00,0.00,0.00,0.00,0.00,0.00,0.00,0.00,0.00,0.00,0.00,0.00,0.00,0.00,0.00,0.00,0.00,0.00,0.00,0.00,0.00,0.00,0.00,0.00,0.00,0.00,0.00,0.00,0.00,0.00,0.00,0.00,0.00,0.00,0.00,0.00,0.00,0.00
kernel(MB): min(0.0) max(0.0) average(0.0)
buffers(MB): 7.56,9.04,9.06,8.88,8.46,7.64,6.23,6.86,7.29,7.90,7.73,7.72,7.96,7.04,7.16,7.63,7.69,7.82,8.18,8.51,8.11,7.67,8.10,8.45,8.34,7.84,7.71,7.93,7.92,7.77,7.68,8.09,8.04,7.38,7.92,8.07,8.15,8.29,8.50,8.24
buffers(MB): min(6.23) max(9.06) average(7.91)
shmem(MB): 0.15,0.14,0.14,0.14,0.14,0.14,0.14,0.14,0.14,0.14,0.14,0.14,0.14,0.14,0.14,0.13,0.13,0.13,0.13,0.13,0.13,0.13,0.13,0.13,0.13,0.16,0.13,0.13,0.13,0.13,0.13,0.13,0.13,0.13,0.13,0.13,0.13,0.13,0.13,0.13
shmem(MB): min(0.13) max(0.16) average(0.13)
slab(MB): 20.11,20.32,20.36,20.38,20.39,20.44,20.52,20.62,20.66,20.65,20.64,20.64,20.66,20.67,20.70,20.69,20.73,20.74,20.74,20.73,20.77,20.79,20.80,20.82,20.83,20.84,20.82,20.80,20.82,20.82,20.84,20.81,20.81,20.81,20.80,20.81,20.81,20.82,20.84,20.83
slab(MB): min(20.11) max(20.84) average(20.69)
total_swap(MB): 96.00,96.00,96.00,96.00,96.00,96.00,96.00,96.00,96.00,96.00,96.00,96.00,96.00,96.00,96.00,96.00,96.00,96.00,96.00,96.00,96.00,96.00,96.00,96.00,96.00,96.00,96.00,96.00,96.00,96.00,96.00,96.00,96.00,96.00,96.00,96.00,96.00,96.00,96.00,96.00
total_swap(MB): min(96.0) max(96.0) average(96.0)
used_swap(MB): 16.99,17.11,17.11,17.36,17.38,17.77,19.02,19.02,19.14,19.87,20.45,20.53,20.54,20.56,20.58,20.58,20.70,20.87,21.29,21.60,22.40,22.42,22.42,22.45,22.59,22.83,22.86,22.87,22.92,23.01,23.04,23.06,23.26,23.55,23.55,23.56,23.79,24.24,24.32,24.54
used_swap(MB): min(16.99) max(24.54) average(21.3)
{'5845'} com.tianci.movieplatform(MB): 82.18,91.83,94.53,95.63,96.36,113.41,116.59,117.06,117.21,119.41,117.34,117.93,118.22,122.62,123.07,122.78,122.77,125.02,124.92,124.50,124.88,125.55,126.22,126.04,125.74,128.98,132.88,132.13,135.73,132.25,134.18,132.05,131.31,130.55,130.66,130.96,130.91,130.25,129.96,130.34
{'5845'} com.tianci.movieplatform(MB): min(82.18) max(135.73) average(121.62)
{'1735'} com.coocaa.os.ccosservice(MB): 23.65,23.64,23.55,23.52,23.51,23.47,23.03,23.03,23.03,22.86,22.85,22.86,22.86,22.85,22.92,22.92,21.88,21.12,21.12,21.09,18.49,18.50,18.50,18.50,18.50,18.49,18.49,18.50,18.50,18.29,19.76,19.57,19.39,19.40,19.40,19.40,19.38,19.38,19.38,19.38
{'1735'} com.coocaa.os.ccosservice(MB): min(18.29) max(23.65) average(20.87)
{'1349'} system(MB): 22.16,22.31,22.03,22.25,22.44,22.69,22.88,19.62,18.69,18.89,19.15,19.22,18.82,19.01,19.19,18.77,18.04,18.30,17.97,17.99,17.78,17.88,17.69,17.86,17.46,17.65,17.70,17.74,17.31,17.31,17.01,16.90,16.84,16.56,16.42,16.47,16.43,16.33,16.39,16.39
{'1349'} system(MB): min(16.33) max(22.88) average(18.56)
{'1583'} com.tianci.system(MB): 16.10,15.82,14.80,14.66,14.66,14.45,14.11,14.13,14.13,14.13,14.13,14.13,14.23,14.22,14.29,14.29,14.20,14.22,13.99,13.97,13.71,13.83,13.88,13.69,13.85,13.85,13.64,13.88,13.88,13.73,13.75,13.50,13.36,13.35,13.37,13.16,13.24,13.31,13.31,13.29
{'1583'} com.tianci.system(MB): min(13.16) max(16.1) average(14.01)
{'2044'} com.tianci.de(MB): 16.01,15.90,15.87,15.87,15.87,16.03,15.96,15.96,15.95,15.95,15.95,15.93,15.93,15.90,15.98,15.98,15.57,15.41,15.41,14.96,14.14,13.50,13.52,13.29,13.42,13.33,13.27,13.27,13.25,13.22,13.16,13.14,13.08,13.06,13.06,13.06,13.06,12.95,12.93,12.93
{'2044'} com.tianci.de(MB): min(12.93) max(16.03) average(14.53)
{'5270'} com.tianci.user(MB): 12.40,12.38,12.38,12.38,12.38,11.24,9.80,9.80,9.80,9.80,9.80,9.80,9.80,9.79,9.68,9.68,9.61,9.61,9.61,9.60,9.11,9.11,9.11,9.11,9.11,9.11,9.11,9.11,9.11,9.11,9.11,9.11,9.03,9.00,9.00,9.00,8.98,8.98,8.98,8.98
{'5270'} com.tianci.user(MB): min(8.98) max(12.4) average(9.77)
{'1773'} com.tianci.push(MB): 11.18,11.17,11.16,11.14,11.14,11.08,10.53,10.53,10.53,9.90,9.90,9.90,10.67,10.65,10.57,10.57,10.57,10.47,10.47,10.47,9.81,9.81,9.81,9.81,9.81,9.81,9.81,9.81,9.96,9.96,9.96,9.96,9.91,9.84,9.84,9.84,9.84,9.83,9.47,9.35
{'1773'} com.tianci.push(MB): min(9.35) max(11.18) average(10.22)
{'2300'} com.tianci.ad(MB): 10.93,10.53,10.53,10.53,10.53,10.38,10.38,10.38,10.38,10.38,10.38,10.38,10.38,10.67,12.17,11.97,11.91,11.91,11.91,11.81,11.55,11.54,11.54,11.54,11.53,11.53,11.53,11.53,11.53,11.53,11.53,11.53,11.44,11.28,11.28,11.28,11.28,11.28,11.26,11.05
{'2300'} com.tianci.ad(MB): min(10.38) max(12.17) average(11.17)
{'2286'} com.coocaa.sysreport(MB): 10.02,10.00,10.01,10.02,10.03,10.01,10.06,10.21,10.01,10.04,10.05,10.05,10.06,10.09,10.54,10.33,10.30,10.11,10.11,10.12,9.86,9.87,10.01,9.85,9.82,9.83,9.83,9.83,9.90,9.98,9.86,9.87,9.79,9.68,9.69,9.69,9.87,9.63,9.59,9.36
{'2286'} com.coocaa.sysreport(MB): min(9.36) max(10.54) average(9.95)
{'1889'} com.coocaa.os.softsettings.provider(MB): 9.12,9.11,9.11,9.05,9.06,9.03,8.09,8.09,8.06,7.60,6.81,6.65,6.60,6.59,6.66,6.66,6.63,6.25,6.12,5.66,5.13,5.13,5.13,5.13,5.13,5.13,5.13,5.13,5.10,5.04,4.86,4.76,4.60,4.57,4.57,4.57,4.53,4.28,4.14,4.14
{'1889'} com.coocaa.os.softsettings.provider(MB): min(4.14) max(9.12) average(6.18)
{'2877'} com.tianci.ad:adUpgrade(MB): 7.89,8.81,8.75,8.75,8.75,8.75,8.75,8.75,8.75,8.75,8.75,8.75,8.74,8.70,0.00
{'2877'} com.tianci.ad:adUpgrade(MB): min(0.0) max(8.81) average(8.11)
{'2163'} android.process.media(MB): 4.97,4.97,4.97,4.97,4.97,4.97,4.97,4.97,4.97,4.97,4.97,4.97,4.97,4.96,5.02,5.02,5.01,4.99,4.99,4.92,4.70,4.70,4.70,4.66,4.55,4.40,4.38,4.37,4.37,4.36,4.36,4.36,4.34,4.33,4.33,4.33,4.33,4.33,4.33,4.33
{'2163'} android.process.media(MB): min(4.33) max(5.02) average(4.7)
{'4670'} com.coocaa.messageprovider(MB): 4.44,4.44,4.44,4.44,4.44,4.44,4.44,4.44,4.44,4.44,4.44,4.44,4.44,4.43,4.49,4.49,4.49,4.48,4.48,4.47,4.25,4.25,4.25,4.25,4.25,4.25,4.25,4.25,4.25,4.25,4.25,4.25,4.20,4.18,4.18,4.18,4.18,4.18,4.18,4.18
{'4670'} com.coocaa.messageprovider(MB): min(4.18) max(4.49) average(4.34)
{'1574'} com.skyworth.android.skyRMService(MB): 3.47,3.46,3.48,3.48,3.48,3.50,3.41,3.42,3.42,3.42,3.42,3.42,3.42,3.44,3.50,3.51,3.50,3.50,3.51,3.50,3.31,3.31,3.31,3.33,3.33,3.22,3.22,3.22,3.23,3.23,3.23,3.22,3.22,3.21,3.22,3.22,3.22,3.20,3.20,3.20
{'1574'} com.skyworth.android.skyRMService(MB): min(3.2) max(3.51) average(3.35)
{'745'} zygote(MB): 3.16,3.14,3.14,3.14,3.14,3.14,3.14,3.14,3.14,3.14,3.14,3.14,3.14,3.13,3.18,3.18,2.47,2.47,2.46,2.46,2.28,2.28,2.28,2.28,2.28,2.28,2.28,2.28,2.28,2.28,2.28,2.11,2.07,1.85,1.85,1.85,1.85,1.84,1.84,1.84
{'745'} zygote(MB): min(1.84) max(3.18) average(2.56)
{'1072'} TvServer(MB): 1.52,1.52,1.52,1.52,1.52,1.52,1.51,1.51,1.51,1.51,1.51,1.51,1.51,1.51,1.37,1.37,1.35,1.35,1.35,1.35,0.99,0.99,0.99,0.99,0.99,0.99,0.99,0.99,0.99,0.99,0.99,0.99,0.99,0.99,0.99,0.99,0.99,0.99,0.99,0.99
{'1072'} TvServer(MB): min(0.99) max(1.52) average(1.23)
{'744'} surfaceflinger(MB): 1.39,1.39,1.39,1.40,1.39,1.39,1.39,1.39,1.40,1.39,1.39,1.40,1.39,1.40,1.61,1.39,1.30,1.30,1.29,1.30,1.30,1.30,1.30,1.30,1.30,1.30,1.30,1.30,1.30,1.30,1.30,1.30,1.30,1.30,1.30,1.30,1.30,1.29,1.29,1.29
{'744'} surfaceflinger(MB): min(1.29) max(1.61) average(1.34)
{'748'} mediaserver(MB): 0.81,0.81,0.81,0.81,0.81,0.81,0.81,0.81,0.81,0.81,0.81,0.81,0.81,0.81,0.79,0.79,0.32,0.32,0.32,0.32,0.32,0.32,0.32,0.32,0.32,0.32,0.32,0.32,0.32,0.32,0.32,0.32,0.32,0.32,0.32,0.32,0.32,0.32,0.32,0.32
{'748'} mediaserver(MB): min(0.32) max(0.81) average(0.52)
{'1501'} wpa_supplicant(MB): 0.44,0.44,0.44,0.44,0.44,0.44,0.44,0.44,0.44,0.44,0.44,0.44,0.44,0.44,0.44,0.44,0.44,0.44,0.44,0.44,0.43,0.43,0.43,0.43,0.43,0.43,0.43,0.43,0.43,0.43,0.43,0.43,0.43,0.43,0.43,0.43,0.43,0.43,0.43,0.43
{'1501'} wpa_supplicant(MB): min(0.43) max(0.44) average(0.43)
{'746'} drmserver(MB): 0.43,0.43,0.43,0.43,0.43,0.43,0.43,0.43,0.43,0.43,0.43,0.43,0.43,0.43,0.43,0.43,0.07,0.07,0.07,0.07,0.07,0.07,0.07,0.07,0.07,0.07,0.07,0.07,0.07,0.07,0.07,0.07,0.07,0.07,0.07,0.07,0.07,0.07,0.07,0.07
{'746'} drmserver(MB): min(0.07) max(0.43) average(0.21)
{'1'} /init(MB): 0.31,0.31,0.31,0.31,0.31,0.31,0.31,0.31,0.31,0.31,0.31,0.31,0.31,0.31,0.31,0.31,0.31,0.31,0.31,0.31,0.31,0.31,0.31,0.31,0.31,0.31,0.31,0.31,0.31,0.31,0.31,0.31,0.31,0.31,0.31,0.31,0.31,0.31,0.31,0.31
{'1'} /init(MB): min(0.31) max(0.31) average(0.31)
{'741'} netd(MB): 0.28,0.28,0.28,0.28,0.28,0.28,0.28,0.28,0.28,0.28,0.28,0.28,0.28,0.28,0.27,0.27,0.25,0.25,0.25,0.25,0.25,0.25,0.25,0.25,0.25,0.25,0.25,0.25,0.25,0.25,0.25,0.25,0.25,0.25,0.25,0.25,0.25,0.24,0.24,0.24
{'741'} netd(MB): min(0.24) max(0.28) average(0.26)
{'750'} keystore(MB): 0.26,0.26,0.26,0.26,0.26,0.26,0.26,0.26,0.26,0.26,0.26,0.26,0.26,0.26,0.26,0.26,0.25,0.25,0.25,0.25,0.25,0.25,0.25,0.25,0.25,0.25,0.25,0.25,0.25,0.25,0.25,0.25,0.25,0.25,0.25,0.25,0.25,0.25,0.25,0.25
{'750'} keystore(MB): min(0.25) max(0.26) average(0.25)
{'6882', '735'} sh(MB): 0.24,0.24,0.24,0.24,0.24,0.17,0.00,0.24,0.00,0.24,0.24,0.24,0.24,0.24,0.24,0.24,0.24,0.24,0.24,0.24,0.24,0.24,0.24,0.24,0.24,0.24,0.24,0.24,0.24,0.24,0.24,0.24,0.24,0.23,0.23,0.23,0.23,0.23,0.17,0.23,0.23,0.23
{'6882', '735'} sh(MB): min(0.0) max(0.24) average(0.22)
{'1823'} dhcpcd(MB): 0.22,0.22,0.22,0.22,0.22,0.08,0.08,0.08,0.08,0.08,0.08,0.08,0.08,0.08,0.07,0.07,0.01,0.01,0.01,0.01,0.01,0.01,0.01,0.01,0.01,0.01,0.01,0.01,0.01,0.01,0.01,0.01,0.01,0.01,0.01,0.01,0.01,0.01,0.01,0.01
{'1823'} dhcpcd(MB): min(0.01) max(0.22) average(0.05)
{'1436'} adbd(MB): 0.20,0.20,0.20,0.20,0.20,0.20,0.20,0.20,0.20,0.20,0.20,0.20,0.20,0.20,0.20,0.20,0.20,0.20,0.20,0.20,0.20,0.20,0.20,0.20,0.20,0.20,0.20,0.17,0.20,0.20,0.20,0.20,0.20,0.20,0.20,0.20,0.20,0.20,0.20,0.20
{'1436'} adbd(MB): min(0.17) max(0.2) average(0.2)
{'737'} vold(MB): 0.16,0.16,0.16,0.16,0.16,0.15,0.16,0.16,0.16,0.16,0.16,0.16,0.16,0.16,0.15,0.15,0.12,0.12,0.12,0.12,0.12,0.12,0.12,0.12,0.12,0.12,0.12,0.12,0.12,0.12,0.12,0.12,0.12,0.12,0.12,0.12,0.12,0.12,0.12,0.12
{'737'} vold(MB): min(0.12) max(0.16) average(0.14)
{'751'} FileDesc_server(MB): 0.11,0.11,0.11,0.11,0.11,0.11,0.11,0.11,0.11,0.11,0.11,0.11,0.11,0.11,0.11,0.11,0.05,0.05,0.05,0.05,0.05,0.05,0.05,0.05,0.05,0.05,0.05,0.05,0.05,0.05,0.05,0.05,0.05,0.05,0.05,0.05,0.05,0.05,0.05,0.05
{'751'} FileDesc_server(MB): min(0.05) max(0.11) average(0.07)
{'734'} healthd(MB): 0.11,0.11,0.11,0.11,0.11,0.11,0.11,0.11,0.11,0.11,0.11,0.11,0.11,0.11,0.11,0.11,0.11,0.11,0.11,0.11,0.11,0.11,0.11,0.11,0.11,0.11,0.11,0.11,0.11,0.11,0.11,0.11,0.11,0.11,0.11,0.11,0.11,0.11,0.11,0.11
{'734'} healthd(MB): min(0.11) max(0.11) average(0.11)
{'770'} sdcard(MB): 0.10,0.10,0.10,0.10,0.10,0.10,0.10,0.10,0.10,0.10,0.10,0.10,0.10,0.10,0.10,0.10,0.10,0.10,0.10,0.10,0.10,0.10,0.10,0.10,0.10,0.10,0.10,0.10,0.10,0.10,0.10,0.10,0.10,0.10,0.10,0.10,0.10,0.10,0.10,0.10
{'770'} sdcard(MB): min(0.1) max(0.1) average(0.1)
{'752'} coocaa_guard(MB): 0.09,0.09,0.09,0.09,0.09,0.09,0.09,0.09,0.09,0.09,0.09,0.09,0.09,0.09,0.08,0.08,0.08,0.08,0.08,0.08,0.08,0.08,0.08,0.08,0.08,0.08,0.08,0.08,0.08,0.08,0.08,0.08,0.08,0.08,0.08,0.08,0.08,0.08,0.08,0.08
{'752'} coocaa_guard(MB): min(0.08) max(0.09) average(0.08)
{'512'} ueventd(MB): 0.07,0.07,0.07,0.07,0.07,0.07,0.07,0.07,0.07,0.07,0.07,0.07,0.07,0.07,0.07,0.07,0.07,0.07,0.07,0.07,0.07,0.07,0.07,0.07,0.07,0.07,0.07,0.07,0.07,0.07,0.07,0.07,0.07,0.07,0.07,0.07,0.07,0.07,0.07,0.07
{'512'} ueventd(MB): min(0.07) max(0.07) average(0.07)
{'736'} servicemanager(MB): 0.05,0.05,0.05,0.05,0.05,0.05,0.05,0.05,0.05,0.05,0.05,0.05,0.05,0.05,0.05,0.05,0.05,0.05,0.05,0.05,0.05,0.05,0.05,0.05,0.05,0.05,0.05,0.05,0.05,0.05,0.05,0.05,0.05,0.05,0.05,0.05,0.05,0.05,0.05,0.05
{'736'} servicemanager(MB): min(0.05) max(0.05) average(0.05)
{'1053'} RootApp(MB): 0.05,0.05,0.05,0.05,0.05,0.05,0.05,0.05,0.05,0.05,0.05,0.05,0.05,0.05,0.05,0.05,0.05,0.05,0.05,0.05,0.05,0.05,0.05,0.05,0.05,0.05,0.05,0.05,0.05,0.05,0.05,0.05,0.05,0.05,0.05,0.05,0.05,0.05,0.05,0.05
{'1053'} RootApp(MB): min(0.05) max(0.05) average(0.05)
{'1177'} VirtualEvent(MB): 0.05,0.05,0.05,0.05,0.05,0.05,0.05,0.05,0.05,0.05,0.05,0.05,0.05,0.05,0.05,0.05,0.03,0.03,0.03,0.03,0.03,0.03,0.03,0.03,0.03,0.03,0.03,0.03,0.03,0.03,0.03,0.03,0.03,0.03,0.03,0.03,0.03,0.03,0.03,0.03
{'1177'} VirtualEvent(MB): min(0.03) max(0.05) average(0.04)
{'740'} keypad(MB): 0.05,0.05,0.05,0.05,0.05,0.05,0.05,0.05,0.05,0.05,0.05,0.05,0.05,0.05,0.04,0.04,0.04,0.04,0.04,0.04,0.04,0.04,0.04,0.04,0.04,0.04,0.04,0.04,0.04,0.04,0.04,0.04,0.04,0.04,0.04,0.04,0.04,0.04,0.04,0.04
{'740'} keypad(MB): min(0.04) max(0.05) average(0.04)
{'1047'} logwrapper(MB): 0.04,0.04,0.04,0.04,0.04,0.04,0.04,0.04,0.04,0.04,0.04,0.04,0.04,0.04,0.04,0.04,0.04,0.04,0.04,0.04,0.04,0.04,0.04,0.04,0.04,0.04,0.04,0.04,0.04,0.04,0.04,0.04,0.04,0.04,0.04,0.04,0.04,0.04,0.04,0.04
{'1047'} logwrapper(MB): min(0.04) max(0.04) average(0.04)
{'738'} hardwared(MB): 0.03,0.03,0.03,0.03,0.03,0.03,0.03,0.03,0.03,0.03,0.03,0.03,0.03,0.03,0.02,0.02,0.02,0.02,0.02,0.02,0.02,0.02,0.02,0.02,0.02,0.02,0.02,0.02,0.02,0.02,0.02,0.02,0.02,0.02,0.02,0.02,0.02,0.02,0.02,0.02
{'738'} hardwared(MB): min(0.02) max(0.03) average(0.02)
{'749'} installd(MB): 0.02,0.02,0.02,0.02,0.02,0.02,0.02,0.02,0.02,0.02,0.02,0.02,0.02,0.02,0.01,0.01,0.01,0.01,0.01,0.01,0.01,0.01,0.01,0.01,0.01,0.01,0.01,0.01,0.01,0.01,0.01,0.01,0.01,0.01,0.01,0.01,0.01,0.01,0.01,0.01
{'749'} installd(MB): min(0.01) max(0.02) average(0.01)
{'1202'} smobsd(MB): 0.01,0.01,0.01,0.01,0.01,0.01,0.01,0.01,0.01,0.01,0.01,0.01,0.01,0.01,0.01,0.01,0.01,0.01,0.01,0.01,0.01,0.01,0.01,0.01,0.01,0.01,0.01,0.01,0.01,0.01,0.01,0.01,0.01,0.01,0.01,0.01,0.01,0.01,0.01,0.01
{'1202'} smobsd(MB): min(0.01) max(0.01) average(0.01)
{'742'} debuggerd(MB): 0.01,0.01,0.01,0.01,0.01,0.01,0.01,0.01,0.01,0.01,0.01,0.01,0.01,0.01,0.01,0.01,0.01,0.01,0.01,0.01,0.01,0.01,0.01,0.01,0.01,0.01,0.01,0.01,0.01,0.01,0.01,0.01,0.01,0.01,0.01,0.01,0.01,0.01,0.01,0.01
{'742'} debuggerd(MB): min(0.01) max(0.01) average(0.01)
{'6646', '8440', '7066', '8682', '7313', '7546', '8562', '8799', '8200', '6858', '7691', '7929', '6737', '7180', '8907', '7816', '8326', '6962', '7431', '8082'} dumpsys(MB): 0.18,0.00,0.18,0.00,0.18,0.00,0.18,0.00,0.18,0.00,0.18,0.00,0.17,0.00,0.18,0.00,0.18,0.00,0.18,0.00,0.18,0.00,0.18,0.00,0.18,0.00,0.18,0.00,0.18,0.00,0.18,0.00,0.18,0.00,0.18,0.00,0.18,0.00,0.18
{'6646', '8440', '7066', '8682', '7313', '7546', '8562', '8799', '8200', '6858', '7691', '7929', '6737', '7180', '8907', '7816', '8326', '6962', '7431', '8082'} dumpsys(MB): min(0.0) max(0.18) average(0.09)
{'6884'} ps(MB): 0.00,0.00
{'6884'} ps(MB): min(0.0) max(0.0) average(0.0)
{'6885'} grep(MB): 0.00,0.00
{'6885'} grep(MB): min(0.0) max(0.0) average(0.0)
{'6886'} awk(MB): 0.00,0.00
{'6886'} awk(MB): min(0.0) max(0.0) average(0.0)
{'8212'} busybox(MB): 0.00,0.00
{'8212'} busybox(MB): min(0.0) max(0.0) average(0.0)
