total_ram(MB): 1836.71,1836.71,1836.71,1836.71,1836.71,1836.71,1836.71,1836.71,1836.71,1836.71,1836.71,1836.71,1836.71,1836.71,1836.71,1836.71,1836.71,1836.71,1836.71,1836.71,1836.71,1836.71,1836.71,1836.71,1836.71,1836.71,1836.71,1836.71,1836.71,1836.71,1836.71,1836.71,1836.71,1836.71,1836.71,1836.71,1836.71,1836.71,1836.71,1836.71,1836.71,1836.71,1836.71
total_ram(MB): min(1836.71) max(1836.71) average(1836.71)
free_ram(MB): 351.12,377.71,380.23,377.14,386.59,394.35,396.54,390.29,393.17,395.45,392.48,387.64,396.89,394.51,393.24,394.32,373.75,366.37,414.27,362.54,358.46,356.08,349.54,314.19,306.85,312.72,317.62,323.90,323.56,289.94,294.90,292.57,288.07,286.61,284.67,275.30,266.11,270.38,381.73,329.71,547.67,546.01,546.53
free_ram(MB): min(266.11) max(547.67) average(362.37)
used_ram(MB): 2054.09,2029.62,2027.60,2031.23,2028.55,2021.27,2020.03,2027.11,2025.45,2018.90,2021.68,2026.68,2020.27,2022.24,2026.51,2021.81,2025.01,2034.23,2036.86,2033.96,2035.69,2010.15,1999.53,2002.17,1966.98,1975.49,1957.55,1957.83,1941.27,1948.66,1887.88,1886.02,1876.62,1872.17,1874.14,1870.43,1847.80,1844.21,1754.01,1759.19,1754.40,1758.87,1756.14
used_ram(MB): min(1754.01) max(2054.09) average(1955.59)
lost_ram(MB): -568.50,-570.63,-571.12,-571.66,-578.44,-578.92,-579.87,-580.70,-581.91,-577.64,-577.45,-577.62,-580.45,-580.04,-583.04,-579.42,-562.05,-563.89,-614.43,-559.79,-557.44,-529.53,-512.36,-479.65,-437.12,-451.50,-438.46,-445.02,-428.12,-401.89,-346.07,-341.89,-327.98,-322.07,-322.09,-309.03,-277.20,-277.88,-299.04,-252.19,-465.36,-468.18,-465.97
lost_ram(MB): min(-614.43) max(-252.19) average(-481.25)
free(MB): 187.11,185.26,185.08,179.50,186.67,193.13,193.83,185.29,187.61,187.32,184.02,179.69,188.82,184.79,182.50,183.00,162.22,154.37,201.46,148.47,143.74,189.35,181.54,143.77,138.55,145.37,145.97,150.87,151.07,145.99,146.64,152.59,156.25,153.55,151.02,150.20,143.99,151.06,202.26,149.84,369.51,368.32,367.61
free(MB): min(138.55) max(369.51) average(182.31)
used_pss(MB): 1097.94,1073.49,1071.45,1075.12,1072.29,1064.94,1063.65,1070.67,1069.00,1062.43,1065.23,1070.28,1063.78,1065.76,1070.00,1065.19,1068.39,1077.43,1079.27,1075.16,1076.79,1051.33,1040.56,1042.53,1006.75,1015.22,997.22,997.37,980.52,987.48,925.29,923.62,914.16,909.48,911.43,907.38,884.44,880.95,782.32,760.17,757.85,762.32,759.70
used_pss(MB): min(757.85) max(1097.94) average(992.94)
kernel(MB): 0.00,0.00,0.00,0.00,0.00,0.00,0.00,0.00,0.00,0.00,0.00,0.00,0.00,0.00,0.00,0.00,0.00,0.00,0.00,0.00,0.00,0.00,0.00,0.00,0.00,0.00,0.00,0.00,0.00,0.00,0.00,0.00,0.00,0.00,0.00,0.00,0.00,0.00,0.00,0.00,0.00,0.00,0.00
kernel(MB): min(0.0) max(0.0) average(0.0)
buffers(MB): 0.00,0.00,0.00,0.00,0.00,0.00,0.00,0.00,0.00,0.00,0.00,0.00,0.00,0.00,0.00,0.00,0.00,0.00,0.00,0.00,0.00,0.00,0.00,0.00,0.00,0.00,0.00,0.00,0.00,0.00,0.00,0.00,0.00,0.00,0.00,0.00,0.00,0.00,0.00,0.00,0.00,0.00,0.00
buffers(MB): min(0.0) max(0.0) average(0.0)
shmem(MB): 0.00,0.00,0.00,0.00,0.00,0.00,0.00,0.00,0.00,0.00,0.00,0.00,0.00,0.00,0.00,0.00,0.00,0.00,0.00,0.00,0.00,0.00,0.00,0.00,0.00,0.00,0.00,0.00,0.00,0.00,0.00,0.00,0.00,0.00,0.00,0.00,0.00,0.00,0.00,0.00,0.00,0.00,0.00
shmem(MB): min(0.0) max(0.0) average(0.0)
slab(MB): 0.00,0.00,0.00,0.00,0.00,0.00,0.00,0.00,0.00,0.00,0.00,0.00,0.00,0.00,0.00,0.00,0.00,0.00,0.00,0.00,0.00,0.00,0.00,0.00,0.00,0.00,0.00,0.00,0.00,0.00,0.00,0.00,0.00,0.00,0.00,0.00,0.00,0.00,0.00,0.00,0.00,0.00,0.00
slab(MB): min(0.0) max(0.0) average(0.0)
total_swap(MB): 0.00,0.00,0.00,0.00,0.00,0.00,0.00,0.00,0.00,0.00,0.00,0.00,0.00,0.00,0.00,0.00,0.00,0.00,0.00,0.00,0.00,0.00,0.00,0.00,0.00,0.00,0.00,0.00,0.00,0.00,0.00,0.00,0.00,0.00,0.00,0.00,0.00,0.00,0.00,0.00,0.00,0.00,0.00
total_swap(MB): min(0.0) max(0.0) average(0.0)
used_swap(MB): 0.00,0.00,0.00,0.00,0.00,0.00,0.00,0.00,0.00,0.00,0.00,0.00,0.00,0.00,0.00,0.00,0.00,0.00,0.00,0.00,0.00,0.00,0.00,0.00,0.00,0.00,0.00,0.00,0.00,0.00,0.00,0.00,0.00,0.00,0.00,0.00,0.00,0.00,0.00,0.00,0.00,0.00,0.00
used_swap(MB): min(0.0) max(0.0) average(0.0)
{'2682'} com.tianci.movieplatform(MB): 260.01,260.32,260.39,260.15,259.76,259.74,259.75,259.76,259.77,259.78,259.79,259.82,259.87,259.90,259.95,259.99,260.00,260.05,260.11,260.16,260.10,259.93,243.08,243.10,222.47,222.35,222.32,222.32,222.31,221.62,210.57,202.84,202.88,196.32,196.37,196.41,196.47,196.50,211.46,221.31,222.81,224.87,224.87
{'2682'} com.tianci.movieplatform(MB): min(196.32) max(260.39) average(238.19)
{'17584'} com.coocaa.aigc.home(MB): 166.96,170.05,167.51,171.06,167.55,165.02,162.38,168.43,167.26,161.08,163.85,168.14,162.14,163.30,167.64,163.57,166.73,173.81,176.88,182.02,183.19,177.44,184.42,185.75,192.51,209.69,194.17,194.23,188.25,189.60,190.19,194.54,186.69,188.31,190.31,184.60,162.64,161.45,32.16
{'17584'} com.coocaa.aigc.home(MB): min(32.16) max(209.69) average(172.96)
{'4455'} com.skyworth.angel.voice(MB): 96.98,97.29,97.15,97.32,97.32,97.25,97.01,97.29,97.29,97.25,96.78,97.31,97.31,97.31,97.24,97.07,97.30,97.30,97.29,96.97,97.23,97.23,97.24,96.76,97.11,89.56,89.70,89.48,83.15,67.46,62.12,62.07,61.79,62.01,62.01,62.01,61.58,62.01,62.38,65.27,64.79,65.24,65.24
{'4455'} com.skyworth.angel.voice(MB): min(61.58) max(97.32) average(85.29)
{'2235'} system(MB): 84.94,85.14,85.05,85.53,85.35,81.57,82.49,83.45,82.32,81.79,82.62,82.24,81.84,81.97,82.50,82.04,82.29,82.53,82.82,73.67,74.32,68.31,69.04,69.76,67.43,66.91,66.71,66.23,66.01,66.29,62.65,62.79,62.83,62.55,62.94,62.83,63.38,63.03,73.43,74.40,75.08,75.72,74.50
{'2235'} system(MB): min(62.55) max(85.53) average(74.63)
{'2472'} com.android.systemui(MB): 63.89,63.89,63.89,63.89,63.89,63.89,63.89,63.89,63.89,63.89,63.89,63.89,63.89,63.89,63.89,63.89,63.89,63.89,63.89,63.84,63.84,61.99,61.99,61.71,60.42,60.18,60.18,60.18,59.50,59.12,58.33,58.33,58.33,58.33,58.33,58.33,58.33,58.32,58.38,58.25,57.96,57.96,57.96
{'2472'} com.android.systemui(MB): min(57.96) max(63.89) average(61.49)
{'5093'} com.tianci.de(MB): 53.67,53.69,53.70,53.72,53.74,53.75,53.77,53.78,53.79,53.81,53.83,53.84,53.86,53.88,53.89,53.91,53.93,53.95,53.86,53.55,53.55,53.50,53.50,53.51,52.99,53.00,53.02,53.03,53.03,52.44,50.54,50.54,50.54,50.54,50.54,50.54,50.55,50.55,50.84,50.83,50.83,50.83,50.83
{'5093'} com.tianci.de(MB): min(50.54) max(53.95) average(52.7)
{'4686'} com.skyworth.setting(MB): 51.04,51.04,51.04,51.04,51.04,51.04,51.04,51.04,51.04,51.04,51.04,51.04,51.04,51.04,51.04,51.04,51.04,51.04,51.04,50.84,50.84,50.84,50.79,50.79,50.71,50.70,50.70,50.70,50.70,50.20,36.55,36.55,36.55,36.55,36.55,36.55,36.55,36.55,37.22,37.22,37.22,37.22,37.22
{'4686'} com.skyworth.setting(MB): min(36.55) max(51.04) average(46.65)
{'2544'} com.tianci.system(MB): 49.25,49.25,49.25,49.25,49.25,49.25,49.25,49.24,49.24,49.24,49.26,49.33,49.33,49.34,49.34,49.34,49.35,49.35,49.35,49.27,49.28,41.63,41.64,41.64,39.80,39.77,39.78,39.78,39.78,39.13,37.05,37.05,37.05,37.06,37.06,37.06,37.07,37.07,40.12,40.08,40.08,40.30,40.30
{'2544'} com.tianci.system(MB): min(37.05) max(49.35) average(44.08)
{'2975'} com.coocaa.os.ccosservice(MB): 37.05,37.35,37.35,37.35,37.35,37.35,37.35,37.35,37.35,37.35,37.35,37.35,37.35,37.35,37.35,37.35,37.35,37.35,37.35,37.35,37.35,37.35,37.21,37.21,29.15,29.15,29.15,29.15,29.15,28.58,26.58,26.51,26.51,26.26,26.26,26.26,26.26,26.26,26.56,27.17,27.17,27.17,27.17
{'2975'} com.coocaa.os.ccosservice(MB): min(26.26) max(37.35) average(32.94)
{'3139'} com.tianci.push(MB): 31.42,31.42,31.42,31.42,31.42,31.42,31.42,31.42,31.42,31.42,31.42,31.42,31.43,31.43,31.43,31.43,31.43,31.43,31.43,31.43,31.43,31.43,31.41,31.41,30.14,29.85,29.88,29.88,29.34,29.06,28.04,28.03,28.03,28.03,28.03,28.03,28.03,28.03,28.02,28.03,28.03,28.03,28.03
{'3139'} com.tianci.push(MB): min(28.02) max(31.43) average(30.16)
{'19819'} com.coocaa.sysreport(MB): 27.14,28.05,28.06,27.98,28.05,28.13,28.11,28.54,28.53,28.57,28.39,27.77,28.23,28.38,28.83,28.82,28.81,28.58,28.61,28.62,28.94,28.96,28.99,29.05,28.39,28.16,28.19,28.22,27.61,27.33,22.14,22.07,22.04,22.05,22.01,21.94,21.69,21.72,24.70,25.79,23.88,24.44,24.51
{'19819'} com.coocaa.sysreport(MB): min(21.69) max(29.05) average(26.72)
{'5501'} app_process(MB): 27.12,27.16,27.20,27.32,27.40,27.46,27.49,27.57,27.63,27.71,27.75,27.77,27.91,28.00,27.85,26.96,26.98,26.99,27.02,27.06,27.10,27.17,27.17,27.23,26.76,26.62,26.70,26.78,25.70,25.66,24.21,24.22,24.31,24.33,24.36,24.42,24.44,24.48,24.53,24.57,23.62,23.61,23.62
{'5501'} app_process(MB): min(23.61) max(28.0) average(26.28)
{'1619'} zygote64(MB): 20.48,20.48,20.48,20.48,20.48,20.48,20.48,20.48,20.48,20.48,20.48,20.48,20.48,20.48,20.48,20.48,20.48,20.48,20.47,20.48,20.48,19.31,19.31,19.31,18.82,18.57,18.57,18.57,17.43,17.32,16.67,16.67,16.67,16.67,16.67,16.67,16.67,16.65,16.65,16.42,16.24,16.23,16.24
{'1619'} zygote64(MB): min(16.23) max(20.48) average(18.89)
{'2906'} com.coocaa.os.softsettings.provider(MB): 20.39,20.39,20.39,20.39,20.39,20.39,20.39,20.39,20.39,20.39,20.39,20.39,20.39,20.39,20.39,20.39,20.39,20.39,20.39,20.39,20.39,20.33,20.33,20.33,19.72,19.72,19.72,19.72,19.72,19.14,18.51,18.51,18.51,18.51,18.51,18.51,18.51,18.51,18.69,18.69,18.69,18.69,18.69
{'2906'} com.coocaa.os.softsettings.provider(MB): min(18.51) max(20.39) average(19.73)
{'1605'} mediaserver(MB): 17.27,17.27,17.27,17.27,17.27,17.27,17.27,17.27,17.27,17.27,17.27,17.27,17.27,17.27,17.27,17.27,17.27,17.27,17.27,17.27,17.27,17.26,17.26,17.26,17.26,17.26,17.26,17.26,17.26,17.26,17.21,17.21,17.21,17.16,17.16,17.16,17.16,17.09,16.82,15.69,15.19,15.21,15.22
{'1605'} mediaserver(MB): min(15.19) max(17.27) average(17.06)
{'2453'} com.bajintech.karaok(MB): 16.96,17.00,17.00,17.00,17.00,17.00,17.00,17.00,17.00,17.00,17.00,17.00,17.00,17.00,17.00,17.01,17.01,17.01,17.01,17.01,17.01,14.21,14.21,14.21,13.72,13.72,13.72,13.72,13.72,13.22,11.96,11.96,11.96,11.96,11.96,11.96,11.96,11.96,12.67,12.62,12.62,12.62,12.62
{'2453'} com.bajintech.karaok(MB): min(11.96) max(17.01) average(14.89)
{'1595'} logd(MB): 16.18,16.18,16.18,16.19,16.19,16.21,16.23,16.23,16.23,16.23,16.23,16.24,16.25,16.27,16.28,16.31,16.32,16.33,16.35,16.36,16.38,16.39,16.40,16.41,16.42,16.44,14.42,14.43,14.45,14.44,14.44,14.45,14.47,14.50,14.51,14.52,14.53,14.55,14.59,14.61,14.62,14.63,14.64
{'1595'} logd(MB): min(14.42) max(16.44) average(15.59)
{'1620'} zygote(MB): 13.43,13.43,13.43,13.43,13.43,13.43,13.43,13.43,13.43,13.43,13.43,13.43,13.43,13.43,13.42,13.42,13.42,13.42,13.42,13.42,13.42,12.15,12.15,12.15,12.07,12.07,12.07,12.07,12.03,11.52,10.55,10.55,10.55,10.55,10.55,10.55,10.55,10.55,10.85,10.29,9.81,9.81,9.81
{'1620'} zygote(MB): min(9.81) max(13.43) average(12.21)
{'3613'} com.android.bluetooth(MB): 12.17,12.17,12.17,12.17,12.17,12.17,12.17,12.17,12.17,12.17,12.17,12.17,12.17,12.17,12.17,12.17,12.17,12.17,12.17,12.17,12.17,12.05,12.05,12.05,11.04,11.04,11.04,11.04,11.04,10.47,10.04,10.04,10.04,10.04,10.04,10.04,10.04,10.04,10.24,10.24,10.24,10.24,10.24
{'3613'} com.android.bluetooth(MB): min(10.04) max(12.17) average(11.37)
{'3842'} com.skyworth.dtv(MB): 11.95,11.99,12.04,12.07,12.11,12.15,12.19,12.23,12.27,12.32,12.37,12.39,12.44,12.47,12.50,12.55,12.59,12.62,12.68,12.70,12.75,12.74,12.78,12.81,10.13,10.17,10.20,10.25,10.29,9.71,9.19,9.22,9.26,9.29,9.34,9.38,9.68,7.72,7.95,8.00,8.03,8.06,8.11
{'3842'} com.skyworth.dtv(MB): min(7.72) max(12.81) average(10.97)
{'1600'} surfaceflinger(MB): 9.73,9.71,9.74,9.76,9.76,9.72,9.74,9.78,9.77,9.81,9.84,9.82,9.84,9.83,9.84,9.87,9.82,9.81,9.82,9.79,9.81,9.79,9.81,9.81,9.81,9.84,9.81,9.83,9.81,9.81,9.82,9.81,9.83,9.81,9.73,9.75,9.73,9.72,9.76,9.67,9.34,9.39,9.41
{'1600'} surfaceflinger(MB): min(9.34) max(9.87) average(9.76)
{'2511'} android.process.media(MB): 9.00,9.00,9.00,9.00,9.00,9.00,9.00,9.00,9.00,9.00,9.00,9.00,9.00,9.00,9.00,9.00,9.00,9.00,9.00,9.00,9.00,8.50,8.50,8.50,7.92,7.68,7.68,7.68,7.13,6.90,6.73,6.73,6.73,6.73,6.73,6.73,6.73,6.73,6.73,6.73,6.73,6.73,6.73
{'2511'} android.process.media(MB): min(6.73) max(9.0) average(8.07)
{'2642'} com.skyworth.android.skyRMService(MB): 8.40,8.40,8.40,8.40,8.47,8.48,8.48,8.55,8.55,8.55,8.55,8.62,8.62,8.63,8.63,8.72,8.72,8.72,8.79,8.79,8.79,8.76,8.85,8.86,8.38,8.22,8.22,8.31,7.95,7.75,7.44,7.51,7.51,7.58,7.58,7.59,7.69,7.69,7.78,7.78,7.85,7.85,7.86
{'2642'} com.skyworth.android.skyRMService(MB): min(7.44) max(8.86) average(8.26)
{'2624'} com.hisilicon.android.hiRMService(MB): 6.50,6.50,6.50,6.50,6.50,6.50,6.50,6.50,6.50,6.50,6.50,6.50,6.50,6.50,6.50,6.50,6.50,6.50,6.50,6.50,6.50,6.42,6.42,6.42,6.28,6.28,6.28,6.28,6.28,5.75,5.37,5.37,5.37,5.37,5.37,5.37,5.37,5.37,5.53,5.53,5.53,5.53,5.53
{'2624'} com.hisilicon.android.hiRMService(MB): min(5.37) max(6.5) average(6.13)
{'3809'} com.android.managedprovisioning(MB): 6.43,6.43,6.43,6.43,6.43,6.43,6.43,6.43,6.43,6.43,6.43,6.43,6.43,6.43,6.43,6.43,6.43,6.43,6.43,6.43,6.43,6.41,6.41,6.41,5.75,5.51,5.51,5.51,5.22,5.03,4.93,4.93,4.93,4.93,4.93,4.93,4.93,4.93,4.93,4.93,4.93,4.93,4.93
{'3809'} com.android.managedprovisioning(MB): min(4.93) max(6.43) average(5.83)
{'2781'} com.android.defcontainer(MB): 6.26,6.26,6.26,6.26,6.26,6.27,6.27,6.27,6.27,6.27,6.27,6.27,6.27,6.27,6.27,6.27,6.27,6.27,6.27,6.27,6.27,6.25,6.25,6.25,5.81,5.56,5.56,5.56,5.24,5.07,4.95,4.94,4.95,4.95,4.95,4.95,4.94,4.95,4.95,4.95,4.94,4.95,4.95
{'2781'} com.android.defcontainer(MB): min(4.94) max(6.27) average(5.76)
{'2592'} com.android.externalstorage(MB): 6.20,6.20,6.20,6.20,6.20,6.21,6.21,6.21,6.21,6.21,6.21,6.21,6.22,6.22,6.22,6.22,6.22,6.22,6.22,6.22,6.22,6.20,6.20,6.20,5.80,5.56,5.56,5.56,5.20,5.05,4.95,4.95,4.95,4.95,4.95,4.95,4.95,4.95,4.95,4.95,4.95,4.95,4.95
{'2592'} com.android.externalstorage(MB): min(4.95) max(6.22) average(5.72)
{'1613'} tvserver(MB): 5.80,5.80,5.80,5.80,5.80,5.80,5.80,5.80,5.80,5.80,5.80,5.80,5.80,5.80,5.80,5.80,5.80,5.80,5.80,5.80,5.80,5.80,5.80,5.80,5.80,5.80,5.80,5.80,5.80,5.80,5.77,5.77,5.77,5.77,5.77,5.77,5.77,5.73,5.63,5.42,4.79,4.79,4.79
{'1613'} tvserver(MB): min(4.79) max(5.8) average(5.71)
{'1612'} displaysetting(MB): 5.52,5.52,5.52,5.52,5.52,5.52,5.52,5.52,5.52,5.52,5.52,5.52,5.52,5.52,5.52,5.52,5.52,5.52,5.52,5.52,5.52,5.52,5.52,5.52,5.52,5.52,5.51,5.52,5.52,5.52,5.49,5.49,5.49,5.49,5.49,5.49,5.49,5.49,5.48,5.46,5.46,5.45,5.46
{'1612'} displaysetting(MB): min(5.45) max(5.52) average(5.51)
{'5440'} com.coocaa.messageprovider(MB): 4.60,4.60,4.60,4.60,4.60,4.60,4.60,4.60,4.60,4.60,4.60,4.60,4.60,4.60,4.60,4.60,4.60,4.60,4.60,4.60,4.60,4.54,4.54,4.54,4.47,4.47,4.47,4.47,4.47,4.08,3.83,3.83,3.83,3.83,3.83,3.83,3.83,3.83,3.99,3.99,3.99,3.99,3.99
{'5440'} com.coocaa.messageprovider(MB): min(3.83) max(4.6) average(4.35)
{'1608'} hiaoservice(MB): 4.16,4.16,4.16,4.16,4.16,4.16,4.16,4.16,4.16,4.16,4.16,4.16,4.16,4.16,4.16,4.16,4.16,4.16,4.16,4.16,4.16,4.16,4.16,4.16,4.16,4.16,4.16,4.16,4.16,4.16,4.13,4.13,4.13,4.13,4.13,4.13,4.13,4.12,4.00,3.60,3.00,3.00,3.00
{'1608'} hiaoservice(MB): min(3.0) max(4.16) average(4.06)
{'1609'} hisysmanager(MB): 3.39,3.39,3.39,3.39,3.39,3.39,3.39,3.39,3.39,3.39,3.39,3.39,3.39,3.39,3.39,3.39,3.39,3.39,3.39,3.39,3.39,3.39,3.39,3.39,3.39,3.39,3.39,3.39,3.39,3.39,3.39,3.39,3.39,3.39,3.39,3.39,3.39,3.37,3.32,3.00,2.71,2.71,2.71
{'1609'} hisysmanager(MB): min(2.71) max(3.39) average(3.33)
{'2846'} wpa_supplicant(MB): 2.56,2.56,2.56,2.56,2.56,2.56,2.56,2.56,2.56,2.55,2.56,2.56,2.56,2.56,2.56,2.56,2.56,2.56,2.55,2.56,2.56,2.56,2.55,2.56,2.56,2.56,2.56,2.56,2.56,2.56,2.55,2.56,2.56,2.55,2.56,2.56,2.55,2.55,2.54,2.55,2.54,2.54,2.54
{'2846'} wpa_supplicant(MB): min(2.54) max(2.56) average(2.56)
{'1746'} stbserver(MB): 2.18,2.18,2.18,2.18,2.18,2.18,2.18,2.18,2.18,2.18,2.18,2.18,2.18,2.18,2.18,2.18,2.18,2.18,2.18,2.18,2.18,2.08,2.08,2.08,2.08,2.08,2.08,2.08,2.08,2.08,2.08,2.08,2.08,2.08,2.08,2.08,2.08,2.06,2.04,1.64,1.63,1.63,1.63
{'1746'} stbserver(MB): min(1.63) max(2.18) average(2.09)
{'1604'} drmserver(MB): 2.02,2.02,2.02,2.02,2.02,2.02,2.02,2.02,2.02,2.02,2.02,2.02,2.02,2.02,2.02,2.02,2.02,2.02,2.02,2.02,2.02,2.01,2.01,2.01,2.01,2.01,2.01,2.01,2.01,2.01,1.97,1.97,1.97,1.97,1.97,1.97,1.97,1.96,1.97,1.92,1.51,1.51,1.51
{'1604'} drmserver(MB): min(1.51) max(2.02) average(1.97)
{'1599'} vold(MB): 1.51,1.51,1.51,1.51,1.51,1.51,1.51,1.51,1.51,1.51,1.51,1.50,1.51,1.51,1.51,1.51,1.51,1.51,1.51,1.51,1.51,1.51,1.51,1.51,1.51,1.51,1.51,1.51,1.51,1.51,1.44,1.42,1.43,1.43,1.43,1.44,1.43,1.35,1.21,1.21,1.21,1.21,1.21
{'1599'} vold(MB): min(1.21) max(1.51) average(1.46)
{'1607'} keystore(MB): 1.22,1.21,1.22,1.22,1.22,1.22,1.22,1.22,1.22,1.22,1.22,1.21,1.22,1.22,1.21,1.22,1.22,1.22,1.22,1.22,1.22,1.22,1.22,1.22,1.22,1.21,1.22,1.22,1.22,1.21,1.17,1.17,1.17,1.17,1.17,1.17,1.17,1.15,1.15,1.15,1.16,1.16,1.16
{'1607'} keystore(MB): min(1.15) max(1.22) average(1.2)
{'20393', '20665', '23269', '21059', '23361', '21626', '22165', '21893', '22877', '22960', '22603', '21172'} busybox(MB): 1.10,0.00,0.00,0.00,0.00,0.00,0.00,0.00,1.10,0.00,1.10,0.00,0.00,0.00,1.10,0.00,1.10,0.00,0.00,0.00,1.10,0.00
{'20393', '20665', '23269', '21059', '23361', '21626', '22165', '21893', '22877', '22960', '22603', '21172'} busybox(MB): min(0.0) max(1.1) average(0.3)
{'1601'} netd(MB): 1.09,1.09,1.09,1.09,1.09,1.09,1.09,1.09,1.08,1.09,1.09,1.09,1.09,1.09,1.08,1.09,1.09,1.09,1.09,1.09,1.09,1.09,1.09,1.09,1.09,1.09,1.09,1.09,1.09,1.09,1.06,1.06,1.06,1.06,1.06,1.06,1.06,1.02,0.97,0.98,0.98,0.98,0.98
{'1601'} netd(MB): min(0.97) max(1.09) average(1.07)
{'1622'} android_ir_user(MB): 1.08,1.08,1.08,1.08,1.08,1.08,1.08,1.08,1.08,1.08,1.08,1.08,1.08,1.08,1.08,1.08,1.08,1.08,1.08,1.08,1.08,1.08,1.08,1.08,1.08,1.08,1.08,1.08,1.08,1.08,1.08,1.08,1.08,1.08,1.08,1.08,1.08,1.02,0.91,0.79,0.79,0.79,0.79
{'1622'} android_ir_user(MB): min(0.79) max(1.08) average(1.05)
{'2025'} VirtualEvent(MB): 1.07,1.07,1.07,1.07,1.07,1.07,1.07,1.07,1.07,1.07,1.07,1.07,1.07,1.07,1.07,1.07,1.07,1.07,1.07,1.07,1.07,1.07,1.07,1.07,1.07,1.07,1.07,1.07,1.07,1.07,1.07,1.07,1.07,1.07,1.07,1.07,1.07,1.07,1.07,1.07,1.07,1.07,1.07
{'2025'} VirtualEvent(MB): min(1.07) max(1.07) average(1.07)
{'1610'} hikaraokeservice(MB): 0.87,0.87,0.87,0.87,0.87,0.87,0.87,0.87,0.87,0.87,0.87,0.87,0.87,0.87,0.87,0.87,0.87,0.87,0.87,0.87,0.87,0.87,0.87,0.87,0.87,0.87,0.87,0.87,0.87,0.87,0.86,0.86,0.86,0.86,0.86,0.86,0.86,0.84,0.66,0.61,0.61,0.61,0.61
{'1610'} hikaraokeservice(MB): min(0.61) max(0.87) average(0.84)
{'1614'} dtvloaderserver(MB): 0.84,0.84,0.84,0.84,0.84,0.84,0.84,0.84,0.84,0.84,0.84,0.84,0.84,0.84,0.84,0.84,0.84,0.84,0.84,0.84,0.84,0.84,0.84,0.84,0.84,0.84,0.84,0.84,0.84,0.84,0.83,0.83,0.83,0.83,0.83,0.83,0.83,0.78,0.63,0.63,0.63,0.63,0.63
{'1614'} dtvloaderserver(MB): min(0.63) max(0.84) average(0.81)
{'1'} /init(MB): 0.79,0.79,0.79,0.79,0.79,0.79,0.79,0.79,0.79,0.79,0.79,0.79,0.79,0.79,0.79,0.79,0.79,0.79,0.79,0.79,0.79,0.79,0.79,0.79,0.79,0.79,0.79,0.79,0.79,0.79,0.79,0.79,0.79,0.79,0.79,0.79,0.79,0.79,0.79,0.79,0.79,0.79,0.79
{'1'} /init(MB): min(0.79) max(0.79) average(0.79)
{'1603'} debuggerd64(MB): 0.79,0.79,0.80,0.79,1.34,0.80,0.80,0.80,1.33,0.80,0.80,0.79,0.80,0.80,0.79,0.79,0.80,0.80,0.80,0.79,0.80,0.80,0.80,0.79,0.80,0.80,0.80,0.79,0.80,0.80,0.80,0.80,0.79,0.79,0.79,0.80,0.79,0.79,0.80,0.79,0.79,0.79,0.79
{'1603'} debuggerd64(MB): min(0.79) max(1.34) average(0.82)
{'1615'} virtualkeypad(MB): 0.78,0.78,0.78,0.78,0.78,0.78,0.78,0.78,0.78,0.78,0.78,0.78,0.78,0.78,0.78,0.78,0.78,0.78,0.78,0.78,0.78,0.78,0.78,0.78,0.78,0.78,0.78,0.78,0.78,0.78,0.72,0.72,0.72,0.72,0.72,0.72,0.72,0.72,0.72,0.55,0.55,0.55,0.55
{'1615'} virtualkeypad(MB): min(0.55) max(0.78) average(0.75)
{'3555'} adbd(MB): 0.71,0.71,0.71,0.71,0.71,0.70,0.71,0.71,0.71,0.71,0.71,0.71,0.71,0.71,0.71,0.71,0.71,0.71,0.71,0.71,0.71,0.71,0.71,0.71,0.71,0.71,0.71,0.71,0.71,0.71,0.71,0.71,0.71,0.71,0.71,0.70,0.71,0.71,0.71,0.71,0.71,0.71,0.71
{'3555'} adbd(MB): min(0.7) max(0.71) average(0.71)
{'1611'} netshared(MB): 0.59,0.59,0.59,0.59,0.59,0.59,0.59,0.59,0.59,0.59,0.59,0.59,0.59,0.59,0.59,0.59,0.59,0.59,0.59,0.59,0.59,0.59,0.59,0.59,0.59,0.59,0.59,0.59,0.59,0.59,0.59,0.59,0.59,0.59,0.59,0.59,0.59,0.58,0.58,0.58,0.58,0.58,0.58
{'1611'} netshared(MB): min(0.58) max(0.59) average(0.59)
{'5002'} dhcpcd(MB): 0.59,0.59,0.59,0.59,0.59,0.59,0.59,0.59,0.59,0.58,0.59,0.59,0.59,0.59,0.59,0.59,0.59,0.59,0.58,0.59,0.59,0.59,0.58,0.59,0.59,0.59,0.59,0.59,0.59,0.59,0.59,0.59,0.59,0.59,0.59,0.59,0.59,0.59,0.58,0.59,0.59,0.58,0.59
{'5002'} dhcpcd(MB): min(0.58) max(0.59) average(0.59)
{'1597'} lmkd(MB): 0.57,0.57,0.57,0.57,0.57,0.57,0.57,0.57,0.57,0.57,0.57,0.57,0.57,0.57,0.57,0.57,0.57,0.57,0.57,0.57,0.57,0.57,0.57,0.57,0.57,0.57,0.57,0.57,0.57,0.57,0.57,0.56,0.57,0.57,0.57,0.57,0.57,0.57,0.57,0.57,0.57,0.57,0.57
{'1597'} lmkd(MB): min(0.56) max(0.57) average(0.57)
{'1596'} healthd(MB): 0.57,0.57,0.57,0.57,0.57,0.57,0.57,0.57,0.57,0.57,0.57,0.57,0.57,0.57,0.57,0.57,0.57,0.57,0.57,0.57,0.57,0.57,0.57,0.57,0.57,0.57,0.57,0.57,0.57,0.57,0.57,0.57,0.57,0.57,0.57,0.57,0.57,0.57,0.57,0.57,0.57,0.57,0.57
{'1596'} healthd(MB): min(0.57) max(0.57) average(0.57)
{'21174', '21320', '21749', '20671', '22881', '22036', '21890', '23272', '21465', '22171', '22320', '20380', '20537', '21607', '20831', '23078', '21050', '22456', '23353', '22596', '22726'} dumpsys(MB): 0.51,0.00,0.50,0.00,0.51,0.00,0.51,0.00,0.50,0.00,0.51,0.00,0.50,0.00,0.51,0.00,0.51,0.00,0.51,0.00,0.50,0.00,0.51,0.00,0.50,0.00,0.50,0.00,0.50,0.00,0.50,0.00,0.51,0.00,0.50,0.00,0.50,0.00,0.51,0.50,0.00
{'21174', '21320', '21749', '20671', '22881', '22036', '21890', '23272', '21465', '22171', '22320', '20380', '20537', '21607', '20831', '23078', '21050', '22456', '23353', '22596', '22726'} dumpsys(MB): min(0.0) max(0.51) average(0.26)
{'1107'} ueventd(MB): 0.46,0.46,0.46,0.46,0.46,0.46,0.46,0.46,0.46,0.46,0.46,0.46,0.46,0.46,0.46,0.46,0.46,0.46,0.46,0.46,0.46,0.46,0.46,0.46,0.46,0.46,0.46,0.46,0.46,0.46,0.46,0.46,0.46,0.46,0.46,0.46,0.46,0.46,0.46,0.46,0.46,0.46,0.46
{'1107'} ueventd(MB): min(0.46) max(0.46) average(0.46)
{'1617'} coocaa_guard(MB): 0.45,0.45,0.45,0.45,0.45,0.45,0.45,0.45,0.45,0.45,0.45,0.45,0.45,0.45,0.45,0.45,0.45,0.45,0.45,0.45,0.45,0.45,0.45,0.45,0.45,0.45,0.45,0.45,0.45,0.45,0.44,0.44,0.44,0.44,0.44,0.44,0.44,0.44,0.44,0.44,0.44,0.44,0.44
{'1617'} coocaa_guard(MB): min(0.44) max(0.45) average(0.45)
{'1830'} logcat(MB): 0.43,0.43,0.43,0.43,0.43,0.43,0.43,0.43,0.43,0.43,0.43,0.43,0.43,0.43,0.43,0.43,0.43,0.43,0.43,0.43,0.43,0.43,0.43,0.43,0.43,0.43,0.43,0.43,0.43,0.43,0.43,0.43,0.43,0.43,0.43,0.43,0.43,0.43,0.43,0.43,0.43,0.43,0.43
{'1830'} logcat(MB): min(0.43) max(0.43) average(0.43)
{'1623'} teecd(MB): 0.43,0.43,0.43,0.43,0.43,0.43,0.43,0.43,0.43,0.43,0.43,0.43,0.43,0.43,0.43,0.43,0.43,0.43,0.43,0.43,0.43,0.43,0.43,0.43,0.43,0.43,0.43,0.43,0.43,0.43,0.43,0.43,0.43,0.43,0.43,0.43,0.43,0.41,0.41,0.41,0.41,0.41,0.41
{'1623'} teecd(MB): min(0.41) max(0.43) average(0.43)
{'1638', '1642', '1813', '22986', '5499', '21906', '22181', '22608', '1757', '21187', '20680', '1754', '15480'} sh(MB): 0.38,0.38,0.35,0.35,0.34,0.33,0.30,0.38,0.38,0.35,0.35,0.34,0.33,0.30,0.38,0.38,0.35,0.35,0.34,0.33,0.30,0.38,0.38,0.35,0.35,0.34,0.33,0.30,0.38,0.38,0.35,0.35,0.34,0.33,0.30,0.00,0.38,0.38,0.35,0.35,0.34,0.34,0.30,0.00,0.38,0.38,0.35,0.35,0.34,0.34,0.30,0.38,0.38,0.35,0.35,0.34,0.34,0.30,0.38,0.38,0.35,0.35,0.34,0.34,0.30,0.38,0.38,0.35,0.35,0.34,0.34,0.30,0.38,0.38,0.35,0.35,0.34,0.34,0.30,0.38,0.38,0.35,0.35,0.34,0.30,0.27,0.00,0.38,0.38,0.35,0.35,0.34,0.34,0.30,0.00,0.38,0.38,0.35,0.35,0.34,0.34,0.30,0.38,0.38,0.35,0.35,0.34,0.33,0.30,0.38,0.38,0.35,0.35,0.34,0.33,0.30,0.38,0.38,0.35,0.35,0.34,0.33,0.30,0.38,0.38,0.35,0.35,0.34,0.33,0.30,0.37,0.37,0.34,0.34,0.34,0.33,0.30,0.38,0.38,0.35,0.35,0.34,0.33,0.30,0.38,0.38,0.35,0.35,0.34,0.33,0.30,0.38,0.38,0.35,0.35,0.34,0.33,0.30,0.00,0.37,0.37,0.34,0.34,0.34,0.33,0.30,0.00,0.38,0.38,0.35,0.35,0.34,0.33,0.30,0.38,0.38,0.35,0.35,0.34,0.33,0.30,0.38,0.38,0.35,0.35,0.34,0.33,0.30,0.00,0.38,0.38,0.35,0.35,0.34,0.33,0.30,0.00,0.38,0.38,0.35,0.35,0.34,0.33,0.30,0.38,0.38,0.35,0.35,0.34,0.33,0.30,0.38,0.38,0.35,0.35,0.34,0.33,0.30,0.38,0.37,0.35,0.35,0.34,0.33,0.30,0.38,0.38,0.35,0.35,0.34,0.33,0.30,0.00,0.38,0.38,0.35,0.35,0.34,0.33,0.30,0.00,0.38,0.38,0.35,0.35,0.34,0.33,0.30,0.38,0.38,0.35,0.35,0.34,0.33,0.30,0.38,0.37,0.35,0.35,0.34,0.33,0.30,0.38,0.38,0.35,0.35,0.34,0.33,0.30,0.38,0.38,0.35,0.35,0.34,0.33,0.30,0.00,0.38,0.37,0.34,0.34,0.34,0.33,0.30,0.38,0.38,0.35,0.35,0.34,0.33,0.30,0.38,0.38,0.35,0.35,0.34,0.33,0.30,0.37,0.37,0.34,0.34,0.34,0.33,0.30,0.38,0.38,0.35,0.35,0.34,0.33,0.30
{'1638', '1642', '1813', '22986', '5499', '21906', '22181', '22608', '1757', '21187', '20680', '1754', '15480'} sh(MB): min(0.0) max(0.38) average(0.33)
{'1606'} installd(MB): 0.36,0.36,0.36,0.36,0.36,0.36,0.36,0.36,0.36,0.36,0.36,0.36,0.36,0.36,0.36,0.36,0.36,0.36,0.36,0.36,0.36,0.36,0.36,0.36,0.36,0.36,0.36,0.36,0.36,0.36,0.31,0.31,0.31,0.31,0.31,0.31,0.31,0.31,0.31,0.31,0.31,0.31,0.31
{'1606'} installd(MB): min(0.31) max(0.36) average(0.34)
{'1602'} debuggerd(MB): 0.34,0.34,0.34,0.34,0.34,0.34,0.34,0.34,0.34,0.34,0.34,0.34,0.34,0.34,0.34,0.34,0.34,0.34,0.34,0.34,0.34,0.34,0.34,0.34,0.34,0.34,0.34,0.34,0.34,0.34,0.33,0.33,0.33,0.33,0.33,0.33,0.33,0.33,0.33,0.33,0.33,0.33,0.33
{'1602'} debuggerd(MB): min(0.33) max(0.34) average(0.34)
{'1598'} servicemanager(MB): 0.32,0.32,0.32,0.32,0.32,0.32,0.32,0.32,0.32,0.32,0.32,0.32,0.32,0.32,0.32,0.32,0.32,0.32,0.32,0.32,0.32,0.32,0.32,0.32,0.32,0.32,0.32,0.32,0.32,0.32,0.32,0.32,0.32,0.32,0.32,0.32,0.32,0.32,0.32,0.32,0.32,0.32,0.32
{'1598'} servicemanager(MB): min(0.32) max(0.32) average(0.32)
{'1618'} hidrawd(MB): 0.26,0.26,0.26,0.26,0.26,0.26,0.26,0.26,0.26,0.26,0.26,0.26,0.26,0.26,0.26,0.26,0.26,0.26,0.26,0.26,0.26,0.26,0.26,0.26,0.26,0.26,0.26,0.26,0.26,0.26,0.20,0.20,0.20,0.20,0.20,0.20,0.20,0.20,0.20,0.20,0.20,0.20,0.20
{'1618'} hidrawd(MB): min(0.2) max(0.26) average(0.24)
{'2029'} smobsd(MB): 0.23,0.23,0.23,0.23,0.23,0.23,0.23,0.23,0.23,0.23,0.23,0.23,0.23,0.23,0.23,0.23,0.23,0.23,0.23,0.23,0.23,0.23,0.23,0.23,0.23,0.23,0.23,0.23,0.23,0.23,0.23,0.23,0.23,0.23,0.23,0.23,0.23,0.23,0.23,0.23,0.23,0.23,0.23
{'2029'} smobsd(MB): min(0.23) max(0.23) average(0.23)
{'21909', '22989', '20683', '22184', '21190', '22611'} grep(MB): 0.00,0.00,0.00,0.00,0.00,0.00,0.00,0.00,0.00,0.00,0.00
{'21909', '22989', '20683', '22184', '21190', '22611'} grep(MB): min(0.0) max(0.0) average(0.0)
{'21189'} ps(MB): 0.00,0.00
{'21189'} ps(MB): min(0.0) max(0.0) average(0.0)
{'22615'} getprop(MB): 0.00,0.00
{'22615'} getprop(MB): min(0.0) max(0.0) average(0.0)
