usr: 72.0,16.2,25.5,53.6,18.6,18.6,40.4,34.8,40.4,51.1,18.1,18.6,14.2,26.6,44.4,19.5,30.2,21.4,4.8,18.6,4.6,24.4,46.6,13.6,39.5,37.2,41.3,2.2,55.8,16.6,9.5,38.6,52.3,44.1,11.9,2.2,46.6,23.2,39.5,15.5,30.9,16.2,26.6,33.3,62.2,54.3,18.6,20.4,38.0,23.2,21.4,44.4,4.6,27.2,19.0,60.4,30.2,16.6,25.5,68.8,58.1,2.3,25.5,27.2,28.5,40.4,53.0,64.4,50.0,33.3,44.4,26.1
usr: min(2.2) max(72.0) average(31.22)
sys: 20.9,4.6,23.2,19.5,11.6,9.3,11.9,18.6,23.8,25.5,13.6,18.6,9.5,8.8,20.0,12.1,23.2,11.9,7.3,16.2,9.3,15.5,17.7,13.6,27.9,6.9,36.9,4.5,18.6,14.2,9.5,18.1,7.1,18.6,4.7,4.5,44.4,11.6,16.2,13.3,16.6,9.3,6.6,23.8,13.3,26.0,6.9,11.3,21.4,16.2,16.6,17.7,4.6,22.7,9.5,23.2,9.3,9.5,20.9,20.0,18.6,4.6,9.3,22.7,16.6,21.4,36.7,31.1,20.4,22.2,26.6,11.9
sys: min(4.5) max(44.4) average(16.26)
nic: 0.0,0.0,0.0,0.0,0.0,0.0,0.0,0.0,0.0,0.0,0.0,0.0,0.0,0.0,0.0,0.0,0.0,0.0,0.0,0.0,0.0,0.0,0.0,0.0,0.0,0.0,0.0,0.0,0.0,0.0,0.0,0.0,0.0,0.0,0.0,0.0,0.0,0.0,0.0,0.0,0.0,0.0,0.0,0.0,0.0,0.0,0.0,0.0,0.0,0.0,0.0,0.0,0.0,0.0,0.0,0.0,0.0,0.0,0.0,0.0,0.0,0.0,0.0,0.0,0.0,0.0,0.0,0.0,0.0,0.0,0.0,0.0
nic: min(0.0) max(0.0) average(0.0)
idle: 6.9,79.0,51.1,21.9,69.7,69.7,47.6,46.5,35.7,23.2,68.1,60.4,76.1,64.4,35.5,68.2,46.5,66.6,87.8,65.1,86.0,60.0,31.1,72.7,32.5,55.8,21.7,93.1,25.5,69.0,80.9,43.1,40.4,37.2,83.3,93.1,8.8,60.4,44.1,71.1,52.3,74.4,62.2,42.8,22.2,17.3,74.4,68.1,40.4,60.4,61.9,35.5,90.6,50.0,69.0,13.9,60.4,73.8,53.4,11.1,23.2,93.0,65.1,50.0,54.7,38.0,8.1,2.2,29.5,44.4,28.8,61.9
idle: min(2.2) max(93.1) average(51.84)
io: 0.0,0.0,0.0,0.0,0.0,0.0,0.0,0.0,0.0,0.0,0.0,0.0,0.0,0.0,0.0,0.0,0.0,0.0,0.0,0.0,0.0,0.0,2.2,0.0,0.0,0.0,0.0,0.0,0.0,0.0,0.0,0.0,0.0,0.0,0.0,0.0,0.0,2.3,0.0,0.0,0.0,0.0,2.2,0.0,0.0,0.0,0.0,0.0,0.0,0.0,0.0,0.0,0.0,0.0,2.3,0.0,0.0,0.0,0.0,0.0,0.0,0.0,0.0,0.0,0.0,0.0,0.0,0.0,0.0,0.0,0.0,0.0
io: min(0.0) max(2.3) average(0.12)
irq: 0.0,0.0,0.0,0.0,0.0,0.0,0.0,0.0,0.0,0.0,0.0,0.0,0.0,0.0,0.0,0.0,0.0,0.0,0.0,0.0,0.0,0.0,0.0,0.0,0.0,0.0,0.0,0.0,0.0,0.0,0.0,0.0,0.0,0.0,0.0,0.0,0.0,0.0,0.0,0.0,0.0,0.0,0.0,0.0,0.0,0.0,0.0,0.0,0.0,0.0,0.0,0.0,0.0,0.0,0.0,0.0,0.0,0.0,0.0,0.0,0.0,0.0,0.0,0.0,0.0,0.0,0.0,0.0,0.0,0.0,0.0,0.0
irq: min(0.0) max(0.0) average(0.0)
sirq: 0.0,0.0,0.0,4.8,0.0,2.3,0.0,0.0,0.0,0.0,0.0,2.3,0.0,0.0,0.0,0.0,0.0,0.0,0.0,0.0,0.0,0.0,2.2,0.0,0.0,0.0,0.0,0.0,0.0,0.0,0.0,0.0,0.0,0.0,0.0,0.0,0.0,2.3,0.0,0.0,0.0,0.0,2.2,0.0,2.2,2.1,0.0,0.0,0.0,0.0,0.0,2.2,0.0,0.0,0.0,2.3,0.0,0.0,0.0,0.0,0.0,0.0,0.0,0.0,0.0,0.0,2.0,2.2,0.0,0.0,0.0,0.0
sirq: min(0.0) max(4.8) average(0.4)
{'17584'} com.coocaa.aigc.home: 53.4,6.9,12.7,61.4,2.3,0.0,23.0,18.6,18.3,25.5,9.0,0.0,7.1,13.8,17.7,17.0,12.3,11.0,1.7,2.1,0.0,2.2,39.9,4.5,13.9,27.9,8.6,0.0,30.2,0.0,0.0,16.8,42.7,20.1,4.7,0.0,30.3,2.3,13.9,13.3,15.1,17.0,15.5,16.6,31.0,30.3,13.7,17.8,25.1,0.0,4.7,36.4,0.0,12.4,10.9,31.6,17.5,13.0,6.9,59.9,37.2,0.0,16.2,12.0,15.0
{'17584'} com.coocaa.aigc.home: min(0.0) max(61.4) average(16.01)
{'2235'} system_server: 13.9,0.0,25.4,0.0,23.2,0.0,12.5,27.9,22.9,25.5,0.0,27.9,2.3,3.9,26.6,0.0,24.6,2.2,1.7,23.9,0.0,26.6,4.4,0.0,25.5,6.9,28.1,0.0,25.5,28.5,0.0,21.0,2.3,24.6,2.3,0.0,26.0,4.6,23.2,0.0,23.7,0.0,0.0,26.1,2.2,28.1,0.0,0.0,27.4,2.3,23.7,0.0,0.0,22.8,2.1,31.6,0.0,0.0,25.5,2.2,27.9,0.0,2.3,22.0,0.0,28.5,14.2,24.4,0.0,0.0,24.4,0.0
{'2235'} system_server: min(0.0) max(31.6) average(12.16)
{'1595'} /system/bin/logd: 6.9,4.6,9.3,2.0,6.8,11.6,4.5,2.3,3.9,6.6,6.6,2.2,4.4,2.2,9.3,6.5,9.3,4.7,6.3,7.1,6.7,4.7,6.5,13.9,6.9,2.1,6.6,2.3,17.7,8.6,16.2,8.5,2.1,6.7,4.3,4.6,4.4,2.3,4.6,4.0,6.4,12.2,2.2,4.4,2.2,2.1
{'1595'} /system/bin/logd: min(2.0) max(17.7) average(6.09)
{'21472', '21176', '22478', '21644', '22966', '23324', '21778', '21609', '20895', '23183', '20376', '22516', '20465', '22091', '20809', '21318', '22636', '20638', '20942', '21137', '21013', '22139', '22254', '21403', '22310', '22430', '23270', '23415', '20729', '22561', '20859', '22223', '22012', '23053', '22397', '21949', '21899', '21096', '21264', '21975', '23232', '21856', '22850', '20975', '22939', '22716', '22053', '20582', '22806', '21699', '22766', '20415', '22598', '23109', '21230', '21349', '20504', '22678', '21526', '22342', '21815', '20545', '20767'} 1-ntopbusybox: 4.6,2.3,2.1,2.3,2.3,2.3,2.0,2.2,2.3,2.2,2.3,2.3,1.9,2.2,2.4,2.2,1.7,2.1,2.3,2.2,2.2,2.2,2.3,2.1,2.2,2.3,2.3,2.1,2.2,2.3,2.2,2.1,2.3,2.3,2.2,2.1,2.1,2.2,2.2,2.1,1.9,1.9,2.2,2.3,2.3,2.1,2.3,2.0,2.1,2.2,2.1,1.8,2.3,2.2,1.1,2.3,2.1,2.3,2.0,2.2,2.2,2.2,2.1
{'21472', '21176', '22478', '21644', '22966', '23324', '21778', '21609', '20895', '23183', '20376', '22516', '20465', '22091', '20809', '21318', '22636', '20638', '20942', '21137', '21013', '22139', '22254', '21403', '22310', '22430', '23270', '23415', '20729', '22561', '20859', '22223', '22012', '23053', '22397', '21949', '21899', '21096', '21264', '21975', '23232', '21856', '22850', '20975', '22939', '22716', '22053', '20582', '22806', '21699', '22766', '20415', '22598', '23109', '21230', '21349', '20504', '22678', '21526', '22342', '21815', '20545', '20767'} 1-ntopbusybox: min(1.1) max(4.6) average(2.2)
{'1605'} /system/bin/mediaserver: 2.3,2.1,2.3,2.4,2.0,1.7,2.3,2.1,2.1,2.2,2.3,2.2,1.9,2.2,1.8,1.1,2.0,2.1,2.3,10.1,4.4,2.2,4.4,4.4,2.1
{'1605'} /system/bin/mediaserver: min(1.1) max(10.1) average(2.68)
{'1613'} /system/bin/tvserver: 2.3,2.3,2.3,2.3,2.2,2.3,3.9,1.7,2.1,2.1,2.1,2.3,2.1,1.9,2.1,4.5,2.1,1.8,2.3,2.2,1.1,2.0,2.3,2.0,2.2,2.2,2.2
{'1613'} /system/bin/tvserver: min(1.1) max(4.5) average(2.26)
{'1032'} [ThreadCommipMan]: 2.3,2.0
{'1032'} [ThreadCommipMan]: min(2.0) max(2.3) average(2.15)
{'19819'} com.coocaa.sysreport: 0.0,0.0,0.0,0.0,0.0,2.3,0.0,0.0,4.5,2.3,0.0,2.3,0.0,0.0,0.0,0.0,0.0,0.0,0.0,0.0,0.0,0.0,4.4,0.0,0.0,0.0,0.0,0.0,0.0,0.0,0.0,0.0,0.0,0.0,0.0,0.0,0.0,2.3,0.0,0.0,0.0,0.0,0.0,0.0,6.6,0.0,0.0,0.0,0.0,0.0,0.0,0.0,0.0,0.0,4.3,0.0,0.0,0.0,0.0,0.0,0.0,0.0,0.0,0.0,0.0,0.0,0.0,0.0,0.0,0.0,0.0,0.0
{'19819'} com.coocaa.sysreport: min(0.0) max(6.6) average(0.4)
{'3139'} com.tianci.push: 0.0,0.0,0.0,0.0,0.0,0.0,0.0,0.0,0.0,0.0,0.0,0.0,0.0,0.0,0.0,0.0,0.0,0.0,0.0,0.0,0.0,0.0,0.0,0.0,0.0,0.0,0.0,0.0,0.0,0.0,0.0,0.0,0.0,0.0,0.0,0.0,0.0,0.0,0.0,0.0,0.0,0.0,0.0,0.0,0.0,0.0,0.0,0.0,0.0,0.0,0.0,0.0,0.0,0.0,0.0,0.0,0.0,0.0,0.0,0.0,0.0,0.0,0.0,0.0,0.0,0.0,0.0,0.0,0.0,0.0,0.0,0.0
{'3139'} com.tianci.push: min(0.0) max(0.0) average(0.0)
{'2472'} com.android.systemui: 0.0,0.0,0.0,0.0,0.0,0.0,0.0,0.0,0.0,0.0,0.0,0.0,0.0,0.0,0.0,0.0,0.0,0.0,0.0,0.0,0.0,0.0,0.0,0.0,0.0,0.0,0.0,0.0,0.0,0.0,0.0,0.0,0.0,0.0,0.0,0.0,0.0,0.0,0.0,0.0,0.0,0.0,0.0,0.0,0.0,0.0,0.0,0.0,0.0,0.0,0.0,0.0,0.0,0.0,0.0,0.0,0.0,0.0,0.0,0.0,0.0,0.0,0.0,0.0,0.0,0.0,0.0,0.0,0.0,0.0,0.0,0.0
{'2472'} com.android.systemui: min(0.0) max(0.0) average(0.0)
{'2682'} com.tianci.movieplatform: 0.0,0.0,2.1,2.3,0.0,0.0,0.0,0.0,2.2,0.0,0.0,0.0,0.0,0.0,2.2,0.0,2.0,0.0,0.0,0.0,0.0,2.2,0.0,0.0,2.3,2.3,0.0,2.2,0.0,0.0,2.3,0.0,0.0,2.2,0.0,0.0,0.0,2.3,0.0,0.0,4.3,2.1,0.0,0.0,0.0,2.1,1.9,1.9,2.2,0.0,0.0,0.0,0.0,2.0,0.0,0.0,2.1,1.8,0.0,0.0,2.3,1.1,2.3,0.0,2.1,16.6,26.4,46.5,43.1,19.9,22.1,19.0
{'2682'} com.tianci.movieplatform: min(0.0) max(46.5) average(3.45)
{'2511'} android.process.media: 0.0,0.0,0.0,0.0,0.0,0.0,0.0,0.0,0.0,0.0,0.0,0.0,0.0,0.0,0.0,0.0,0.0,0.0,0.0,0.0,0.0,0.0,0.0,0.0,0.0,0.0,0.0,0.0,0.0,0.0,0.0,0.0,0.0,0.0,0.0,0.0,0.0,0.0,0.0,0.0,0.0,0.0,0.0,0.0,0.0,0.0,0.0,0.0,0.0,0.0,0.0,0.0,0.0,0.0,0.0,0.0,0.0,0.0,0.0,0.0,0.0,0.0,0.0,0.0,0.0,0.0,0.0,0.0,0.0,0.0,0.0,0.0
{'2511'} android.process.media: min(0.0) max(0.0) average(0.0)
{'2642'} com.skyworth.android.skyRMService: 0.0,0.0,0.0,0.0,0.0,0.0,0.0,0.0,0.0,0.0,0.0,0.0,0.0,0.0,0.0,0.0,0.0,0.0,0.0,0.0,0.0,0.0,0.0,0.0,0.0,0.0,0.0,0.0,0.0,0.0,0.0,0.0,0.0,0.0,0.0,0.0,0.0,0.0,0.0,0.0,0.0,0.0,0.0,0.0,0.0,0.0,0.0,0.0,0.0,0.0,0.0,0.0,0.0,0.0,0.0,0.0,0.0,0.0,0.0,0.0,0.0,0.0,0.0,0.0,0.0,0.0,0.0,0.0,0.0,0.0,0.0,0.0
{'2642'} com.skyworth.android.skyRMService: min(0.0) max(0.0) average(0.0)
{'2592'} com.android.externalstorage: 0.0,0.0,0.0,0.0,0.0,0.0,0.0,0.0,0.0,0.0,0.0,0.0,0.0,0.0,0.0,0.0,0.0,0.0,0.0,0.0,0.0,0.0,0.0,0.0,0.0,0.0,0.0,0.0,0.0,0.0,0.0,0.0,0.0,0.0,0.0,0.0,0.0,0.0,0.0,0.0,0.0,0.0,0.0,0.0,0.0,0.0,0.0,0.0,0.0,0.0,0.0,0.0,0.0,0.0,0.0,0.0,0.0,0.0,0.0,0.0,0.0,0.0,0.0,0.0,0.0,0.0,0.0,0.0,0.0,0.0,0.0,0.0
{'2592'} com.android.externalstorage: min(0.0) max(0.0) average(0.0)
{'3809'} com.android.managedprovisioning: 0.0,0.0,0.0,0.0,0.0,0.0,0.0,0.0,0.0,0.0,0.0,0.0,0.0,0.0,0.0,0.0,0.0,0.0,0.0,0.0,0.0,0.0,0.0,0.0,0.0,0.0,0.0,0.0,0.0,0.0,0.0,0.0,0.0,0.0,0.0,0.0,0.0,0.0,0.0,0.0,0.0,0.0,0.0,0.0,0.0,0.0,0.0,0.0,0.0,0.0,0.0,0.0,0.0,0.0,0.0,0.0,0.0,0.0,0.0,0.0,0.0,0.0,0.0,0.0,0.0,0.0,0.0,0.0,0.0,0.0,0.0,0.0
{'3809'} com.android.managedprovisioning: min(0.0) max(0.0) average(0.0)
{'2781'} com.android.defcontainer: 0.0,0.0,0.0,0.0,0.0,0.0,0.0,0.0,0.0,0.0,0.0,0.0,0.0,0.0,0.0,0.0,0.0,0.0,0.0,0.0,0.0,0.0,0.0,0.0,0.0,0.0,0.0,0.0,0.0,0.0,0.0,0.0,0.0,0.0,0.0,0.0,0.0,0.0,0.0,0.0,0.0,0.0,0.0,0.0,0.0,0.0,0.0,0.0,0.0,0.0,0.0,0.0,0.0,0.0,0.0,0.0,0.0,0.0,0.0,0.0,0.0,0.0,0.0,0.0,0.0,0.0,0.0,0.0,0.0,0.0,0.0
{'2781'} com.android.defcontainer: min(0.0) max(0.0) average(0.0)
{'1619'} zygote64: 0.0,0.0,0.0,0.0,0.0,0.0,0.0,0.0,0.0,0.0,0.0,0.0,0.0,0.0,0.0,0.0,0.0,0.0,0.0,0.0,0.0,0.0,0.0,0.0,0.0,0.0,0.0,0.0,0.0,0.0,0.0,0.0,0.0,0.0,0.0,0.0,0.0,0.0,0.0,0.0,0.0,0.0,0.0,0.0,0.0,0.0,0.0,0.0,0.0,0.0,0.0,0.0,0.0,0.0,0.0,0.0,0.0,0.0,0.0,0.0,0.0,0.0,0.0,0.0,0.0,0.0,0.0,0.0,0.0,0.0,0.0
{'1619'} zygote64: min(0.0) max(0.0) average(0.0)
{'5501'} com.wetest.uia2.Main/app_process: 0.0,0.0,0.0,0.0,0.0,0.0,6.2,0.0,0.0,0.0,0.0,0.0,0.0,0.0,0.0,0.0,0.0,0.0,0.0,0.0,0.0,0.0,4.4,0.0,0.0,4.6,2.1,0.0,0.0,0.0,0.0,0.0,0.0,0.0,0.0,0.0,0.0,0.0,0.0,0.0,0.0,0.0,0.0,0.0,0.0,0.0,0.0,0.0,0.0,0.0,0.0,0.0,0.0,0.0,2.2,2.1,0.0,0.0,0.0,0.0,0.0,0.0,0.0,0.0,0.0,0.0,0.0,0.0,0.0,0.0
{'5501'} com.wetest.uia2.Main/app_process: min(0.0) max(6.2) average(0.31)
{'4455'} com.skyworth.angel.voice: 0.0,0.0,0.0,0.0,0.0,0.0,0.0,0.0,0.0,0.0,2.2,0.0,0.0,0.0,0.0,0.0,0.0,0.0,0.0,0.0,0.0,0.0,0.0,0.0,0.0,0.0,0.0,0.0,0.0,0.0,0.0,0.0,0.0,0.0,0.0,0.0,0.0,0.0,0.0,0.0,0.0,0.0,0.0,0.0,0.0,0.0,0.0,0.0,0.0,0.0,0.0,0.0,0.0,0.0,0.0,0.0,0.0,0.0,0.0,0.0,0.0,0.0,0.0,2.2,0.0,0.0
{'4455'} com.skyworth.angel.voice: min(0.0) max(2.2) average(0.07)
{'5093'} com.tianci.de: 0.0,2.3,2.1,2.3,0.0,0.0,0.0,2.3,2.2,2.3,2.2,0.0,0.0,1.9,0.0,0.0,4.1,2.2,1.7,2.1,0.0,2.2,0.0,4.6,0.0,2.1,2.2,0.0,0.0,0.0,4.2,2.3,2.2,0.0,2.2,2.1,2.3,2.3,2.2,0.0,0.0,0.0,0.0,2.2,0.0,1.9,1.9,0.0,0.0,2.1,2.3,4.1,0.0,2.2,2.1,1.8,4.6,4.4,2.3,1.1,2.3,2.0,2.1,2.3,4.0,2.2,2.2,2.2,2.2,2.1
{'5093'} com.tianci.de: min(0.0) max(4.6) average(1.65)
{'2544'} com.tianci.system: 0.0,0.0,0.0,0.0,0.0,0.0,0.0,0.0,0.0,0.0,0.0,0.0,0.0,0.0,0.0,0.0,0.0,0.0,0.0,0.0,2.3,0.0,0.0,0.0,0.0,0.0,0.0,0.0,0.0,0.0,0.0,0.0,0.0,0.0,0.0,0.0,0.0,0.0,2.1,0.0,0.0,0.0,0.0,0.0,0.0,2.2
{'2544'} com.tianci.system: min(0.0) max(2.3) average(0.14)
{'4686'} com.skyworth.setting: 0.0,0.0,0.0,0.0,0.0,0.0,0.0,0.0,0.0,0.0,0.0,0.0,0.0,0.0,0.0,0.0,0.0,0.0,0.0,0.0,0.0,0.0,0.0,0.0,0.0,0.0,0.0,0.0,0.0,0.0,0.0
{'4686'} com.skyworth.setting: min(0.0) max(0.0) average(0.0)
{'2975'} com.coocaa.os.ccosservice: 0.0,0.0,0.0,0.0,0.0,0.0,0.0,0.0,0.0,0.0,0.0,0.0,0.0,0.0,0.0,0.0,0.0,0.0
{'2975'} com.coocaa.os.ccosservice: min(0.0) max(0.0) average(0.0)
{'7'} [rcu_sched]: 2.1,2.2,2.3
{'7'} [rcu_sched]: min(2.1) max(2.3) average(2.2)
{'1600'} /system/bin/surfaceflinger: 4.7,2.3,4.5,2.3,3.9,4.4,4.8,6.1,4.4,2.2,2.3,2.1,2.3,4.4,2.3,2.2,2.2,4.7,4.4,2.1,3.9,3.9,2.2,2.3,2.3,2.1,4.1,2.1,2.2,4.3,3.7,4.4,2.3,2.3,2.0,4.3,4.7,12.2,4.4,6.8,6.6,6.6,6.3
{'1600'} /system/bin/surfaceflinger: min(2.0) max(12.2) average(3.83)
{'914'} [mmcqd/0]: 2.3,2.3,2.3,2.3,2.2,2.1,2.1,2.2,2.1
{'914'} [mmcqd/0]: min(2.1) max(2.3) average(2.21)
{'975'} tas]main[HDMIRX: 2.3
{'975'} tas]main[HDMIRX: min(2.3) max(2.3) average(2.3)
{'1830'} -threadtime-v/system/bin/logcat: 2.3,2.0,2.2,2.2,2.1,2.3,2.0
{'1830'} -threadtime-v/system/bin/logcat: min(2.0) max(2.3) average(2.16)
{'1642', '1813'} /system/bin/log_cap/system/bin/sh: 2.0,2.1,2.2
{'1642', '1813'} /system/bin/log_cap/system/bin/sh: min(2.0) max(2.2) average(2.1)
{'976'} task]main[CEC: 2.0,2.1,2.3
{'976'} task]main[CEC: min(2.0) max(2.3) average(2.13)
{'16732'} [kworker/1:2]: 2.3
{'16732'} [kworker/1:2]: min(2.3) max(2.3) average(2.3)
{'22429', '23361', '21348', '20806'} 2-d3-ntopbusybox: 4.5,2.2,4.6,4.4
{'22429', '23361', '21348', '20806'} 2-d3-ntopbusybox: min(2.2) max(4.6) average(3.93)
{'1881'} [VdecKernelThrea]: 1.9,2.2,2.3,2.3,2.2
{'1881'} [VdecKernelThrea]: min(1.9) max(2.3) average(2.18)
{'1757'} /system/bin/imi_chmod_permissiosh: 2.4,2.3,2.1
{'1757'} /system/bin/imi_chmod_permissiosh: min(2.1) max(2.4) average(2.27)
{'11913'} [kworker/u8:1]: 2.0,2.1
{'11913'} [kworker/u8:1]: min(2.0) max(2.1) average(2.05)
{'15126'} [kworker/u8:3]: 1.7,2.3,1.9
{'15126'} [kworker/u8:3]: min(1.7) max(2.3) average(1.97)
{'2453'} com.bajintech.karaok: 2.1,0.0,0.0,0.0,0.0,0.0
{'2453'} com.bajintech.karaok: min(0.0) max(2.1) average(0.35)
{'1554'} [jbd2/mmcblk0p23]: 2.2,2.3
{'1554'} [jbd2/mmcblk0p23]: min(2.2) max(2.3) average(2.25)
{'3555'} --root_seclabel=u:r:su:/sbin/adbd: 2.2,2.2
{'3555'} --root_seclabel=u:r:su:/sbin/adbd: min(2.2) max(2.2) average(2.2)
{'3613'} com.android.bluetooth: 0.0
{'3613'} com.android.bluetooth: min(0.0) max(0.0) average(0.0)
{'820'} [cfinteractive]: 2.3
{'820'} [cfinteractive]: min(2.3) max(2.3) average(2.3)
{'517'} [kswapd0]: 19.5,2.1
{'517'} [kswapd0]: min(2.1) max(19.5) average(10.8)
{'18678'} [kworker/u8:2]: 2.1
{'18678'} [kworker/u8:2]: min(2.1) max(2.1) average(2.1)
{'1603'} /system/bin/debuggerd64: 6.9,6.4
{'1603'} /system/bin/debuggerd64: min(6.4) max(6.9) average(6.65)
{'3'} [ksoftirqd/0]: 2.1
{'3'} [ksoftirqd/0]: min(2.1) max(2.1) average(2.1)
{'3020'} [RTW_CMD_THREAD]: 2.1,2.2
{'3020'} [RTW_CMD_THREAD]: min(2.1) max(2.2) average(2.15)
{'22765'} [kworker/u8:0]: 2.2,2.1,2.3,2.1
{'22765'} [kworker/u8:0]: min(2.1) max(2.3) average(2.18)
{'1076'} [HI_VPSS_Process]: 1.1,2.2,2.2,2.2,2.2,2.1
{'1076'} [HI_VPSS_Process]: min(1.1) max(2.2) average(2.0)
{'3842'} com.skyworth.dtv: 2.0
{'3842'} com.skyworth.dtv: min(2.0) max(2.0) average(2.0)
{'21365'} [kworker/1:0]: 2.0
{'21365'} [kworker/1:0]: min(2.0) max(2.0) average(2.0)
{'20041'} [kworker/0:0]: 2.1
{'20041'} [kworker/0:0]: min(2.1) max(2.1) average(2.1)
{'23181'} [OmxVdecTask]: 2.0
{'23181'} [OmxVdecTask]: min(2.0) max(2.0) average(2.0)
