total_ram(MB): 1836.71,1836.71,1836.71,1836.71,1836.71,1836.71,1836.71,1836.71,1836.71,1836.71,1836.71,1836.71,1836.71,1836.71,1836.71,1836.71,1836.71,1836.71,1836.71,1836.71,1836.71,1836.71,1836.71,1836.71,1836.71,1836.71,1836.71,1836.71,1836.71,1836.71,1836.71,1836.71,1836.71,1836.71,1836.71,1836.71,1836.71,1836.71,1836.71,1836.71,1836.71,1836.71,1836.71,1836.71
total_ram(MB): min(1836.71) max(1836.71) average(1836.71)
free_ram(MB): 772.77,762.42,721.87,704.90,715.56,720.45,731.38,727.65,721.41,720.63,702.83,667.54,705.18,699.59,692.06,691.88,708.71,700.87,696.76,695.05,661.22,696.26,699.37,671.47,671.11,666.86,661.81,662.74,660.23,665.07,663.90,662.38,665.69,667.11,668.57,668.63,666.30,664.46,668.71,666.59,666.57,667.08,667.13,664.21
free_ram(MB): min(660.23) max(772.77) average(688.7)
used_ram(MB): 1703.87,1712.10,1753.19,1763.67,1756.06,1748.25,1749.62,1745.78,1744.76,1753.75,1752.58,1792.70,1763.13,1756.87,1765.67,1765.35,1754.75,1756.57,1760.93,1759.27,1790.35,1754.50,1758.20,1765.55,1764.24,1768.92,1773.51,1774.99,1769.55,1773.77,1773.15,1773.28,1774.45,1770.67,1766.29,1768.13,1765.27,1771.24,1766.63,1765.94,1766.27,1770.26,1765.84,1767.58
used_ram(MB): min(1703.87) max(1792.7) average(1761.76)
lost_ram(MB): -639.94,-637.81,-638.35,-631.87,-634.91,-631.99,-644.28,-636.72,-629.46,-637.68,-618.71,-623.53,-631.60,-619.75,-621.02,-620.52,-626.75,-620.74,-620.99,-617.61,-614.86,-614.06,-620.86,-600.32,-598.64,-599.07,-598.62,-601.02,-593.07,-602.13,-600.34,-598.96,-603.43,-601.07,-598.15,-600.05,-594.87,-598.99,-598.63,-595.82,-596.14,-600.64,-596.27,-595.08
lost_ram(MB): min(-644.28) max(-593.07) average(-613.76)
free(MB): 432.83,419.25,374.15,358.14,351.81,330.04,339.67,553.39,541.38,537.16,518.57,522.70,524.41,515.75,505.56,505.51,520.20,505.27,494.08,490.26,485.99,484.39,486.52,460.71,454.18,448.26,440.49,438.97,434.26,439.41,438.41,437.41,439.04,439.96,442.84,441.22,438.45,438.09,441.74,438.07,438.65,439.38,437.95,435.45
free(MB): min(330.04) max(553.39) average(455.91)
used_pss(MB): 758.10,766.24,806.42,815.46,807.94,798.82,799.15,798.81,797.77,806.78,805.37,847.60,817.91,811.57,820.37,819.96,809.33,811.04,815.28,813.61,844.60,808.74,812.18,819.46,817.97,822.56,827.06,828.59,823.30,827.33,826.71,826.98,828.15,824.32,819.99,821.94,819.14,825.04,820.48,819.80,820.11,824.10,819.79,821.53
used_pss(MB): min(758.1) max(847.6) average(815.4)
kernel(MB): 0.00,0.00,0.00,0.00,0.00,0.00,0.00,0.00,0.00,0.00,0.00,0.00,0.00,0.00,0.00,0.00,0.00,0.00,0.00,0.00,0.00,0.00,0.00,0.00,0.00,0.00,0.00,0.00,0.00,0.00,0.00,0.00,0.00,0.00,0.00,0.00,0.00,0.00,0.00,0.00,0.00,0.00,0.00,0.00
kernel(MB): min(0.0) max(0.0) average(0.0)
buffers(MB): 0.00,0.00,0.00,0.00,0.00,0.00,0.00,0.00,0.00,0.00,0.00,0.00,0.00,0.00,0.00,0.00,0.00,0.00,0.00,0.00,0.00,0.00,0.00,0.00,0.00,0.00,0.00,0.00,0.00,0.00,0.00,0.00,0.00,0.00,0.00,0.00,0.00,0.00,0.00,0.00,0.00,0.00,0.00,0.00
buffers(MB): min(0.0) max(0.0) average(0.0)
shmem(MB): 0.00,0.00,0.00,0.00,0.00,0.00,0.00,0.00,0.00,0.00,0.00,0.00,0.00,0.00,0.00,0.00,0.00,0.00,0.00,0.00,0.00,0.00,0.00,0.00,0.00,0.00,0.00,0.00,0.00,0.00,0.00,0.00,0.00,0.00,0.00,0.00,0.00,0.00,0.00,0.00,0.00,0.00,0.00,0.00
shmem(MB): min(0.0) max(0.0) average(0.0)
slab(MB): 0.00,0.00,0.00,0.00,0.00,0.00,0.00,0.00,0.00,0.00,0.00,0.00,0.00,0.00,0.00,0.00,0.00,0.00,0.00,0.00,0.00,0.00,0.00,0.00,0.00,0.00,0.00,0.00,0.00,0.00,0.00,0.00,0.00,0.00,0.00,0.00,0.00,0.00,0.00,0.00,0.00,0.00,0.00,0.00
slab(MB): min(0.0) max(0.0) average(0.0)
total_swap(MB): 0.00,0.00,0.00,0.00,0.00,0.00,0.00,0.00,0.00,0.00,0.00,0.00,0.00,0.00,0.00,0.00,0.00,0.00,0.00,0.00,0.00,0.00,0.00,0.00,0.00,0.00,0.00,0.00,0.00,0.00,0.00,0.00,0.00,0.00,0.00,0.00,0.00,0.00,0.00,0.00,0.00,0.00,0.00,0.00
total_swap(MB): min(0.0) max(0.0) average(0.0)
used_swap(MB): 0.00,0.00,0.00,0.00,0.00,0.00,0.00,0.00,0.00,0.00,0.00,0.00,0.00,0.00,0.00,0.00,0.00,0.00,0.00,0.00,0.00,0.00,0.00,0.00,0.00,0.00,0.00,0.00,0.00,0.00,0.00,0.00,0.00,0.00,0.00,0.00,0.00,0.00,0.00,0.00,0.00,0.00,0.00,0.00
used_swap(MB): min(0.0) max(0.0) average(0.0)
{'22425'} com.tianci.movieplatform(MB): 134.93,144.77,163.38,161.92,159.49,182.75,181.96,181.32,181.68,190.62,189.38,194.87,200.29,192.43,200.94,199.60,188.73,191.32,196.52,195.36,194.89,189.73,192.38,199.25,200.35,203.13,208.53,209.07,203.78,208.35,207.64,206.80,208.83,205.28,201.44,202.98,200.80,204.88,202.04,200.66,201.13,203.84,201.05,202.09
{'22425'} com.tianci.movieplatform(MB): min(134.93) max(209.07) average(192.98)
{'5347'} com.skyworth.angel.voice(MB): 97.87,97.14,97.48,97.56,97.14,97.58,96.85,97.42,97.50,97.00,97.49,97.86,97.54,97.86,97.39,97.99,98.00,97.96,97.92,97.51,97.82,97.16,97.66,97.83,97.23,97.75,97.82,97.39,97.82,97.82,97.52,97.88,97.14,97.63,97.88,97.24,97.73,97.87,97.30,97.78,97.81,97.29,97.79,97.87
{'5347'} com.skyworth.angel.voice(MB): min(96.85) max(98.0) average(97.59)
{'2213'} system(MB): 83.58,84.21,84.90,84.12,84.70,84.08,84.90,85.60,84.71,84.84,84.66,84.42,83.63,84.21,85.03,85.89,84.45,84.69,84.26,83.51,83.71,84.40,85.21,83.94,83.41,84.16,83.67,83.51,84.06,83.51,84.19,84.55,84.90,83.49,83.20,83.58,82.99,83.02,83.43,83.10,83.40,83.55,83.04,83.12
{'2213'} system(MB): min(82.99) max(85.89) average(84.08)
{'2448'} com.android.systemui(MB): 67.81,67.80,67.80,67.80,67.80,67.75,67.75,67.75,67.75,67.75,67.75,67.76,67.76,67.76,67.76,67.76,67.76,67.76,67.76,67.76,67.76,67.76,67.76,67.76,67.76,67.76,67.76,67.76,67.76,67.76,67.76,67.76,67.76,67.76,67.76,67.76,67.76,67.76,67.76,67.76,67.76,67.76,67.76,67.76
{'2448'} com.android.systemui(MB): min(67.75) max(67.81) average(67.76)
{'9660'} com.skyworth.setting(MB): 61.94,61.94,61.74,61.70,61.72,61.89,61.89,61.89,61.89,61.98,61.98,62.34,62.34,62.34,62.34,62.34,62.34,62.34,62.34,62.34,62.33,62.33,62.33,62.33,62.33,62.33,62.33,62.33,62.33,62.33,62.30,62.30,62.30,62.30,62.30,62.30,62.30,62.24,62.24,62.24,62.24,62.24,62.24,62.24
{'9660'} com.skyworth.setting(MB): min(61.7) max(62.34) average(62.2)
{'20913'} com.tianci.de(MB): 58.27,58.28,58.03,57.88,57.95,55.40,55.25,55.27,55.28,55.29,55.31,55.71,55.72,55.73,55.75,55.75,55.76,55.76,55.76,55.76,55.75,55.75,55.75,55.76,55.77,55.77,55.77,55.77,55.77,55.77,55.78,55.78,55.78,55.78,55.78,55.78,55.78,55.74,55.60,55.60,55.60,55.60,55.60,55.60
{'20913'} com.tianci.de(MB): min(55.25) max(58.28) average(55.94)
{'2506'} com.tianci.system(MB): 51.13,51.13,50.81,50.69,50.69,50.70,50.70,50.70,50.70,50.70,50.70,51.04,51.04,51.04,51.04,51.04,51.05,51.06,51.06,51.06,51.14,51.14,51.14,51.14,51.14,51.14,51.14,51.14,51.14,51.14,51.14,51.14,51.14,51.14,51.14,51.14,51.13,51.13,51.13,51.13,51.13,51.13,51.13,51.13
{'2506'} com.tianci.system(MB): min(50.69) max(51.14) average(51.03)
{'5242'} com.coocaa.os.ccosservice(MB): 38.92,38.92,38.72,38.57,38.58,38.56,38.56,38.56,38.56,38.56,38.56,38.92,38.92,38.92,38.92,38.92,38.92,38.92,38.92,38.92,38.92,38.92,38.92,38.92,38.92,38.92,38.92,38.92,38.92,38.92,38.92,38.92,38.92,38.92,38.92,38.92,38.92,38.92,38.92,38.92,38.92,38.92,38.92,38.92
{'5242'} com.coocaa.os.ccosservice(MB): min(38.56) max(38.92) average(38.85)
{'2970'} com.tianci.push(MB): 35.21,35.20,35.19,35.19,35.19,35.19,35.19,35.19,35.19,35.19,35.19,35.19,35.16,35.16,35.16,35.15,35.16,35.16,35.16,35.15,35.15,35.16,35.16,35.16,35.15,35.16,35.16,35.17,35.17,35.17,35.17,35.17,35.17,35.17,35.17,35.17,35.17,35.17,35.17,35.17,35.17,35.17,35.17,35.17
{'2970'} com.tianci.push(MB): min(35.15) max(35.21) average(35.17)
{'23569'} com.coocaa.sysreport(MB): 27.51,28.20,28.68,29.43,30.45,30.63,30.62,30.96,30.83,31.23,31.17,31.48,31.06,31.38,31.46,29.31,30.22,30.46,30.02,30.58,31.33,31.08,31.98,28.03,28.30,28.11,27.51,28.82,28.27,27.65,28.27,27.54,27.96,28.17,27.59,27.96,28.17,27.53,27.95,28.17,27.52,27.94,28.15,27.52
{'23569'} com.coocaa.sysreport(MB): min(27.51) max(31.98) average(29.25)
{'20958'} com.coocaa.os.softsettings.provider(MB): 26.74,26.74,26.54,26.39,26.40,26.45,26.45,26.45,26.45,26.45,26.45,26.77,26.77,26.77,26.77,26.77,26.77,26.77,26.77,26.77,26.77,26.77,26.77,26.77,26.77,26.77,26.77,26.77,26.77,26.77,26.77,26.77,26.77,26.77,26.77,26.77,26.77,26.77,26.77,26.77,26.77,26.77,26.77,26.77
{'20958'} com.coocaa.os.softsettings.provider(MB): min(26.39) max(26.77) average(26.7)
{'1610'} zygote64(MB): 22.88,22.89,22.88,22.88,22.88,22.86,22.87,22.87,22.87,22.86,22.87,22.86,22.88,22.88,22.88,22.88,22.88,22.88,22.88,22.88,22.88,22.87,22.88,22.86,22.86,22.86,22.86,22.86,22.86,22.86,22.86,22.86,22.86,22.85,22.86,22.86,22.86,22.86,22.86,22.86,22.86,22.86,22.86,22.86
{'1610'} zygote64(MB): min(22.85) max(22.89) average(22.87)
{'1611'} zygote(MB): 14.67,14.67,14.16,13.80,13.98,14.19,14.19,14.19,14.19,14.19,14.19,14.58,14.58,14.58,14.58,14.58,14.58,14.58,14.58,14.58,14.58,14.58,14.58,14.58,14.57,14.57,14.57,14.57,14.57,14.57,14.57,14.57,14.57,14.57,14.57,14.57,14.57,14.57,14.57,14.57,14.57,14.57,14.57,14.57
{'1611'} zygote(MB): min(13.8) max(14.67) average(14.49)
{'1586'} logd(MB): 14.02,14.03,14.03,14.08,13.99,14.01,14.04,14.07,13.98,14.00,13.90,13.91,14.00,13.97,13.96,13.98,14.01,14.02,14.09,14.10,14.12,14.22,14.20,14.20,14.23,14.30,14.35,14.35,14.38,14.44,14.54,14.49,14.54,14.62,14.73,14.83,14.84,14.90,15.08,15.15,15.13,15.20,15.25,15.32
{'1586'} logd(MB): min(13.9) max(15.32) average(14.35)
{'9961'} com.skyworth.tianciime(MB): 13.24,13.24,13.09,12.90,12.93,13.01,13.01,13.01,13.01,13.01,13.01,13.25,13.25,13.25,13.25,13.25,13.25,13.25,13.25,13.25,13.25,13.26,13.26,13.27,13.27,13.27,13.28,13.28,13.28,13.28,13.29,13.29,13.29,13.29,13.30,13.30,13.31,13.31,13.31,13.32,13.32,13.32,13.33,13.34
{'9961'} com.skyworth.tianciime(MB): min(12.9) max(13.34) average(13.22)
{'5003'} com.android.bluetooth(MB): 12.94,12.94,12.71,12.56,12.59,12.64,12.64,12.64,12.64,12.64,12.64,12.88,12.88,12.88,12.88,12.88,12.88,12.88,12.88,12.88,12.88,12.88,12.88,12.88,12.88,12.88,12.88,12.88,12.88,12.88,12.88,12.88,12.88,12.88,12.88,12.88,12.88,12.88,12.88,12.88,12.88,12.88,12.88,12.88
{'5003'} com.android.bluetooth(MB): min(12.56) max(12.94) average(12.83)
{'1596'} mediaserver(MB): 11.82,11.82,11.78,11.78,11.79,11.79,11.79,11.79,11.79,11.79,11.79,11.80,11.80,11.80,11.80,11.80,11.80,11.80,11.80,11.80,11.80,11.80,11.80,11.80,11.80,11.80,11.80,11.80,11.80,11.80,11.80,11.80,11.80,11.80,11.80,11.80,11.80,11.80,11.80,11.80,11.80,11.80,11.80,11.80
{'1596'} mediaserver(MB): min(11.78) max(11.82) average(11.8)
{'5033'} com.bajintech.karaok(MB): 11.03,11.03,10.84,10.69,10.72,10.80,10.80,10.80,10.80,10.80,10.80,11.03,11.03,11.03,11.03,11.03,11.03,11.03,11.03,11.03,11.03,11.03,11.03,11.03,11.03,11.03,11.03,11.03,11.03,11.03,11.03,11.03,11.03,11.03,11.03,11.03,11.03,11.03,11.03,11.03,11.03,11.03,11.03,11.03
{'5033'} com.bajintech.karaok(MB): min(10.69) max(11.03) average(10.98)
{'2581'} com.skyworth.android.skyRMService(MB): 10.31,10.32,10.32,10.32,10.32,10.32,10.33,10.25,9.70,9.70,9.70,9.70,9.70,9.70,9.72,9.73,9.73,9.73,9.73,9.73,9.73,9.73,9.73,9.73,9.73,9.73,9.73,9.73,9.76,9.76,9.76,9.76,9.76,9.76,9.76,9.76,9.76,9.76,9.76,9.76,9.76,9.76,9.76,9.76
{'2581'} com.skyworth.android.skyRMService(MB): min(9.7) max(10.33) average(9.84)
{'3532'} android.process.media(MB): 10.12,10.12,10.12,10.12,10.12,10.12,10.12,10.12,10.12,10.12,10.12,10.13,10.13,10.13,10.13,10.12,10.13,10.13,10.13,10.13,10.12,10.13,10.13,10.13,10.13,10.12,10.13,10.13,10.13,10.13,10.13,10.13,10.13,10.13,10.13,10.13,10.13,10.13,10.13,10.13,10.13,10.13,10.13,10.13
{'3532'} android.process.media(MB): min(10.12) max(10.13) average(10.13)
{'1591'} surfaceflinger(MB): 9.38,9.36,9.36,9.40,9.38,9.33,9.34,9.35,9.41,9.39,9.43,9.40,9.34,9.35,9.34,9.33,9.33,9.35,9.34,9.41,9.46,9.46,9.43,9.41,9.47,9.41,9.40,9.34,9.42,9.35,9.48,9.39,9.39,9.43,9.38,9.41,9.42,9.42,9.45,9.41,9.44,9.42,9.44,9.38
{'1591'} surfaceflinger(MB): min(9.33) max(9.48) average(9.39)
{'9718'} com.android.defcontainer(MB): 7.67,7.67,7.67,7.67,7.67,7.67,7.67,7.67,7.67,7.67,7.67,7.67,7.67,7.67,7.67,7.67,7.69,7.69,7.69,7.69,7.69,7.69,7.68,7.69,7.69,7.69,7.69,7.69,7.69,7.69,7.68,7.69,7.69,7.69,7.69,7.69,7.69,7.69,7.69,7.69,7.69,7.69,7.69,7.69
{'9718'} com.android.defcontainer(MB): min(7.67) max(7.69) average(7.68)
{'2561'} com.hisilicon.android.hiRMService(MB): 7.25,7.25,7.06,6.91,6.94,6.98,6.98,6.98,6.98,6.98,6.98,7.23,7.23,7.23,7.23,7.23,7.23,7.23,7.23,7.23,7.23,7.23,7.23,7.23,7.23,7.23,7.23,7.23,7.23,7.23,7.23,7.23,7.23,7.23,7.23,7.23,7.23,7.23,7.23,7.23,7.23,7.23,7.23,7.23
{'2561'} com.hisilicon.android.hiRMService(MB): min(6.91) max(7.25) average(7.18)
{'12828'} com.android.externalstorage(MB): 7.06,7.06,7.05,7.05,7.05,7.05,7.05,7.05,7.05,7.05,7.05,7.06,7.06,7.06,7.06,7.06,7.07,7.07,7.07,7.07,7.07,7.07,7.07,7.07,7.07,7.07,7.08,7.08,7.08,7.08,7.08,7.08,7.08,7.08,7.08,7.08,7.08,7.08,7.08,7.08,7.08,7.08,7.08,7.08
{'12828'} com.android.externalstorage(MB): min(7.05) max(7.08) average(7.07)
{'1603'} displaysetting(MB): 6.33,6.34,6.34,6.33,6.34,6.32,6.33,6.34,6.33,6.32,6.34,6.32,6.34,6.34,6.33,6.34,6.34,6.34,6.33,6.34,6.34,6.34,6.34,6.33,6.34,6.33,6.33,6.34,6.34,6.34,6.33,6.34,6.34,6.33,6.34,6.33,6.34,6.33,6.33,6.34,6.34,6.34,6.34,6.34
{'1603'} displaysetting(MB): min(6.32) max(6.34) average(6.34)
{'1604'} tvserver(MB): 6.11,6.11,6.09,6.09,6.10,6.08,6.08,6.08,6.08,6.08,6.08,6.09,6.09,6.09,6.09,6.09,6.09,6.09,6.09,6.09,6.09,6.09,6.09,6.09,6.09,6.09,6.09,6.09,6.09,6.09,6.09,6.09,6.09,6.09,6.09,6.09,6.09,6.09,6.09,6.09,6.09,6.09,6.09,6.09
{'1604'} tvserver(MB): min(6.08) max(6.11) average(6.09)
{'10697'} com.coocaa.messageprovider(MB): 4.83,4.83,4.66,4.50,4.54,4.61,4.61,4.61,4.61,4.61,4.61,4.83,4.83,4.83,4.83,4.83,4.83,4.83,4.83,4.83,4.83,4.83,4.83,4.83,4.83,4.83,4.83,4.83,4.83,4.83,4.83,4.83,4.83,4.83,4.83,4.83,4.83,4.83,4.83,4.83,4.83,4.83,4.83,4.83
{'10697'} com.coocaa.messageprovider(MB): min(4.5) max(4.83) average(4.78)
{'1599'} hiaoservice(MB): 4.06,4.06,4.04,4.04,4.05,4.03,4.03,4.03,4.03,4.03,4.03,4.04,4.04,4.04,4.04,4.04,4.04,4.04,4.04,4.04,4.04,4.04,4.04,4.04,4.04,4.04,4.04,4.04,4.04,4.04,4.04,4.04,4.04,4.04,4.04,4.04,4.04,4.04,4.04,4.04,4.04,4.04,4.04,4.04
{'1599'} hiaoservice(MB): min(4.03) max(4.06) average(4.04)
{'1600'} hisysmanager(MB): 3.79,3.79,3.76,3.76,3.77,3.76,3.76,3.76,3.76,3.76,3.76,3.77,3.77,3.77,3.77,3.77,3.77,3.77,3.77,3.77,3.77,3.77,3.77,3.77,3.77,3.77,3.77,3.77,3.77,3.77,3.77,3.77,3.77,3.77,3.77,3.77,3.77,3.77,3.77,3.77,3.77,3.77,3.77,3.77
{'1600'} hisysmanager(MB): min(3.76) max(3.79) average(3.77)
{'5211'} wpa_supplicant(MB): 2.75,2.75,2.75,2.75,2.75,2.74,2.74,2.75,2.75,2.75,2.75,2.74,2.75,2.75,2.75,2.75,2.75,2.75,2.75,2.75,2.75,2.75,2.75,2.74,2.75,2.75,2.75,2.75,2.75,2.75,2.75,2.75,2.75,2.75,2.75,2.75,2.75,2.75,2.75,2.75,2.75,2.75,2.75,2.75
{'5211'} wpa_supplicant(MB): min(2.74) max(2.75) average(2.75)
{'1709'} stbserver(MB): 2.18,2.18,2.18,2.18,2.18,2.16,2.16,2.16,2.16,2.16,2.16,2.16,2.16,2.16,2.16,2.16,2.16,2.16,2.16,2.16,2.16,2.16,2.16,2.16,2.16,2.16,2.16,2.16,2.16,2.16,2.16,2.16,2.16,2.16,2.16,2.16,2.16,2.16,2.16,2.16,2.16,2.16,2.16,2.16
{'1709'} stbserver(MB): min(2.16) max(2.18) average(2.16)
{'1595'} drmserver(MB): 2.11,2.11,2.10,2.10,2.10,2.09,2.09,2.09,2.09,2.09,2.09,2.10,2.10,2.10,2.10,2.10,2.10,2.10,2.10,2.10,2.10,2.10,2.10,2.10,2.10,2.10,2.10,2.10,2.10,2.10,2.10,2.10,2.10,2.10,2.10,2.10,2.10,2.10,2.10,2.10,2.10,2.10,2.10,2.10
{'1595'} drmserver(MB): min(2.09) max(2.11) average(2.1)
{'1590'} vold(MB): 1.55,1.55,1.55,1.55,1.55,1.53,1.55,1.55,1.55,1.54,1.55,1.53,1.55,1.55,1.55,1.55,1.55,1.55,1.54,1.55,1.55,1.55,1.55,1.55,1.55,1.55,1.55,1.55,1.54,1.55,1.55,1.55,1.55,1.55,1.55,1.55,1.55,1.55,1.55,1.55,1.55,1.55,1.55,1.55
{'1590'} vold(MB): min(1.53) max(1.55) average(1.55)
{'1598'} keystore(MB): 1.20,1.20,1.20,1.20,1.20,1.19,1.19,1.20,1.20,1.19,1.20,1.19,1.20,1.20,1.20,1.20,1.20,1.20,1.19,1.20,1.20,1.20,1.20,1.20,1.20,1.20,1.20,1.20,1.19,1.20,1.20,1.20,1.20,1.20,1.20,1.20,1.20,1.20,1.20,1.20,1.20,1.20,1.20,1.20
{'1598'} keystore(MB): min(1.19) max(1.2) average(1.2)
{'1592'} netd(MB): 1.11,1.11,1.11,1.11,1.11,1.10,1.11,1.11,1.11,1.10,1.11,1.10,1.11,1.22,1.11,1.11,1.11,1.11,1.10,1.11,1.11,1.11,1.11,1.11,1.11,1.11,1.11,1.11,1.10,1.11,1.11,1.11,1.11,1.11,1.11,1.11,1.11,1.11,1.11,1.11,1.11,1.11,1.11,1.11
{'1592'} netd(MB): min(1.1) max(1.22) average(1.11)
{'26543', '28467', '28058', '28807', '26187', '28329', '27147', '27609', '27537', '28640', '28978'} busybox(MB): 1.10,0.00,1.10,0.00,1.10,0.00,1.09,0.00,0.00,1.10,0.00,1.10,0.00,0.00,0.00,0.00,0.00,1.10,0.00,1.09,0.00
{'26543', '28467', '28058', '28807', '26187', '28329', '27147', '27609', '27537', '28640', '28978'} busybox(MB): min(0.0) max(1.1) average(0.42)
{'1613'} android_ir_user(MB): 1.09,1.09,1.08,1.08,1.08,1.08,1.08,1.08,1.08,1.08,1.08,1.08,1.08,1.08,1.08,1.08,1.08,1.08,1.08,1.08,1.08,1.08,1.08,1.08,1.08,1.08,1.08,1.08,1.08,1.08,1.08,1.08,1.08,1.08,1.08,1.08,1.08,1.08,1.08,1.08,1.08,1.08,1.08,1.08
{'1613'} android_ir_user(MB): min(1.08) max(1.09) average(1.08)
{'2013'} VirtualEvent(MB): 1.07,1.07,1.06,1.06,1.06,1.06,1.06,1.06,1.06,1.06,1.06,1.07,1.07,1.07,1.07,1.07,1.07,1.07,1.07,1.07,1.07,1.07,1.07,1.07,1.07,1.07,1.07,1.07,1.07,1.07,1.07,1.07,1.07,1.07,1.07,1.07,1.07,1.07,1.07,1.07,1.07,1.07,1.07,1.07
{'2013'} VirtualEvent(MB): min(1.06) max(1.07) average(1.07)
{'1605'} dtvloaderserver(MB): 0.84,0.84,0.84,0.84,0.84,0.84,0.84,0.84,0.84,0.84,0.84,0.84,0.84,0.84,0.84,0.84,0.84,0.84,0.84,0.84,0.84,0.84,0.84,0.84,0.84,0.84,0.84,0.84,0.84,0.84,0.84,0.84,0.84,0.84,0.84,0.84,0.84,0.84,0.84,0.84,0.84,0.84,0.84,0.84
{'1605'} dtvloaderserver(MB): min(0.84) max(0.84) average(0.84)
{'1601'} hikaraokeservice(MB): 0.84,0.84,0.83,0.83,0.84,0.84,0.84,0.84,0.84,0.84,0.84,0.84,0.84,0.84,0.84,0.84,0.84,0.84,0.84,0.84,0.84,0.84,0.84,0.84,0.84,0.84,0.84,0.84,0.84,0.84,0.84,0.84,0.84,0.84,0.84,0.84,0.84,0.84,0.84,0.84,0.84,0.84,0.84,0.84
{'1601'} hikaraokeservice(MB): min(0.83) max(0.84) average(0.84)
{'1606'} virtualkeypad(MB): 0.79,0.79,0.79,0.79,0.79,0.79,0.79,0.79,0.79,0.79,0.79,0.79,0.79,0.79,0.79,0.79,0.79,0.79,0.79,0.79,0.79,0.79,0.79,0.79,0.79,0.79,0.79,0.79,0.79,0.79,0.79,0.79,0.79,0.79,0.79,0.79,0.79,0.79,0.79,0.79,0.79,0.79,0.79,0.79
{'1606'} virtualkeypad(MB): min(0.79) max(0.79) average(0.79)
{'1594'} debuggerd64(MB): 0.78,0.78,0.78,0.78,0.78,0.78,0.78,0.78,0.78,0.78,0.78,0.78,0.78,0.78,0.78,0.78,0.78,0.78,0.78,0.78,0.78,0.78,0.78,0.78,0.78,0.78,0.78,0.78,1.32,0.78,0.78,0.78,0.78,0.78,0.78,0.78,0.78,0.78,0.78,0.78,0.78,0.78,0.78,0.78
{'1594'} debuggerd64(MB): min(0.78) max(1.32) average(0.79)
{'1'} /init(MB): 0.78,0.78,0.78,0.78,0.78,0.78,0.78,0.78,0.78,0.78,0.78,0.78,0.78,0.78,0.78,0.78,0.78,0.78,0.78,0.78,0.78,0.78,0.78,0.78,0.78,0.78,0.78,0.78,0.78,0.78,0.78,0.78,0.78,0.78,0.78,0.78,0.78,0.78,0.78,0.78,0.78,0.78,0.78,0.78
{'1'} /init(MB): min(0.78) max(0.78) average(0.78)
{'3315'} adbd(MB): 0.67,0.67,0.67,0.67,0.67,0.68,0.67,0.67,0.67,0.67,0.68,0.68,0.67,0.67,0.67,0.67,0.67,0.67,0.67,0.67,0.67,0.67,0.67,0.68,0.67,0.67,0.67,0.67,0.67,0.67,0.67,0.67,0.67,0.67,0.67,0.67,0.67,0.67,0.67,0.67,0.67,0.67,0.67,0.67
{'3315'} adbd(MB): min(0.67) max(0.68) average(0.67)
{'1588'} lmkd(MB): 0.61,0.61,0.61,0.61,0.61,0.60,0.60,0.61,0.61,0.61,0.61,0.61,0.60,0.61,0.61,0.60,0.61,0.61,0.61,0.61,0.61,0.61,0.61,0.61,0.61,0.61,0.61,0.61,0.60,0.61,0.61,0.61,0.61,0.61,0.61,0.61,0.61,0.61,0.61,0.61,0.60,0.61,0.61,0.60
{'1588'} lmkd(MB): min(0.6) max(0.61) average(0.61)
{'1602'} netshared(MB): 0.59,0.59,0.59,0.59,0.59,0.59,0.59,0.59,0.59,0.59,0.59,0.59,0.59,0.59,0.59,0.59,0.59,0.59,0.59,0.59,0.59,0.59,0.59,0.59,0.59,0.59,0.59,0.59,0.59,0.59,0.59,0.59,0.59,0.59,0.59,0.59,0.59,0.59,0.59,0.59,0.59,0.59,0.59,0.59
{'1602'} netshared(MB): min(0.59) max(0.59) average(0.59)
{'20747'} dhcpcd(MB): 0.57,0.57,0.57,0.57,0.57,0.57,0.57,0.57,0.57,0.57,0.57,0.57,0.57,0.57,0.57,0.57,0.57,0.57,0.57,0.57,0.57,0.57,0.57,0.57,0.57,0.57,0.57,0.57,0.57,0.57,0.57,0.57,0.57,0.57,0.57,0.57,0.57,0.57,0.57,0.57,0.57,0.57,0.57,0.57
{'20747'} dhcpcd(MB): min(0.57) max(0.57) average(0.57)
{'1587'} healthd(MB): 0.56,0.56,0.56,0.56,0.56,0.56,0.56,0.56,0.56,0.56,0.56,0.56,0.56,0.56,0.56,0.56,0.56,0.56,0.56,0.56,0.56,0.56,0.56,0.56,0.56,0.56,0.56,0.56,0.56,0.56,0.56,0.56,0.56,0.56,0.56,0.56,0.56,0.56,0.56,0.56,0.56,0.56,0.56,0.56
{'1587'} healthd(MB): min(0.56) max(0.56) average(0.56)
{'27131', '28641', '27757', '27622', '27898', '28896', '28972', '27289', '28570', '26795', '28809', '28044', '27402', '29057', '26767', '26191', '28446', '26983', '28733', '26377', '28172', '27539', '28316', '26544'} dumpsys(MB): 0.52,0.00,0.52,0.00,0.51,0.00,0.52,0.50,0.00,0.00,0.51,0.00,0.52,0.00,0.51,0.52,0.00,0.52,0.51,0.00,0.51,0.00,0.51,0.00,0.52,0.00,0.52,0.00,0.50,0.00,0.52,0.00,0.50,0.00,0.52,0.00,0.52,0.00,0.52,0.00,0.51,0.00,0.51,0.00,0.53
{'27131', '28641', '27757', '27622', '27898', '28896', '28972', '27289', '28570', '26795', '28809', '28044', '27402', '29057', '26767', '26191', '28446', '26983', '28733', '26377', '28172', '27539', '28316', '26544'} dumpsys(MB): min(0.0) max(0.53) average(0.27)
{'1106'} ueventd(MB): 0.46,0.46,0.46,0.46,0.46,0.46,0.46,0.46,0.46,0.46,0.46,0.46,0.46,0.46,0.46,0.46,0.46,0.46,0.46,0.46,0.46,0.46,0.46,0.46,0.46,0.46,0.46,0.46,0.46,0.46,0.46,0.46,0.46,0.46,0.46,0.46,0.46,0.46,0.46,0.46,0.46,0.46,0.46,0.46
{'1106'} ueventd(MB): min(0.46) max(0.46) average(0.46)
{'1608'} coocaa_guard(MB): 0.45,0.45,0.45,0.44,0.45,0.45,0.45,0.45,0.45,0.45,0.45,0.45,0.45,0.45,0.45,0.45,0.45,0.45,0.45,0.45,0.45,0.45,0.45,0.45,0.45,0.45,0.45,0.45,0.45,0.45,0.45,0.45,0.45,0.45,0.45,0.45,0.45,0.45,0.45,0.45,0.45,0.45,0.45,0.45
{'1608'} coocaa_guard(MB): min(0.44) max(0.45) average(0.45)
{'1614'} teecd(MB): 0.44,0.44,0.44,0.44,0.44,0.44,0.44,0.44,0.44,0.44,0.44,0.44,0.44,0.44,0.44,0.44,0.44,0.44,0.44,0.44,0.44,0.44,0.44,0.44,0.44,0.44,0.44,0.44,0.44,0.44,0.44,0.44,0.44,0.44,0.44,0.44,0.44,0.44,0.44,0.44,0.44,0.44,0.44,0.44
{'1614'} teecd(MB): min(0.44) max(0.44) average(0.44)
{'1820'} logcat(MB): 0.43,0.43,0.43,0.43,0.43,0.43,0.43,0.43,0.43,0.43,0.43,0.43,0.43,0.43,0.43,0.43,0.43,0.43,0.43,0.43,0.43,0.43,0.43,0.43,0.43,0.43,0.43,0.43,0.43,0.43,0.43,0.43,0.43,0.43,0.43,0.43,0.43,0.43,0.43,0.43,0.43,0.43,0.43,0.43
{'1820'} logcat(MB): min(0.43) max(0.43) average(0.43)
{'1632', '1742', '1745', '27016', '1806', '6351', '27153'} sh(MB): 0.41,0.38,0.36,0.34,0.31,0.41,0.38,0.36,0.34,0.31,0.41,0.38,0.36,0.34,0.31,0.41,0.38,0.36,0.34,0.31,0.41,0.38,0.36,0.34,0.31,0.39,0.36,0.35,0.33,0.30,0.40,0.38,0.36,0.34,0.31,0.41,0.38,0.36,0.34,0.31,0.41,0.38,0.36,0.34,0.31,0.41,0.36,0.35,0.33,0.31,0.00,0.39,0.37,0.36,0.34,0.31,0.00,0.39,0.36,0.36,0.35,0.34,0.30,0.41,0.38,0.36,0.34,0.31,0.00,0.41,0.38,0.36,0.34,0.31,0.41,0.38,0.36,0.34,0.31,0.41,0.38,0.36,0.34,0.31,0.41,0.38,0.36,0.34,0.31,0.41,0.38,0.36,0.34,0.31,0.41,0.38,0.36,0.34,0.31,0.41,0.38,0.36,0.34,0.31,0.41,0.38,0.36,0.34,0.31,0.41,0.36,0.34,0.34,0.31,0.41,0.38,0.36,0.34,0.31,0.39,0.36,0.35,0.33,0.30,0.41,0.38,0.36,0.34,0.31,0.41,0.38,0.36,0.34,0.31,0.41,0.38,0.36,0.34,0.31,0.41,0.38,0.36,0.34,0.31,0.41,0.38,0.36,0.34,0.31,0.41,0.38,0.36,0.34,0.31,0.41,0.38,0.36,0.34,0.31,0.41,0.38,0.36,0.34,0.31,0.41,0.38,0.36,0.34,0.31,0.41,0.38,0.36,0.34,0.31,0.41,0.38,0.36,0.34,0.31,0.41,0.38,0.36,0.34,0.31,0.41,0.38,0.36,0.34,0.31,0.41,0.38,0.36,0.34,0.31,0.41,0.38,0.36,0.34,0.31,0.41,0.38,0.36,0.34,0.31,0.41,0.38,0.36,0.34,0.31,0.41,0.38,0.36,0.34,0.31,0.41,0.38,0.36,0.34,0.31,0.41,0.38,0.36,0.34,0.31
{'1632', '1742', '1745', '27016', '1806', '6351', '27153'} sh(MB): min(0.0) max(0.41) average(0.35)
{'1597'} installd(MB): 0.38,0.38,0.38,0.38,0.38,0.38,0.38,0.38,0.38,0.38,0.38,0.38,0.38,0.38,0.38,0.38,0.38,0.38,0.38,0.38,0.38,0.38,0.38,0.38,0.38,0.38,0.38,0.38,0.38,0.38,0.38,0.38,0.38,0.38,0.38,0.38,0.38,0.38,0.38,0.38,0.38,0.38,0.38,0.38
{'1597'} installd(MB): min(0.38) max(0.38) average(0.38)
{'1593'} debuggerd(MB): 0.35,0.35,0.34,0.34,0.35,0.35,0.35,0.35,0.35,0.35,0.35,0.35,0.35,0.35,0.35,0.35,0.35,0.35,0.35,0.35,0.35,0.35,0.35,0.35,0.35,0.35,0.35,0.35,0.35,0.35,0.35,0.35,0.35,0.35,0.35,0.35,0.35,0.35,0.35,0.35,0.35,0.35,0.35,0.35
{'1593'} debuggerd(MB): min(0.34) max(0.35) average(0.35)
{'1589'} servicemanager(MB): 0.33,0.33,0.33,0.33,0.33,0.32,0.33,0.33,0.33,0.32,0.33,0.32,0.33,0.33,0.33,0.33,0.33,0.33,0.32,0.33,0.33,0.33,0.33,0.33,0.33,0.33,0.33,0.33,0.32,0.33,0.33,0.33,0.33,0.33,0.33,0.33,0.33,0.33,0.33,0.33,0.33,0.33,0.33,0.33
{'1589'} servicemanager(MB): min(0.32) max(0.33) average(0.33)
{'1609'} hidrawd(MB): 0.27,0.27,0.26,0.26,0.26,0.26,0.26,0.26,0.26,0.26,0.26,0.27,0.27,0.27,0.27,0.27,0.27,0.27,0.27,0.27,0.27,0.27,0.27,0.27,0.27,0.27,0.27,0.27,0.27,0.27,0.27,0.27,0.27,0.27,0.27,0.27,0.27,0.27,0.27,0.27,0.27,0.27,0.27,0.27
{'1609'} hidrawd(MB): min(0.26) max(0.27) average(0.27)
{'2018'} smobsd(MB): 0.23,0.23,0.23,0.23,0.23,0.23,0.23,0.23,0.23,0.23,0.23,0.23,0.23,0.23,0.23,0.23,0.23,0.23,0.23,0.23,0.23,0.23,0.23,0.23,0.23,0.23,0.23,0.23,0.23,0.23,0.23,0.23,0.23,0.23,0.23,0.23,0.23,0.23,0.23,0.23,0.23,0.23,0.23,0.23
{'2018'} smobsd(MB): min(0.23) max(0.23) average(0.23)
{'26364', '26363', '26365'} dex2oat(MB): 12.22,10.02,0.00,20.18,15.12,0.00,28.13,0.00
{'26364', '26363', '26365'} dex2oat(MB): min(0.0) max(28.13) average(10.71)
{'26446'} com.tianci.user(MB): 20.20,31.09,29.50,29.50,29.50,29.50,29.50
{'26446'} com.tianci.user(MB): min(20.2) max(31.09) average(28.4)
{'27156'} grep(MB): 0.71,0.00
{'27156'} grep(MB): min(0.0) max(0.71) average(0.35)
{'27155'} ps(MB): 0.00,0.00
{'27155'} ps(MB): min(0.0) max(0.0) average(0.0)
