usr: 62.2,71.4,73.8,59.0,38.6,43.1,37.2,69.7,40.9,0.0,75.5,2.3,13.9,65.9,50.0,74.4,78.2,0.0,80.4,4.6,2.3,17.0,0.0,21.7,17.0,41.4,25.5,54.5,79.0,56.8,15.9,20.9,20.9,9.7,18.1,13.9,4.8,60.0,40.9,4.5,72.7,73.4,65.1,9.7,77.7,48.8,0.0,83.7,30.9,2.3,48.8,61.3,11.6,51.1,40.9,15.9,52.2,35.7,19.0,39.5,45.2,21.4,29.5,64.2,27.2,27.2,60.4,2.3,36.3,38.0,0.0,25.5
usr: min(0.0) max(83.7) average(37.27)
sys: 8.8,24.4,23.8,22.7,13.6,20.4,11.6,16.2,20.4,2.3,24.4,4.6,11.6,25.0,14.2,18.6,21.7,2.4,19.5,2.3,6.9,12.1,4.5,6.5,14.6,14.6,11.6,25.0,16.2,22.7,6.8,6.9,34.8,21.9,11.3,16.2,7.3,17.7,11.3,6.8,27.2,22.4,25.5,9.7,20.0,11.6,4.6,11.6,19.0,2.3,16.2,11.3,13.9,22.2,9.0,4.5,22.7,7.1,11.9,16.2,7.1,16.6,11.3,11.9,20.4,6.8,18.6,4.6,15.9,21.4,4.6,16.2
sys: min(2.3) max(34.8) average(14.28)
nic: 0.0,0.0,0.0,0.0,0.0,0.0,0.0,0.0,0.0,0.0,0.0,0.0,0.0,0.0,0.0,0.0,0.0,0.0,0.0,0.0,0.0,0.0,0.0,0.0,0.0,0.0,0.0,0.0,0.0,0.0,0.0,0.0,0.0,0.0,0.0,0.0,0.0,0.0,0.0,0.0,0.0,0.0,0.0,0.0,0.0,0.0,0.0,0.0,0.0,0.0,0.0,0.0,0.0,0.0,0.0,0.0,0.0,0.0,0.0,0.0,0.0,0.0,0.0,0.0,0.0,0.0,0.0,0.0,0.0,0.0,0.0,0.0
nic: min(0.0) max(0.0) average(0.0)
idle: 28.8,4.0,2.3,18.1,47.7,36.3,51.1,13.9,38.6,97.6,0.0,93.0,74.4,9.0,28.5,6.9,0.0,97.5,0.0,93.0,90.6,70.7,93.1,69.5,68.2,43.9,62.7,18.1,4.6,20.4,77.2,72.0,41.8,68.2,70.4,69.7,82.9,22.2,45.4,88.6,0.0,2.0,6.9,80.4,0.0,39.5,95.3,4.6,50.0,95.3,34.8,27.2,74.4,26.6,50.0,79.5,25.0,57.1,69.0,44.1,47.6,61.9,56.8,23.8,52.2,65.9,20.9,93.0,47.7,40.4,95.3,58.1
idle: min(0.0) max(97.6) average(47.86)
io: 0.0,0.0,0.0,0.0,0.0,0.0,0.0,0.0,0.0,0.0,0.0,0.0,0.0,0.0,4.7,0.0,0.0,0.0,0.0,0.0,0.0,0.0,0.0,0.0,0.0,0.0,0.0,0.0,0.0,0.0,0.0,0.0,0.0,0.0,0.0,0.0,4.8,0.0,0.0,0.0,0.0,0.0,0.0,0.0,0.0,0.0,0.0,0.0,0.0,0.0,0.0,0.0,0.0,0.0,0.0,0.0,0.0,0.0,0.0,0.0,0.0,0.0,0.0,0.0,0.0,0.0,0.0,0.0,0.0,0.0,0.0,0.0
io: min(0.0) max(4.8) average(0.13)
irq: 0.0,0.0,0.0,0.0,0.0,0.0,0.0,0.0,0.0,0.0,0.0,0.0,0.0,0.0,0.0,0.0,0.0,0.0,0.0,0.0,0.0,0.0,0.0,0.0,0.0,0.0,0.0,0.0,0.0,0.0,0.0,0.0,0.0,0.0,0.0,0.0,0.0,0.0,0.0,0.0,0.0,0.0,0.0,0.0,0.0,0.0,0.0,0.0,0.0,0.0,0.0,0.0,0.0,0.0,0.0,0.0,0.0,0.0,0.0,0.0,0.0,0.0,0.0,0.0,0.0,0.0,0.0,0.0,0.0,0.0,0.0,0.0
irq: min(0.0) max(0.0) average(0.0)
sirq: 0.0,0.0,0.0,0.0,0.0,0.0,0.0,0.0,0.0,0.0,0.0,0.0,0.0,0.0,2.3,0.0,0.0,0.0,0.0,0.0,0.0,0.0,2.2,2.1,0.0,0.0,0.0,2.2,0.0,0.0,0.0,0.0,2.3,0.0,0.0,0.0,0.0,0.0,2.2,0.0,0.0,2.0,2.3,0.0,2.2,0.0,0.0,0.0,0.0,0.0,0.0,0.0,0.0,0.0,0.0,0.0,0.0,0.0,0.0,0.0,0.0,0.0,2.2,0.0,0.0,0.0,0.0,0.0,0.0,0.0,0.0,0.0
sirq: min(0.0) max(2.3) average(0.31)
{'22425'} com.tianci.movieplatform: 37.7,65.2,39.8,31.7,13.6,10.5,23.2,37.2,9.0,0.0,33.2,0.0,0.0,38.6,28.2,60.4,52.0,0.8,57.0,0.0,0.0,2.0,0.0,6.5,0.0,12.1,2.0,56.7,67.4,32.1,11.3,6.4,25.5,24.8,0.0,0.0,0.0,26.6,15.8,0.0,47.6,71.3,43.1,2.4,71.0,24.1,0.0,67.8,10.0,0.0,11.6,37.4,0.0,19.4,34.0,0.0,18.1,20.3,0.0,23.2,21.3,2.3,17.6,49.2,4.5,22.6,24.1,0.0,21.7,8.2,0.0,18.6
{'22425'} com.tianci.movieplatform: min(0.0) max(71.3) average(21.09)
{'1586'} /system/bin/logd: 19.9,10.1,22.1,20.4,15.8,14.8,11.6,20.9,15.8,11.0,2.3,11.5,16.1,16.2,8.6,8.1,8.6,14.6,2.0,6.8,11.6,12.8,10.7,15.5,22.6,13.6,10.1,9.0,4.8,4.4,4.0,12.7,2.0,13.9,22.0,2.3,12.9,6.8,13.6,13.6,10.1,13.9,23.7,7.1,9.8,11.1,9.0,2.2,19.7,2.3,15.2,12.3,9.3
{'1586'} /system/bin/logd: min(2.0) max(23.7) average(11.73)
{'1591'} /system/bin/surfaceflinger: 4.4,2.2,2.2,2.2,4.2,4.6,4.6,4.5,4.4,3.8,2.0,4.3,4.0,2.3,2.4,2.2,4.6,2.1,4.5,4.2,2.2,4.5,2.0,4.4,2.0,4.2,2.0,2.3,2.2,4.5,4.5,2.0,2.3,2.3,3.9,2.2,2.1,2.1,4.1
{'1591'} /system/bin/surfaceflinger: min(2.0) max(4.6) average(3.22)
{'20913'} com.tianci.de: 2.2,2.0,0.0,2.2,2.2,0.0,2.3,2.3,4.5,0.0,2.2,0.0,2.3,3.8,0.0,4.3,0.0,2.0,2.3,0.0,0.0,0.0,2.1,0.0,0.0,0.0,2.2,2.3,2.1,2.2,2.1,0.0,2.2,2.1,0.0,2.4,2.2,2.2,0.0,2.2,2.0,2.2,2.4,0.0,0.0,0.0,0.0,4.0,0.0,2.3,2.2,0.0,2.1,0.0,2.2,2.2,2.0,0.0,2.3,0.0,0.0,1.9,2.2,0.0,0.0,2.1,0.0,4.3,4.1,0.0,0.0
{'20913'} com.tianci.de: min(0.0) max(4.5) average(1.43)
{'1596'} /system/bin/mediaserver: 2.2,2.0,2.2,2.1,2.3,2.2,2.1,2.0,2.1,2.2,2.2,2.1,2.0,2.3,2.0,4.6,1.9,2.2,2.2,4.3,2.1,2.0
{'1596'} /system/bin/mediaserver: min(1.9) max(4.6) average(2.33)
{'2544', '1157', '701', '791', '2881', '32350', '32627', '2608', '2707', '752', '1662', '1011', '972', '3088', '3296', '1372', '2007', '1463', '1251', '540', '2294', '2229', '839', '2057', '1858', '2475', '3356', '32399', '3443', '1193', '2792', '2925', '1816', '2851', '1929', '446', '635', '2669', '32722', '1063', '32602', '1762', '32549', '2967', '574', '879', '1103', '487', '3475', '1520', '3119', '1335', '939', '1285', '2354', '1555', '1967', '3390', '1413'} 1-ntopbusybox: 2.2,2.0,2.1,2.3,2.3,1.1,2.2,2.3,2.3,1.9,2.0,2.3,2.1,0.8,2.0,2.3,2.3,2.0,2.2,2.1,2.4,2.4,2.0,2.2,2.3,2.1,2.2,2.1,2.3,2.2,2.1,2.3,2.2,2.2,2.2,2.2,2.0,2.2,2.4,2.3,2.1,2.0,2.3,2.2,2.3,2.1,2.2,2.2,2.0,2.2,2.3,2.3,1.9,2.2,2.3,2.1,2.0,2.3,2.3
{'2544', '1157', '701', '791', '2881', '32350', '32627', '2608', '2707', '752', '1662', '1011', '972', '3088', '3296', '1372', '2007', '1463', '1251', '540', '2294', '2229', '839', '2057', '1858', '2475', '3356', '32399', '3443', '1193', '2792', '2925', '1816', '2851', '1929', '446', '635', '2669', '32722', '1063', '32602', '1762', '32549', '2967', '574', '879', '1103', '487', '3475', '1520', '3119', '1335', '939', '1285', '2354', '1555', '1967', '3390', '1413'} 1-ntopbusybox: min(0.8) max(2.4) average(2.14)
{'10376'} [kworker/u8:1]: 2.2,2.0,2.2,2.2,2.1
{'10376'} [kworker/u8:1]: min(2.0) max(2.2) average(2.14)
{'2213'} system_server: 0.0,2.0,26.5,0.0,0.0,25.4,2.3,13.9,22.6,0.0,24.4,0.0,0.0,27.0,2.0,2.3,26.0,0.8,20.3,0.0,0.0,22.9,0.0,2.1,26.8,2.4,24.7,0.0,0.0,25.7,0.0,0.0,23.2,0.0,23.1,25.5,0.0,24.4,0.0,4.5,27.2,2.0,27.2,0.0,2.2,24.1,0.0,2.1,26.0,0.0,18.6,0.0,0.0,25.8,0.0,0.0,22.6,2.0,26.4,0.0,0.0,26.1,0.0,2.2,22.6,0.0,24.1,0.0,0.0,22.5,0.0,0.0
{'2213'} system_server: min(0.0) max(27.2) average(9.78)
{'2970'} com.tianci.push: 0.0,0.0,0.0,0.0,0.0,0.0,0.0,0.0,0.0,0.0,2.2,0.0,0.0,0.0,0.0,0.0,0.0,0.0,0.0,0.0,0.0,0.0,0.0,0.0,0.0,0.0,0.0,0.0,0.0,0.0,0.0,0.0,0.0,0.0,0.0,0.0,0.0,0.0,0.0,0.0,0.0,0.0,0.0,0.0,0.0,0.0,0.0,0.0,0.0,0.0,0.0,0.0,0.0,0.0,0.0,0.0,0.0,0.0,0.0,0.0,0.0,0.0,0.0,0.0,0.0,0.0,0.0,0.0,0.0,0.0,0.0,0.0
{'2970'} com.tianci.push: min(0.0) max(2.2) average(0.03)
{'2448'} com.android.systemui: 0.0,0.0,0.0,0.0,0.0,0.0,0.0,0.0,0.0,0.0,0.0,0.0,0.0,0.0,0.0,0.0,0.0,0.0,0.0,0.0,0.0,0.0,0.0,0.0,0.0,0.0,0.0,0.0,0.0,0.0,0.0,0.0,0.0,0.0,0.0,0.0,0.0,0.0,0.0,0.0,0.0,0.0,0.0,0.0,0.0,0.0,0.0,0.0,0.0,0.0,0.0,0.0,0.0,0.0,0.0,0.0,0.0,0.0,0.0,0.0,0.0,0.0,0.0,0.0,0.0,0.0,0.0,0.0,0.0,0.0,0.0,0.0
{'2448'} com.android.systemui: min(0.0) max(0.0) average(0.0)
{'3532'} android.process.media: 0.0,0.0,0.0,0.0,0.0,0.0,0.0,0.0,0.0,0.0,0.0,0.0,0.0,0.0,0.0,0.0,0.0,0.0,0.0,0.0,0.0,0.0,0.0,0.0,0.0,0.0,0.0,0.0,0.0,0.0,0.0,0.0,0.0,0.0,0.0,0.0,0.0,0.0,0.0,0.0,0.0,0.0,0.0,0.0,0.0,0.0,0.0,0.0,0.0,0.0,0.0,0.0,0.0,0.0,0.0,0.0,0.0,0.0,0.0,0.0,0.0,0.0,0.0,0.0,0.0,0.0,0.0,0.0,0.0,0.0,0.0,0.0
{'3532'} android.process.media: min(0.0) max(0.0) average(0.0)
{'2581'} com.skyworth.android.skyRMService: 0.0,0.0,0.0,0.0,0.0,0.0,0.0,0.0,0.0,0.0,0.0,0.0,0.0,0.0,0.0,0.0,0.0,0.0,0.0,0.0,0.0,0.0,0.0,0.0,0.0,0.0,0.0,0.0,0.0,0.0,0.0,0.0,0.0,0.0,0.0,0.0,0.0,0.0,0.0,0.0,0.0,0.0,0.0,0.0,0.0,0.0,0.0,0.0,0.0,0.0,0.0,0.0,0.0,0.0,0.0,0.0,0.0,0.0,0.0,0.0,0.0,0.0,0.0,0.0,0.0,0.0,0.0,0.0,0.0,0.0,0.0,0.0
{'2581'} com.skyworth.android.skyRMService: min(0.0) max(0.0) average(0.0)
{'12828'} com.android.externalstorage: 0.0,0.0,0.0,0.0,0.0,0.0,0.0,0.0,0.0,0.0,0.0,0.0,0.0,0.0,0.0,0.0,0.0,0.0,0.0,0.0,0.0,0.0,0.0,0.0,0.0,0.0,0.0,0.0,0.0,0.0,0.0,0.0,0.0,0.0,0.0,0.0,0.0,0.0,0.0,0.0,0.0,0.0,0.0,0.0,0.0,0.0,0.0,0.0,0.0,0.0,0.0,0.0,0.0,0.0,0.0,0.0,0.0,0.0,0.0,0.0,0.0,0.0,0.0,0.0,0.0,0.0,0.0,0.0,0.0,0.0,0.0,0.0
{'12828'} com.android.externalstorage: min(0.0) max(0.0) average(0.0)
{'9718'} com.android.defcontainer: 0.0,0.0,0.0,0.0,0.0,0.0,0.0,0.0,0.0,0.0,0.0,0.0,0.0,0.0,0.0,0.0,0.0,0.0,0.0,0.0,0.0,0.0,0.0,0.0,0.0,0.0,0.0,0.0,0.0,0.0,0.0,0.0,0.0,0.0,0.0,0.0,0.0,0.0,0.0,0.0,0.0,0.0,0.0,0.0,0.0,0.0,0.0,0.0,0.0,0.0,0.0,0.0,0.0,0.0,0.0,0.0,0.0,0.0,0.0,0.0,0.0,0.0,0.0,0.0,0.0,0.0,0.0,0.0,0.0,0.0,0.0,0.0
{'9718'} com.android.defcontainer: min(0.0) max(0.0) average(0.0)
{'1610'} zygote64: 0.0,0.0,0.0,0.0,0.0,0.0,0.0,0.0,0.0,0.0,0.0,0.0,0.0,0.0,0.0,0.0,0.0,0.0,0.0,0.0,0.0,0.0,0.0,0.0,0.0,0.0,0.0,0.0,0.0,0.0,0.0,0.0,0.0,0.0,0.0,0.0,0.0,0.0,0.0,0.0,0.0,0.0,0.0,0.0,0.0,0.0,0.0,0.0,0.0,0.0,0.0,0.0,0.0,0.0,0.0,0.0,0.0,0.0,0.0,0.0,0.0,0.0,0.0,0.0,0.0,0.0,0.0,0.0,0.0,0.0,0.0,0.0
{'1610'} zygote64: min(0.0) max(0.0) average(0.0)
{'5347'} com.skyworth.angel.voice: 0.0,0.0,0.0,0.0,2.2,0.0,0.0,0.0,0.0,1.1,0.0,0.0,0.0,0.0,0.0,0.0,0.0,0.0,0.0,0.0,0.0,0.0,0.0,0.0,0.0,0.0,0.0,0.0,0.0,0.0,0.0,0.0,0.0,0.0,0.0,0.0,0.0,0.0,2.2,0.0,0.0,0.0,2.2,0.0,4.4,0.0,0.0,0.0,0.0,0.0,0.0,0.0,0.0,0.0,0.0,0.0,0.0,0.0,0.0,0.0,0.0,0.0,0.0,2.2,0.0,0.0,0.0,0.0,0.0,0.0,0.0,0.0
{'5347'} com.skyworth.angel.voice: min(0.0) max(4.4) average(0.2)
{'9660'} com.skyworth.setting: 0.0,0.0,0.0,0.0,0.0,0.0,0.0,0.0,0.0,0.0,0.0,0.0,0.0,0.0,0.0,0.0,0.0,0.0,0.0,0.0,0.0,0.0,0.0,0.0,0.0,0.0,0.0,0.0,0.0,0.0,0.0,0.0,0.0,0.0,0.0,0.0,0.0,0.0,0.0,0.0,0.0,0.0,0.0,0.0,0.0,0.0,0.0,0.0,0.0,0.0,0.0,0.0,0.0,0.0,0.0,0.0,0.0,0.0,0.0,0.0,0.0,0.0,0.0,0.0,0.0,0.0,0.0,0.0,0.0,0.0,0.0
{'9660'} com.skyworth.setting: min(0.0) max(0.0) average(0.0)
{'2506'} com.tianci.system: 0.0,0.0,0.0,0.0,0.0,0.0,2.3,0.0,0.0,0.0,0.0,0.0,0.0,0.0,2.0,0.0,0.0,0.0,0.0,0.0,2.3,0.0,0.0,0.0,0.0,0.0,0.0,0.0,0.0,2.2,0.0,0.0,0.0,0.0,0.0,0.0,0.0,0.0,0.0,0.0,0.0,0.0,2.4,0.0,0.0,0.0,0.0,0.0,0.0,2.3,0.0,0.0,0.0,0.0,0.0,0.0,0.0,0.0,0.0,0.0,0.0,0.0,0.0,0.0,0.0,0.0,0.0,0.0,0.0
{'2506'} com.tianci.system: min(0.0) max(2.4) average(0.2)
{'5242'} com.coocaa.os.ccosservice: 0.0,0.0,0.0,0.0,0.0,0.0,0.0,0.0,0.0,0.0,0.0,0.0,0.0,0.0,0.0,0.0,0.0,0.0,0.0,0.0,0.0,0.0,0.0,0.0,0.0,0.0,0.0,0.0,0.0,0.0,0.0,0.0,0.0,0.0,0.0,0.0,0.0,0.0,0.0,0.0,0.0,0.0,0.0,0.0,0.0,0.0,0.0,0.0,0.0,0.0,0.0,0.0,0.0,0.0,0.0,0.0,0.0,0.0,0.0
{'5242'} com.coocaa.os.ccosservice: min(0.0) max(0.0) average(0.0)
{'20958'} com.coocaa.os.softsettings.provide: 0.0,0.0,0.0,0.0,0.0,0.0,0.0,0.0,2.2,0.0,0.0,0.0,0.0,0.0,0.0,0.0,0.0,0.0,0.0,0.0,0.0,0.0,0.0,0.0,0.0,0.0,0.0,0.0,0.0,0.0,0.0,0.0,0.0,0.0,0.0,0.0,0.0,0.0,0.0,0.0,0.0,0.0,0.0,0.0,0.0,0.0,0.0,0.0,0.0,0.0,0.0
{'20958'} com.coocaa.os.softsettings.provide: min(0.0) max(2.2) average(0.04)
{'1594'} /system/bin/debuggerd64: 2.0
{'1594'} /system/bin/debuggerd64: min(2.0) max(2.0) average(2.0)
{'1820'} -threadtime-v/system/bin/logcat: 2.0,2.2,2.2,4.5,2.0,2.1,2.4,2.2,2.0,2.2,2.1,1.9,2.2,2.0
{'1820'} -threadtime-v/system/bin/logcat: min(1.9) max(4.5) average(2.29)
{'7'} [rcu_sched]: 2.0,1.9,2.0,2.3,2.1
{'7'} [rcu_sched]: min(1.9) max(2.3) average(2.06)
{'1604'} /system/bin/tvserver: 2.2,2.2,2.1,4.5,2.3,2.0,2.0,2.2,2.0,2.1,2.2,2.1,2.3,2.3,2.3,2.1,2.0,2.2,4.6,2.1,2.0
{'1604'} /system/bin/tvserver: min(2.0) max(4.6) average(2.37)
{'5003'} com.android.bluetooth: 0.0,0.0,0.0,0.0,0.0,0.0,0.0,0.0,0.0,0.0,0.0,0.0,0.0,0.0,0.0,0.0,0.0,0.0,0.0,0.0,0.0,0.0,0.0,0.0,0.0,0.0,0.0,0.0,0.0,0.0,0.0,0.0,0.0,0.0
{'5003'} com.android.bluetooth: min(0.0) max(0.0) average(0.0)
{'1857'} [HI_VFMW_VideoDe]: 2.1,2.0,2.2
{'1857'} [HI_VFMW_VideoDe]: min(2.0) max(2.2) average(2.1)
{'5033'} com.bajintech.karaok: 0.0,0.0,0.0,0.0,0.0,0.0,0.0,0.0,0.0,0.0,0.0,0.0,0.0,0.0,0.0,0.0,0.0,0.0,0.0
{'5033'} com.bajintech.karaok: min(0.0) max(0.0) average(0.0)
{'9961'} com.skyworth.tianciime: 0.0,0.0,0.0,0.0,2.1,0.0,0.0
{'9961'} com.skyworth.tianciime: min(0.0) max(2.1) average(0.3)
{'2561'} com.hisilicon.android.hiRMService: 0.0
{'2561'} com.hisilicon.android.hiRMService: min(0.0) max(0.0) average(0.0)
{'372'} com.tianci.user: 11.0,0.0,9.3,0.0,0.0,0.0,0.0,0.0,0.0,0.0
{'372'} com.tianci.user: min(0.0) max(11.0) average(2.03)
{'32738'} com.coocaa.sysreport: 2.2,0.0,0.0,0.0,4.0,2.3,0.0,0.0,0.0,0.0,0.0,0.0,0.0,0.0,0.0,12.1,0.0,0.0,0.0,0.0,0.0,0.0,0.0,0.0,0.0,0.0,0.0,0.0,0.0,0.0,2.2,0.0,2.2,0.0,2.2,2.0,0.0,0.0,2.0,0.0,9.3,0.0,0.0,0.0,0.0,0.0,0.0,0.0,0.0,0.0,0.0,0.0,0.0,0.0,0.0,0.0,0.0,0.0,0.0,0.0,0.0,0.0
{'32738'} com.coocaa.sysreport: min(0.0) max(12.1) average(0.65)
{'1742'} /system/bin/idong.thread.shsh: 2.3,2.1
{'1742'} /system/bin/idong.thread.shsh: min(2.1) max(2.3) average(2.2)
{'1613'} /system/bin/android_ir_user: 2.3,2.3
{'1613'} /system/bin/android_ir_user: min(2.3) max(2.3) average(2.3)
{'3315'} --root_seclabel=u:r:su:/sbin/adbd: 2.3,2.4,2.2,1.9
{'3315'} --root_seclabel=u:r:su:/sbin/adbd: min(1.9) max(2.4) average(2.2)
{'975'} task]main[CEC: 2.3,2.0,2.3
{'975'} task]main[CEC: min(2.0) max(2.3) average(2.2)
{'26805'} [kworker/3:0]: 1.9,2.1
{'26805'} [kworker/3:0]: min(1.9) max(2.1) average(2.0)
{'891'} [mmcqd/0]: 2.0,2.3,2.4,2.2,2.2
{'891'} [mmcqd/0]: min(2.0) max(2.4) average(2.22)
{'1553'} [jbd2/mmcblk0p23]: 2.0,2.4,1.9
{'1553'} [jbd2/mmcblk0p23]: min(1.9) max(2.4) average(2.1)
{'32518'} [kworker/u8:3]: 2.0,2.2,2.2,2.2,2.2
{'32518'} [kworker/u8:3]: min(2.0) max(2.2) average(2.16)
{'15'} [ksoftirqd/2]: 2.0
{'15'} [ksoftirqd/2]: min(2.0) max(2.0) average(2.0)
{'29586'} [kworker/0:2]: 2.0,2.2
{'29586'} [kworker/0:2]: min(2.0) max(2.2) average(2.1)
{'1075'} [HI_VPSS_Process]: 2.4,2.3
{'1075'} [HI_VPSS_Process]: min(2.3) max(2.4) average(2.35)
{'31701'} [kworker/u8:2]: 2.4,2.2
{'31701'} [kworker/u8:2]: min(2.2) max(2.4) average(2.3)
{'974'} tas]main[HDMIRX: 2.3,2.2,2.1
{'974'} tas]main[HDMIRX: min(2.1) max(2.3) average(2.2)
{'3469', '1966', '2791'} 2-d3-ntopbusybox: 2.0,4.5,2.3
{'3469', '1966', '2791'} 2-d3-ntopbusybox: min(2.0) max(4.5) average(2.93)
{'2137'} [ps]: 4.4
{'2137'} [ps]: min(4.4) max(4.4) average(4.4)
{'3'} [ksoftirqd/0]: 2.0
{'3'} [ksoftirqd/0]: min(2.0) max(2.0) average(2.0)
{'1031'} [ThreadCommipMan]: 2.1,2.3
{'1031'} [ThreadCommipMan]: min(2.1) max(2.3) average(2.2)
{'820'} [cfinteractive]: 2.3
{'820'} [cfinteractive]: min(2.3) max(2.3) average(2.3)
