total_ram(MB): 1836.71,1836.71,1836.71,1836.71,1836.71,1836.71,1836.71,1836.71,1836.71,1836.71,1836.71,1836.71,1836.71,1836.71,1836.71,1836.71,1836.71,1836.71,1836.71,1836.71,1836.71,1836.71,1836.71,1836.71,1836.71,1836.71,1836.71,1836.71,1836.71,1836.71,1836.71,1836.71,1836.71,1836.71,1836.71,1836.71,1836.71,1836.71,1836.71,1836.71,1836.71,1836.71,1836.71,1836.71,1836.71
total_ram(MB): min(1836.71) max(1836.71) average(1836.71)
free_ram(MB): 660.79,659.71,658.57,659.60,661.65,664.77,647.12,681.05,684.79,672.28,649.96,676.05,673.65,679.76,703.43,667.07,664.63,673.82,676.30,636.65,663.07,637.95,667.62,649.92,662.85,668.51,667.74,670.12,664.62,658.43,667.29,665.21,655.99,654.25,653.00,654.31,653.25,652.79,653.67,645.57,651.94,653.57,653.54,646.51,652.01
free_ram(MB): min(636.65) max(703.43) average(661.68)
used_ram(MB): 1775.45,1772.83,1776.99,1774.13,1777.42,1771.78,1798.46,1765.19,1765.14,1779.06,1818.54,1777.07,1776.65,1778.35,1781.12,1786.95,1794.32,1794.00,1780.77,1812.81,1787.28,1809.82,1783.29,1794.55,1805.29,1780.34,1788.61,1782.44,1786.79,1779.15,1786.72,1784.26,1786.83,1785.13,1784.09,1789.60,1786.91,1787.87,1783.99,1788.98,1784.92,1786.66,1787.72,1789.24,1787.08
used_ram(MB): min(1765.14) max(1818.54) average(1785.66)
lost_ram(MB): -599.54,-595.83,-598.85,-597.02,-602.37,-599.84,-608.87,-609.53,-613.23,-614.64,-631.79,-616.41,-613.60,-621.40,-647.84,-617.31,-622.24,-631.12,-620.36,-612.76,-613.64,-611.06,-614.20,-607.76,-631.44,-612.14,-619.64,-615.86,-614.70,-600.87,-617.30,-612.76,-606.12,-602.67,-600.39,-607.20,-603.45,-603.95,-600.95,-597.84,-600.15,-603.52,-604.55,-599.04,-602.38
lost_ram(MB): min(-647.84) max(-595.83) average(-610.63)
free(MB): 443.41,441.95,439.48,440.18,442.91,445.77,427.25,428.06,431.65,415.93,421.18,413.45,408.45,413.64,417.70,409.38,407.41,416.20,417.53,408.12,402.38,409.08,405.14,388.95,400.55,404.84,403.65,406.07,398.12,390.39,398.32,397.01,390.29,388.07,385.81,388.71,386.60,385.52,385.96,378.86,383.41,384.86,385.41,378.62,382.43
free(MB): min(378.62) max(445.77) average(406.64)
used_pss(MB): 831.40,828.88,833.08,830.20,833.38,827.74,850.04,816.88,816.77,830.24,869.64,828.09,827.74,829.49,834.32,840.17,847.34,846.95,833.75,865.78,840.24,862.70,836.27,847.40,858.24,833.25,841.62,835.27,839.49,831.90,839.35,836.92,839.49,837.83,836.77,842.30,839.65,840.64,836.85,841.69,837.56,839.39,840.41,841.90,839.90
used_pss(MB): min(816.77) max(869.64) average(838.64)
kernel(MB): 0.00,0.00,0.00,0.00,0.00,0.00,0.00,0.00,0.00,0.00,0.00,0.00,0.00,0.00,0.00,0.00,0.00,0.00,0.00,0.00,0.00,0.00,0.00,0.00,0.00,0.00,0.00,0.00,0.00,0.00,0.00,0.00,0.00,0.00,0.00,0.00,0.00,0.00,0.00,0.00,0.00,0.00,0.00,0.00,0.00
kernel(MB): min(0.0) max(0.0) average(0.0)
buffers(MB): 0.00,0.00,0.00,0.00,0.00,0.00,0.00,0.00,0.00,0.00,0.00,0.00,0.00,0.00,0.00,0.00,0.00,0.00,0.00,0.00,0.00,0.00,0.00,0.00,0.00,0.00,0.00,0.00,0.00,0.00,0.00,0.00,0.00,0.00,0.00,0.00,0.00,0.00,0.00,0.00,0.00,0.00,0.00,0.00,0.00
buffers(MB): min(0.0) max(0.0) average(0.0)
shmem(MB): 0.00,0.00,0.00,0.00,0.00,0.00,0.00,0.00,0.00,0.00,0.00,0.00,0.00,0.00,0.00,0.00,0.00,0.00,0.00,0.00,0.00,0.00,0.00,0.00,0.00,0.00,0.00,0.00,0.00,0.00,0.00,0.00,0.00,0.00,0.00,0.00,0.00,0.00,0.00,0.00,0.00,0.00,0.00,0.00,0.00
shmem(MB): min(0.0) max(0.0) average(0.0)
slab(MB): 0.00,0.00,0.00,0.00,0.00,0.00,0.00,0.00,0.00,0.00,0.00,0.00,0.00,0.00,0.00,0.00,0.00,0.00,0.00,0.00,0.00,0.00,0.00,0.00,0.00,0.00,0.00,0.00,0.00,0.00,0.00,0.00,0.00,0.00,0.00,0.00,0.00,0.00,0.00,0.00,0.00,0.00,0.00,0.00,0.00
slab(MB): min(0.0) max(0.0) average(0.0)
total_swap(MB): 0.00,0.00,0.00,0.00,0.00,0.00,0.00,0.00,0.00,0.00,0.00,0.00,0.00,0.00,0.00,0.00,0.00,0.00,0.00,0.00,0.00,0.00,0.00,0.00,0.00,0.00,0.00,0.00,0.00,0.00,0.00,0.00,0.00,0.00,0.00,0.00,0.00,0.00,0.00,0.00,0.00,0.00,0.00,0.00,0.00
total_swap(MB): min(0.0) max(0.0) average(0.0)
used_swap(MB): 0.00,0.00,0.00,0.00,0.00,0.00,0.00,0.00,0.00,0.00,0.00,0.00,0.00,0.00,0.00,0.00,0.00,0.00,0.00,0.00,0.00,0.00,0.00,0.00,0.00,0.00,0.00,0.00,0.00,0.00,0.00,0.00,0.00,0.00,0.00,0.00,0.00,0.00,0.00,0.00,0.00,0.00,0.00,0.00,0.00
used_swap(MB): min(0.0) max(0.0) average(0.0)
{'22425'} com.tianci.movieplatform(MB): 204.94,204.18,207.90,204.45,206.88,203.52,201.86,199.13,197.35,212.07,220.70,210.72,207.67,211.16,214.88,218.76,225.39,226.40,212.43,213.81,217.23,210.89,214.95,226.90,237.94,211.97,221.13,214.77,216.71,212.29,218.30,216.91,219.67,217.43,216.29,222.62,218.86,220.44,217.15,220.25,219.43,219.38,219.64,219.53,219.73
{'22425'} com.tianci.movieplatform(MB): min(197.35) max(237.94) average(214.99)
{'5347'} com.skyworth.angel.voice(MB): 97.50,97.81,97.10,97.61,97.81,97.22,97.48,97.58,97.13,97.51,97.51,97.22,97.55,96.89,97.39,97.92,97.39,97.83,97.83,97.50,97.84,97.22,97.78,97.84,97.42,97.83,97.83,97.52,97.89,97.26,97.74,97.90,97.40,97.89,97.87,97.47,97.80,97.80,97.55,97.86,97.19,97.69,97.98,97.43,97.96
{'5347'} com.skyworth.angel.voice(MB): min(96.89) max(97.98) average(97.59)
{'2213'} system(MB): 83.88,83.10,83.75,84.42,83.52,82.72,82.49,82.62,83.12,83.14,82.94,82.52,83.24,83.85,82.79,82.86,82.73,82.48,82.95,82.71,82.23,82.78,82.98,82.73,82.48,83.05,82.27,82.67,83.52,82.45,82.52,82.28,82.08,82.58,82.25,81.77,82.51,82.46,82.18,82.05,81.07,81.83,82.67,83.22,82.18
{'2213'} system(MB): min(81.07) max(84.42) average(82.73)
{'2448'} com.android.systemui(MB): 68.84,68.84,68.84,68.84,68.84,68.84,67.88,67.83,67.83,67.83,67.81,67.81,67.81,67.81,67.81,67.81,67.81,67.81,67.81,67.81,67.81,67.81,67.82,67.82,67.82,67.81,67.82,67.81,67.82,67.82,67.81,67.82,67.82,67.82,67.82,67.81,67.82,67.82,67.82,67.82,67.82,67.82,67.82,67.82,67.82
{'2448'} com.android.systemui(MB): min(67.81) max(68.84) average(67.95)
{'9660'} com.skyworth.setting(MB): 62.23,62.23,62.23,62.23,62.23,62.23,61.97,61.86,61.86,61.88,61.88,61.88,61.88,61.88,61.88,62.25,62.25,62.25,62.25,62.25,62.24,62.24,62.24,62.24,62.24,62.24,62.24,62.24,62.24,62.24,62.24,62.24,62.24,62.24,62.24,62.24,62.24,62.24,62.24,62.24,62.24,62.24,62.24,62.24,62.24
{'9660'} com.skyworth.setting(MB): min(61.86) max(62.25) average(62.17)
{'20913'} com.tianci.de(MB): 55.83,55.83,55.83,55.83,55.83,55.84,55.53,55.45,55.45,55.46,55.45,55.45,55.45,55.45,55.45,55.83,55.84,55.82,55.77,55.62,55.63,55.63,55.63,55.64,55.64,55.65,55.66,55.63,55.63,55.63,55.63,55.63,55.63,55.63,55.64,55.64,55.64,55.64,55.64,55.64,55.64,55.64,55.64,55.64,55.64
{'20913'} com.tianci.de(MB): min(55.45) max(55.84) average(55.64)
{'2506'} com.tianci.system(MB): 50.98,50.98,50.98,50.98,50.98,50.98,50.67,50.66,50.66,50.66,50.66,50.66,50.66,50.66,51.01,51.01,51.01,51.02,51.03,51.03,51.02,51.09,51.09,51.09,51.10,51.10,51.10,51.10,51.11,51.11,51.11,51.12,51.12,51.12,51.12,51.12,51.10,51.10,51.10,51.10,51.10,51.10,51.10,51.10,51.11
{'2506'} com.tianci.system(MB): min(50.66) max(51.12) average(51.0)
{'5242'} com.coocaa.os.ccosservice(MB): 38.96,38.96,38.96,38.96,38.96,38.96,38.70,38.58,38.58,38.58,38.58,38.58,38.58,38.58,38.58,38.96,38.96,38.96,38.96,38.96,38.95,38.95,38.95,38.95,38.95,38.95,38.95,38.95,38.95,38.95,38.95,38.95,38.95,38.95,38.95,38.95,38.95,38.95,38.95,38.95,38.95,38.95,38.95,38.95,38.95
{'5242'} com.coocaa.os.ccosservice(MB): min(38.58) max(38.96) average(38.88)
{'2970'} com.tianci.push(MB): 36.96,36.96,36.95,36.96,36.96,36.96,35.67,35.62,35.62,35.62,35.54,35.54,35.54,35.54,35.53,35.54,35.54,35.54,35.54,35.54,35.54,35.54,35.54,35.54,35.54,35.54,35.54,35.54,35.54,35.54,35.54,35.54,35.53,35.54,35.54,35.54,35.54,35.54,35.54,35.54,35.54,35.54,35.54,35.54,35.54
{'2970'} com.tianci.push(MB): min(35.53) max(36.96) average(35.74)
{'20958'} com.coocaa.os.softsettings.provider(MB): 26.78,26.78,26.78,26.78,26.78,26.78,26.55,26.49,26.49,26.49,26.49,26.49,26.49,26.49,26.49,26.82,26.82,26.82,26.82,26.82,26.82,26.82,26.82,26.82,26.82,26.82,26.82,26.82,26.82,26.82,26.82,26.82,26.82,26.82,26.82,26.82,26.82,26.82,26.82,26.82,26.82,26.82,26.82,26.82,26.82
{'20958'} com.coocaa.os.softsettings.provider(MB): min(26.49) max(26.82) average(26.75)
{'1610'} zygote64(MB): 24.04,24.04,24.04,24.04,24.04,24.03,22.95,22.95,22.95,22.95,22.90,22.92,22.92,22.92,22.92,22.92,22.92,22.92,22.90,22.92,22.92,22.92,22.92,22.91,22.92,22.92,22.92,22.92,22.91,22.92,22.91,22.92,22.92,22.92,22.92,22.92,22.92,22.92,22.90,22.92,22.92,22.92,22.92,22.92,22.92
{'1610'} zygote64(MB): min(22.9) max(24.04) average(23.07)
{'1586'} logd(MB): 15.45,15.73,15.69,15.72,15.92,16.23,16.20,16.21,16.21,16.23,16.35,16.43,16.45,16.45,16.35,16.36,16.36,16.35,16.34,16.38,16.26,16.24,16.25,16.29,16.12,16.11,16.15,16.08,16.05,16.06,16.09,15.97,15.97,15.96,15.95,15.96,16.00,16.06,16.11,16.10,16.10,16.10,16.13,16.17,16.04
{'1586'} logd(MB): min(15.45) max(16.45) average(16.13)
{'1611'} zygote(MB): 14.57,14.57,14.57,14.57,14.57,14.57,14.18,14.17,14.17,14.17,14.17,14.17,14.17,14.17,14.56,14.56,14.56,14.56,14.56,14.56,14.56,14.56,14.56,14.56,14.56,14.56,14.53,14.53,14.53,14.53,14.53,14.53,14.53,14.53,14.53,14.53,14.53,14.53,14.53,14.53,14.53,14.53,14.53,14.53,14.53
{'1611'} zygote(MB): min(14.17) max(14.57) average(14.48)
{'9961'} com.skyworth.tianciime(MB): 13.35,13.36,13.38,13.39,13.41,13.42,13.23,13.19,13.19,13.20,13.20,13.20,13.20,13.20,13.20,13.44,13.44,13.44,13.44,13.45,13.45,13.45,13.45,13.46,13.46,13.46,13.46,13.46,13.46,13.46,13.46,13.46,13.46,13.47,13.48,13.48,13.48,13.48,13.48,13.48,13.48,13.48,13.49,13.50,13.50
{'9961'} com.skyworth.tianciime(MB): min(13.19) max(13.5) average(13.4)
{'5003'} com.android.bluetooth(MB): 12.89,12.89,12.89,12.89,12.89,12.89,12.63,12.64,12.64,12.64,12.63,12.63,12.63,12.63,12.88,12.88,12.88,12.88,12.88,12.88,12.88,12.88,12.88,12.88,12.88,12.88,12.88,12.88,12.88,12.88,12.88,12.88,12.88,12.88,12.88,12.88,12.88,12.88,12.88,12.88,12.88,12.88,12.88,12.88,12.88
{'5003'} com.android.bluetooth(MB): min(12.63) max(12.89) average(12.84)
{'1596'} mediaserver(MB): 11.80,11.80,11.80,11.80,11.80,11.80,11.79,11.79,11.79,11.79,11.79,11.79,11.79,11.79,11.80,11.80,11.80,11.80,11.80,11.80,11.80,11.80,11.80,11.80,11.80,11.80,11.80,11.80,11.80,11.80,11.80,11.80,11.80,11.80,11.80,11.80,11.80,11.80,11.80,11.80,11.80,11.80,11.80,11.80,11.80
{'1596'} mediaserver(MB): min(11.79) max(11.8) average(11.8)
{'5033'} com.bajintech.karaok(MB): 11.03,11.03,11.03,11.03,11.03,11.03,10.80,10.81,10.81,10.81,10.81,10.81,10.81,10.81,10.81,11.04,11.04,11.04,11.04,11.04,11.04,11.04,11.04,11.04,11.04,11.04,11.04,11.04,11.04,11.04,11.04,11.04,11.04,11.04,11.04,11.04,11.04,11.04,11.04,11.04,11.04,11.04,11.04,11.04,11.04
{'5033'} com.bajintech.karaok(MB): min(10.8) max(11.04) average(10.99)
{'3532'} android.process.media(MB): 10.98,10.99,10.99,10.98,10.99,10.99,10.12,10.12,10.12,10.12,10.12,10.13,10.13,10.13,10.14,10.14,10.14,10.14,10.14,10.14,10.14,10.14,10.14,10.14,10.14,10.14,10.14,10.14,10.14,10.14,10.14,10.14,10.14,10.14,10.14,10.14,10.14,10.14,10.14,10.14,10.14,10.14,10.14,10.14,10.14
{'3532'} android.process.media(MB): min(10.12) max(10.99) average(10.25)
{'2581'} com.skyworth.android.skyRMService(MB): 10.81,10.82,10.82,10.82,10.82,10.82,10.05,10.05,10.05,10.05,10.05,10.05,10.05,10.05,10.05,10.08,10.08,10.08,10.08,10.08,10.08,10.08,10.08,10.08,10.08,10.08,10.09,10.09,10.09,10.12,10.12,10.12,10.12,10.12,10.12,10.12,10.13,10.13,10.13,10.13,10.14,10.14,10.13,10.14,10.14
{'2581'} com.skyworth.android.skyRMService(MB): min(10.05) max(10.82) average(10.19)
{'1591'} surfaceflinger(MB): 9.42,9.46,9.49,9.44,9.47,9.45,9.50,9.52,9.52,9.47,9.52,9.52,9.54,9.52,9.43,9.44,9.47,9.55,9.47,9.53,9.42,9.53,9.56,9.52,9.53,9.55,9.48,9.50,9.55,9.57,9.49,9.47,9.49,9.59,9.50,9.60,9.59,9.49,9.58,9.54,9.42,9.48,9.57,9.52,9.58
{'1591'} surfaceflinger(MB): min(9.42) max(9.6) average(9.51)
{'9718'} com.android.defcontainer(MB): 8.40,8.40,8.40,8.40,8.40,8.40,7.69,7.68,7.69,7.69,7.69,7.69,7.69,7.69,7.69,7.69,7.69,7.69,7.69,7.69,7.69,7.70,7.69,7.70,7.70,7.69,7.70,7.69,7.70,7.70,7.70,7.70,7.69,7.70,7.70,7.70,7.70,7.69,7.70,7.70,7.70,7.70,7.69,7.70,7.70
{'9718'} com.android.defcontainer(MB): min(7.68) max(8.4) average(7.79)
{'12828'} com.android.externalstorage(MB): 7.75,7.75,7.75,7.75,7.75,7.75,7.08,7.07,7.07,7.07,7.07,7.07,7.07,7.07,7.08,7.08,7.08,7.08,7.08,7.08,7.09,7.09,7.09,7.09,7.09,7.09,7.09,7.09,7.09,7.09,7.10,7.10,7.10,7.10,7.10,7.10,7.10,7.10,7.10,7.10,7.10,7.10,7.10,7.10,7.10
{'12828'} com.android.externalstorage(MB): min(7.07) max(7.75) average(7.18)
{'2561'} com.hisilicon.android.hiRMService(MB): 7.23,7.23,7.23,7.23,7.23,7.23,6.97,6.98,6.98,6.98,6.98,6.98,6.98,6.98,7.23,7.23,7.23,7.23,7.23,7.23,7.23,7.23,7.23,7.23,7.23,7.23,7.23,7.23,7.23,7.23,7.23,7.23,7.23,7.23,7.23,7.23,7.23,7.23,7.23,7.23,7.23,7.23,7.23,7.23,7.23
{'2561'} com.hisilicon.android.hiRMService(MB): min(6.97) max(7.23) average(7.19)
{'1603'} displaysetting(MB): 6.35,6.36,6.36,6.34,6.36,6.34,6.34,6.34,6.34,6.34,6.33,6.33,6.34,6.33,6.34,6.34,6.34,6.34,6.34,6.34,6.33,6.33,6.34,6.32,6.33,6.33,6.34,6.34,6.34,6.33,6.32,6.33,6.34,6.34,6.33,6.34,6.34,6.33,6.33,6.34,6.33,6.34,6.34,6.34,6.34
{'1603'} displaysetting(MB): min(6.32) max(6.36) average(6.34)
{'1604'} tvserver(MB): 6.09,6.09,6.09,6.09,6.09,6.09,6.08,6.08,6.08,6.08,6.08,6.08,6.08,6.08,6.09,6.09,6.09,6.09,6.09,6.09,6.09,6.09,6.09,6.09,6.09,6.09,6.09,6.09,6.09,6.09,6.09,6.09,6.09,6.09,6.09,6.09,6.09,6.09,6.09,6.09,6.09,6.09,6.09,6.09,6.09
{'1604'} tvserver(MB): min(6.08) max(6.09) average(6.09)
{'10697'} com.coocaa.messageprovider(MB): 4.83,4.83,4.83,4.83,4.83,4.83,4.62,4.61,4.61,4.61,4.61,4.61,4.61,4.61,4.83,4.83,4.83,4.83,4.83,4.83,4.83,4.83,4.83,4.83,4.83,4.83,4.83,4.83,4.83,4.83,4.83,4.83,4.83,4.83,4.83,4.83,4.83,4.83,4.83,4.83,4.83,4.83,4.83,4.83,4.83
{'10697'} com.coocaa.messageprovider(MB): min(4.61) max(4.83) average(4.79)
{'1599'} hiaoservice(MB): 4.04,4.04,4.04,4.04,4.04,4.04,4.03,4.03,4.03,4.03,4.03,4.03,4.03,4.03,4.04,4.04,4.04,4.04,4.04,4.04,4.04,4.04,4.04,4.04,4.04,4.04,4.04,4.04,4.04,4.04,4.04,4.04,4.04,4.04,4.04,4.04,4.04,4.04,4.04,4.04,4.04,4.04,4.04,4.04,4.04
{'1599'} hiaoservice(MB): min(4.03) max(4.04) average(4.04)
{'1600'} hisysmanager(MB): 3.77,3.77,3.77,3.77,3.77,3.77,3.76,3.76,3.76,3.76,3.76,3.76,3.76,3.76,3.77,3.77,3.77,3.77,3.77,3.77,3.77,3.77,3.77,3.77,3.77,3.77,3.77,3.77,3.77,3.77,3.77,3.77,3.77,3.77,3.77,3.77,3.77,3.77,3.77,3.77,3.77,3.77,3.77,3.77,3.77
{'1600'} hisysmanager(MB): min(3.76) max(3.77) average(3.77)
{'5211'} wpa_supplicant(MB): 2.80,2.80,2.80,2.80,2.80,2.80,2.76,2.76,2.76,2.76,2.76,2.76,2.76,2.75,2.76,2.76,2.76,2.76,2.75,2.76,2.76,2.76,2.76,2.75,2.76,2.76,2.76,2.76,2.75,2.76,2.76,2.76,2.76,2.76,2.76,2.76,2.76,2.76,2.75,2.76,2.76,2.76,2.76,2.76,2.76
{'5211'} wpa_supplicant(MB): min(2.75) max(2.8) average(2.76)
{'1709'} stbserver(MB): 2.16,2.16,2.16,2.16,2.16,2.16,2.16,2.16,2.16,2.16,2.16,2.16,2.16,2.16,2.16,2.16,2.16,2.16,2.16,2.16,2.16,2.16,2.16,2.16,2.16,2.16,2.16,2.16,2.16,2.16,2.16,2.16,2.16,2.16,2.16,2.16,2.16,2.16,2.16,2.16,2.16,2.16,2.16,2.16,2.16
{'1709'} stbserver(MB): min(2.16) max(2.16) average(2.16)
{'1595'} drmserver(MB): 2.10,2.10,2.10,2.10,2.10,2.10,2.09,2.09,2.09,2.09,2.09,2.09,2.09,2.09,2.10,2.10,2.10,2.10,2.10,2.10,2.10,2.10,2.10,2.10,2.10,2.10,2.10,2.10,2.10,2.10,2.10,2.10,2.10,2.10,2.10,2.10,2.10,2.10,2.10,2.10,2.10,2.10,2.10,2.10,2.10
{'1595'} drmserver(MB): min(2.09) max(2.1) average(2.1)
{'1590'} vold(MB): 1.56,1.56,1.56,1.54,1.56,1.54,1.56,1.56,1.55,1.56,1.53,1.56,1.55,1.56,1.56,1.54,1.56,1.56,1.55,1.55,1.53,1.56,1.56,1.56,1.56,1.53,1.55,1.54,1.56,1.56,1.53,1.56,1.56,1.56,1.56,1.54,1.55,1.56,1.55,1.55,1.54,1.56,1.56,1.56,1.56
{'1590'} vold(MB): min(1.53) max(1.56) average(1.55)
{'1598'} keystore(MB): 1.23,1.22,1.23,1.22,1.23,1.22,1.21,1.21,1.21,1.21,1.20,1.21,1.21,1.21,1.21,1.21,1.21,1.21,1.21,1.21,1.20,1.21,1.21,1.19,1.21,1.20,1.21,1.21,1.21,1.21,1.20,1.21,1.21,1.21,1.21,1.20,1.21,1.21,1.21,1.21,1.20,1.21,1.21,1.21,1.21
{'1598'} keystore(MB): min(1.19) max(1.23) average(1.21)
{'1592'} netd(MB): 1.12,1.12,1.12,1.11,1.12,1.11,1.11,1.11,1.11,1.11,1.11,1.11,1.11,1.11,1.11,1.10,1.11,1.11,1.11,1.11,1.10,1.11,1.11,1.11,1.11,1.11,1.11,1.10,1.12,1.12,1.11,1.12,1.12,1.12,1.12,1.11,1.12,1.12,1.12,1.12,1.11,1.12,1.12,1.12,1.12
{'1592'} netd(MB): min(1.1) max(1.12) average(1.11)
{'32619', '2185', '2995', '1187', '3111', '752', '32349', '1193', '1455', '884', '569', '3389'} busybox(MB): 1.09,0.00,0.61,0.00,1.09,0.00,0.00,0.00,1.10,0.00,0.61,0.54,0.00,0.00,1.10,0.00,1.10,0.00,0.00,1.09,0.00,1.09,0.00
{'32619', '2185', '2995', '1187', '3111', '752', '32349', '1193', '1455', '884', '569', '3389'} busybox(MB): min(0.0) max(1.1) average(0.41)
{'1613'} android_ir_user(MB): 1.08,1.08,1.08,1.08,1.08,1.08,1.08,1.08,1.08,1.08,1.08,1.08,1.08,1.08,1.08,1.08,1.08,1.08,1.08,1.08,1.08,1.08,1.08,1.08,1.08,1.08,1.08,1.08,1.08,1.08,1.08,1.08,1.08,1.08,1.08,1.08,1.08,1.08,1.08,1.08,1.08,1.08,1.08,1.08,1.08
{'1613'} android_ir_user(MB): min(1.08) max(1.08) average(1.08)
{'2013'} VirtualEvent(MB): 1.07,1.07,1.07,1.07,1.07,1.07,1.06,1.06,1.06,1.06,1.06,1.06,1.06,1.06,1.07,1.07,1.07,1.07,1.07,1.07,1.07,1.07,1.07,1.07,1.07,1.07,1.07,1.07,1.07,1.07,1.07,1.07,1.07,1.07,1.07,1.07,1.07,1.07,1.07,1.07,1.07,1.07,1.07,1.07,1.07
{'2013'} VirtualEvent(MB): min(1.06) max(1.07) average(1.07)
{'1605'} dtvloaderserver(MB): 0.84,0.84,0.84,0.84,0.84,0.84,0.84,0.84,0.84,0.84,0.84,0.84,0.84,0.84,0.84,0.84,0.84,0.84,0.84,0.84,0.84,0.84,0.84,0.84,0.84,0.84,0.84,0.84,0.84,0.84,0.84,0.84,0.84,0.84,0.84,0.84,0.84,0.84,0.84,0.84,0.84,0.84,0.84,0.84,0.84
{'1605'} dtvloaderserver(MB): min(0.84) max(0.84) average(0.84)
{'1601'} hikaraokeservice(MB): 0.84,0.84,0.84,0.84,0.84,0.84,0.84,0.84,0.84,0.84,0.84,0.84,0.84,0.84,0.84,0.84,0.84,0.84,0.84,0.84,0.84,0.84,0.84,0.84,0.84,0.84,0.84,0.84,0.84,0.84,0.84,0.84,0.84,0.84,0.84,0.84,0.84,0.84,0.84,0.84,0.84,0.84,0.84,0.84,0.84
{'1601'} hikaraokeservice(MB): min(0.84) max(0.84) average(0.84)
{'1606'} virtualkeypad(MB): 0.79,0.79,0.79,0.79,0.79,0.79,0.79,0.79,0.79,0.79,0.79,0.79,0.79,0.79,0.79,0.79,0.79,0.79,0.79,0.79,0.79,0.79,0.79,0.79,0.79,0.79,0.79,0.79,0.79,0.79,0.79,0.79,0.79,0.79,0.79,0.79,0.79,0.79,0.79,0.79,0.79,0.79,0.79,0.79,0.79
{'1606'} virtualkeypad(MB): min(0.79) max(0.79) average(0.79)
{'1594'} debuggerd64(MB): 0.78,0.78,0.78,0.78,0.78,0.78,0.78,0.78,0.78,0.78,0.78,0.78,0.78,0.78,0.78,1.33,0.78,0.78,0.78,0.78,1.33,0.78,0.78,0.78,0.78,1.32,0.78,1.33,0.78,0.78,1.32,0.87,0.87,0.87,0.87,1.41,0.87,0.87,0.87,0.87,0.87,0.87,0.87,0.87,0.87
{'1594'} debuggerd64(MB): min(0.78) max(1.41) average(0.88)
{'1'} /init(MB): 0.78,0.78,0.78,0.78,0.78,0.78,0.78,0.78,0.78,0.78,0.78,0.78,0.78,0.78,0.78,0.78,0.78,0.78,0.78,0.78,0.78,0.78,0.78,0.78,0.78,0.78,0.78,0.78,0.78,0.78,0.78,0.78,0.78,0.78,0.78,0.78,0.78,0.78,0.78,0.78,0.78,0.78,0.78,0.78,0.78
{'1'} /init(MB): min(0.78) max(0.78) average(0.78)
{'3315'} adbd(MB): 0.67,0.67,0.67,0.67,0.68,0.67,0.68,0.68,0.68,0.68,0.68,0.68,0.68,0.68,0.68,0.68,0.68,0.68,0.68,0.68,0.68,0.68,0.68,0.68,0.68,0.68,0.68,0.68,0.68,0.68,0.68,0.68,0.68,0.68,0.68,0.68,0.68,0.68,0.68,0.68,0.68,0.68,0.68,0.68,0.68
{'3315'} adbd(MB): min(0.67) max(0.68) average(0.68)
{'1588'} lmkd(MB): 0.61,0.62,0.61,0.62,0.62,0.62,0.60,0.61,0.61,0.61,0.61,0.61,0.61,0.61,0.61,0.60,0.61,0.61,0.61,0.61,0.61,0.61,0.61,0.61,0.61,0.61,0.61,0.61,0.60,0.61,0.61,0.61,0.61,0.60,0.61,0.61,0.61,0.61,0.61,0.61,0.61,0.60,0.61,0.60,0.61
{'1588'} lmkd(MB): min(0.6) max(0.62) average(0.61)
{'1602'} netshared(MB): 0.59,0.59,0.59,0.59,0.59,0.59,0.59,0.59,0.59,0.59,0.59,0.59,0.59,0.59,0.59,0.59,0.59,0.59,0.59,0.59,0.59,0.59,0.59,0.59,0.59,0.59,0.59,0.59,0.59,0.59,0.59,0.59,0.59,0.59,0.59,0.59,0.59,0.59,0.59,0.59,0.59,0.59,0.59,0.59,0.59
{'1602'} netshared(MB): min(0.59) max(0.59) average(0.59)
{'20747'} dhcpcd(MB): 0.57,0.57,0.57,0.57,0.57,0.57,0.57,0.57,0.57,0.57,0.57,0.57,0.57,0.57,0.57,0.57,0.57,0.57,0.57,0.57,0.57,0.57,0.57,0.57,0.57,0.57,0.57,0.57,0.57,0.57,0.57,0.57,0.57,0.57,0.57,0.57,0.57,0.57,0.57,0.57,0.57,0.57,0.57,0.57,0.57
{'20747'} dhcpcd(MB): min(0.57) max(0.57) average(0.57)
{'1587'} healthd(MB): 0.56,0.56,0.56,0.56,0.56,0.56,0.56,0.56,0.56,0.56,0.56,0.56,0.56,0.56,0.56,0.56,0.56,0.56,0.56,0.56,0.56,0.56,0.56,0.56,0.56,0.56,0.56,0.56,0.56,0.56,0.56,0.56,0.56,0.56,0.56,0.56,0.56,0.56,0.56,0.56,0.56,0.56,0.56,0.56,0.56
{'1587'} healthd(MB): min(0.56) max(0.56) average(0.56)
{'1188', '1332', '32493', '2713', '32622', '750', '1461', '1835', '882', '2549', '1661', '32352', '1987', '363', '3104', '3382', '1665', '1040', '3235', '2873', '566', '2345', '2173'} dumpsys(MB): 0.52,0.00,0.53,0.00,0.52,0.00,0.53,0.00,0.51,0.00,0.51,0.00,0.51,0.00,0.51,0.00,0.51,0.00,0.51,0.00,0.51,0.00,0.51,0.00,0.00,0.00,0.52,0.00,0.52,0.00,0.52,0.00,0.52,0.00,0.51,0.00,0.52,0.00,0.52,0.00,0.52,0.00,0.52,0.00,0.53,0.00
{'1188', '1332', '32493', '2713', '32622', '750', '1461', '1835', '882', '2549', '1661', '32352', '1987', '363', '3104', '3382', '1665', '1040', '3235', '2873', '566', '2345', '2173'} dumpsys(MB): min(0.0) max(0.53) average(0.25)
{'1106'} ueventd(MB): 0.46,0.46,0.46,0.46,0.46,0.46,0.46,0.46,0.46,0.46,0.46,0.46,0.46,0.46,0.46,0.46,0.46,0.46,0.46,0.46,0.46,0.46,0.46,0.46,0.46,0.46,0.46,0.46,0.46,0.46,0.46,0.46,0.46,0.46,0.46,0.46,0.46,0.46,0.46,0.46,0.46,0.46,0.46,0.46,0.46
{'1106'} ueventd(MB): min(0.46) max(0.46) average(0.46)
{'1608'} coocaa_guard(MB): 0.45,0.45,0.45,0.45,0.45,0.45,0.45,0.45,0.45,0.45,0.45,0.45,0.45,0.45,0.45,0.45,0.45,0.45,0.45,0.45,0.45,0.45,0.45,0.45,0.45,0.45,0.45,0.45,0.45,0.45,0.45,0.45,0.45,0.45,0.45,0.45,0.45,0.45,0.45,0.45,0.45,0.45,0.45,0.45,0.45
{'1608'} coocaa_guard(MB): min(0.45) max(0.45) average(0.45)
{'1614'} teecd(MB): 0.44,0.44,0.44,0.44,0.44,0.44,0.44,0.44,0.44,0.44,0.44,0.44,0.44,0.44,0.44,0.44,0.44,0.44,0.44,0.44,0.44,0.44,0.44,0.44,0.44,0.44,0.44,0.44,0.44,0.44,0.44,0.44,0.44,0.44,0.44,0.44,0.44,0.44,0.44,0.44,0.44,0.44,0.44,0.44,0.44
{'1614'} teecd(MB): min(0.44) max(0.44) average(0.44)
{'1820'} logcat(MB): 0.43,0.43,0.43,0.43,0.43,0.43,0.43,0.43,0.43,0.43,0.43,0.43,0.43,0.43,0.43,0.43,0.43,0.43,0.43,0.43,0.43,0.43,0.43,0.43,0.43,0.43,0.43,0.43,0.43,0.43,0.43,0.43,0.43,0.43,0.43,0.43,0.43,0.43,0.43,0.43,0.43,0.43,0.43,0.43,0.43
{'1820'} logcat(MB): min(0.43) max(0.43) average(0.43)
{'1681', '1742', '1806', '2405', '1745', '6351', '1632', '1470'} sh(MB): 0.41,0.38,0.36,0.34,0.31,0.41,0.38,0.36,0.34,0.31,0.41,0.38,0.36,0.34,0.31,0.41,0.38,0.36,0.34,0.31,0.41,0.38,0.36,0.34,0.31,0.41,0.38,0.36,0.34,0.31,0.41,0.38,0.36,0.34,0.31,0.41,0.38,0.36,0.34,0.31,0.41,0.38,0.36,0.34,0.31,0.41,0.38,0.36,0.34,0.31,0.41,0.38,0.36,0.34,0.31,0.41,0.38,0.36,0.34,0.31,0.41,0.38,0.36,0.34,0.31,0.39,0.36,0.35,0.33,0.30,0.41,0.38,0.36,0.34,0.31,0.41,0.38,0.36,0.34,0.31,0.41,0.38,0.36,0.34,0.31,0.41,0.38,0.36,0.34,0.31,0.39,0.37,0.35,0.33,0.30,0.41,0.38,0.36,0.34,0.31,0.41,0.38,0.36,0.35,0.34,0.31,0.41,0.36,0.34,0.32,0.31,0.00,0.41,0.38,0.36,0.34,0.31,0.00,0.39,0.36,0.35,0.34,0.30,0.00,0.41,0.38,0.36,0.34,0.31,0.41,0.38,0.36,0.34,0.31,0.41,0.38,0.36,0.34,0.31,0.41,0.38,0.36,0.34,0.31,0.39,0.37,0.35,0.34,0.30,0.41,0.38,0.36,0.34,0.31,0.41,0.36,0.35,0.34,0.30,0.00,0.41,0.38,0.36,0.34,0.31,0.00,0.41,0.38,0.36,0.34,0.31,0.41,0.38,0.36,0.34,0.31,0.41,0.38,0.36,0.34,0.31,0.41,0.38,0.36,0.34,0.31,0.41,0.38,0.36,0.34,0.31,0.41,0.38,0.36,0.34,0.31,0.39,0.36,0.35,0.33,0.30,0.40,0.38,0.34,0.31,0.26,0.41,0.38,0.36,0.34,0.31,0.41,0.38,0.36,0.34,0.31,0.41,0.38,0.36,0.34,0.31,0.41,0.38,0.36,0.33,0.31,0.41,0.38,0.36,0.34,0.31
{'1681', '1742', '1806', '2405', '1745', '6351', '1632', '1470'} sh(MB): min(0.0) max(0.41) average(0.35)
{'1597'} installd(MB): 0.39,0.38,0.39,0.38,0.39,0.38,0.38,0.38,0.38,0.38,0.38,0.38,0.38,0.38,0.38,0.38,0.38,0.38,0.38,0.38,0.38,0.38,0.38,0.38,0.38,0.38,0.38,0.38,0.38,0.38,0.38,0.38,0.38,0.38,0.38,0.38,0.38,0.38,0.38,0.38,0.38,0.38,0.38,0.38,0.38
{'1597'} installd(MB): min(0.38) max(0.39) average(0.38)
{'1593'} debuggerd(MB): 0.35,0.35,0.35,0.35,0.35,0.35,0.35,0.35,0.35,0.35,0.35,0.35,0.35,0.35,0.35,0.35,0.35,0.35,0.35,0.35,0.35,0.35,0.35,0.35,0.35,0.35,0.35,0.35,0.35,0.35,0.35,0.35,0.35,0.35,0.35,0.35,0.35,0.35,0.35,0.35,0.35,0.35,0.35,0.35,0.35
{'1593'} debuggerd(MB): min(0.35) max(0.35) average(0.35)
{'1589'} servicemanager(MB): 0.33,0.33,0.33,0.32,0.33,0.33,0.33,0.33,0.33,0.33,0.32,0.33,0.33,0.33,0.33,0.32,0.33,0.33,0.33,0.33,0.32,0.33,0.33,0.33,0.33,0.32,0.33,0.32,0.33,0.33,0.32,0.33,0.33,0.33,0.33,0.32,0.33,0.33,0.33,0.33,0.32,0.33,0.33,0.33,0.33
{'1589'} servicemanager(MB): min(0.32) max(0.33) average(0.33)
{'1609'} hidrawd(MB): 0.27,0.27,0.27,0.27,0.27,0.27,0.26,0.26,0.26,0.26,0.26,0.26,0.26,0.26,0.27,0.27,0.27,0.27,0.27,0.27,0.27,0.27,0.27,0.27,0.27,0.27,0.27,0.27,0.27,0.27,0.27,0.27,0.27,0.27,0.27,0.27,0.27,0.27,0.27,0.27,0.27,0.27,0.27,0.27,0.27
{'1609'} hidrawd(MB): min(0.26) max(0.27) average(0.27)
{'2018'} smobsd(MB): 0.23,0.23,0.23,0.23,0.23,0.23,0.23,0.23,0.23,0.23,0.23,0.23,0.23,0.23,0.23,0.23,0.23,0.23,0.23,0.23,0.23,0.23,0.23,0.23,0.23,0.23,0.23,0.23,0.23,0.23,0.23,0.23,0.23,0.23,0.23,0.23,0.23,0.23,0.23,0.23,0.23,0.23,0.23,0.23,0.23
{'2018'} smobsd(MB): min(0.23) max(0.23) average(0.23)
{'372'} com.tianci.user(MB): 29.77,32.28,29.32,29.32,29.32,29.32,29.32,29.32,29.22
{'372'} com.tianci.user(MB): min(29.22) max(32.28) average(29.69)
{'32738'} com.coocaa.sysreport(MB): 28.65,29.21,29.24,29.37,30.51,30.69,31.11,31.57,31.31,31.34,31.31,31.21,31.29,31.71,31.53,31.87,31.74,31.54,31.83,31.82,31.78,31.74,31.75,31.59,31.80,31.90,29.10,28.45,29.09,28.58,29.06,28.52,29.01,28.45,29.06,28.89,29.07,28.86,29.00
{'32738'} com.coocaa.sysreport(MB): min(28.45) max(31.9) average(30.37)
{'1473', '1684', '2408'} grep(MB): 0.66,0.00,0.00,0.00,0.00,0.00
{'1473', '1684', '2408'} grep(MB): min(0.0) max(0.66) average(0.11)
