total_ram(MB): 452.27,452.27,452.27,452.27,452.27,452.27,452.27,452.27,452.27,452.27,452.27,452.27,452.27,452.27,452.27,452.27,452.27,452.27,452.27,452.27,452.27,452.27,452.27,452.27,452.27,452.27,452.27,452.27,452.27,452.27,452.27,452.27,452.27,452.27,452.27,452.27,452.27,452.27,452.27
total_ram(MB): min(452.27) max(452.27) average(452.27)
free_ram(MB): 109.04,92.91,92.76,93.06,98.98,98.45,97.59,97.42,100.01,91.24,95.67,103.11,99.55,99.52,98.69,99.04,98.85,98.71,99.01,149.40,96.75,96.85,97.08,96.65,96.12,96.91,96.68,98.33,97.16,96.29,95.96,98.50,97.41,97.09,98.99,98.66,97.41,99.50,99.57
free_ram(MB): min(91.24) max(149.4) average(99.1)
used_ram(MB): 207.82,222.78,223.04,222.34,209.72,211.78,214.57,214.48,215.27,213.47,214.33,207.61,204.65,208.27,209.65,209.23,209.82,209.69,209.80,210.68,216.92,216.68,217.35,217.50,217.83,216.44,218.07,216.06,216.77,218.79,219.22,216.62,217.62,218.15,216.94,216.58,218.05,217.55,216.15
used_ram(MB): min(204.65) max(223.04) average(214.83)
lost_ram(MB): 135.41,136.58,136.48,136.87,143.57,142.04,140.12,140.37,137.00,147.56,142.27,141.56,148.07,144.49,143.93,144.01,143.60,143.88,143.46,92.19,138.61,138.74,137.84,138.13,138.32,138.93,137.53,137.89,138.34,137.19,137.10,137.16,137.24,137.03,136.35,137.03,136.80,135.22,136.55
lost_ram(MB): min(92.19) max(148.07) average(138.35)
free(MB): 31.15,50.80,51.37,47.16,51.20,41.20,39.76,39.05,40.89,26.67,67.31,71.91,63.14,62.20,60.10,60.39,59.80,59.28,59.09,98.75,42.20,42.26,41.11,40.66,39.79,40.36,38.54,39.40,38.21,36.77,36.43,38.88,37.79,37.46,39.36,39.03,37.68,39.76,39.82
free(MB): min(26.67) max(98.75) average(46.84)
used_pss(MB): 182.56,198.03,198.32,197.54,184.90,186.93,189.58,189.49,190.27,188.29,189.75,183.00,179.93,183.45,184.66,184.22,184.81,184.70,184.80,185.74,191.63,191.37,191.99,192.10,192.45,191.08,192.67,190.63,191.34,193.34,193.74,191.14,192.12,192.65,191.37,190.98,192.41,191.91,190.50
used_pss(MB): min(179.93) max(198.32) average(189.65)
kernel(MB): 0.00,0.00,0.00,0.00,0.00,0.00,0.00,0.00,0.00,0.00,0.00,0.00,0.00,0.00,0.00,0.00,0.00,0.00,0.00,0.00,0.00,0.00,0.00,0.00,0.00,0.00,0.00,0.00,0.00,0.00,0.00,0.00,0.00,0.00,0.00,0.00,0.00,0.00,0.00
kernel(MB): min(0.0) max(0.0) average(0.0)
buffers(MB): 0.89,0.31,0.29,0.38,0.40,0.42,0.54,0.55,0.55,0.80,0.23,0.24,0.36,0.45,0.60,0.61,0.64,0.64,0.65,0.74,0.97,0.99,1.02,1.03,1.03,1.05,1.09,1.12,1.14,1.18,1.20,1.21,1.23,1.25,1.27,1.31,1.35,1.35,1.37
buffers(MB): min(0.23) max(1.37) average(0.83)
shmem(MB): 0.26,0.26,0.26,0.26,0.26,0.26,0.26,0.26,0.26,0.22,0.22,0.23,0.23,0.23,0.26,0.26,0.26,0.26,0.26,0.05,0.18,0.19,0.21,0.22,0.23,0.23,0.23,0.23,0.24,0.24,0.24,0.27,0.27,0.27,0.27,0.27,0.27,0.28,0.28
shmem(MB): min(0.05) max(0.28) average(0.24)
slab(MB): 24.12,24.17,24.17,24.16,24.15,24.16,24.18,24.18,24.18,24.16,24.13,24.13,24.13,24.14,24.14,24.14,24.11,24.10,24.09,24.14,24.14,24.14,24.14,24.14,24.12,24.07,24.09,24.08,24.05,24.03,24.04,24.00,23.99,23.98,24.02,24.02,24.02,24.01,24.00
slab(MB): min(23.98) max(24.18) average(24.1)
total_swap(MB): 96.00,96.00,96.00,96.00,96.00,96.00,96.00,96.00,96.00,96.00,96.00,96.00,96.00,96.00,96.00,96.00,96.00,96.00,96.00,96.00,96.00,96.00,96.00,96.00,96.00,96.00,96.00,96.00,96.00,96.00,96.00,96.00,96.00,96.00,96.00,96.00,96.00,96.00,96.00
total_swap(MB): min(96.0) max(96.0) average(96.0)
used_swap(MB): 57.76,58.03,58.03,57.61,57.57,57.55,57.55,57.54,57.53,57.52,62.16,62.84,59.68,59.68,59.08,59.08,59.07,59.07,59.07,58.59,58.56,58.56,58.56,58.56,58.55,58.55,58.49,58.35,58.35,58.31,58.31,58.31,58.31,58.31,58.27,58.27,58.27,58.27,58.27
used_swap(MB): min(57.52) max(62.84) average(58.58)
{'2534'} com.tianci.movieplatform(MB): 73.39,73.42,74.45,74.85,73.51,75.48,78.23,78.35,78.35,76.10,78.60,77.63,74.31,74.29,74.72,74.69,74.78,74.89,74.68,75.42,80.19,80.19,80.66,80.80,81.06,81.04,81.05,78.59,79.14,81.26,81.27,78.87,79.54,80.26,79.05,78.76,79.94,79.94,78.04
{'2534'} com.tianci.movieplatform(MB): min(73.39) max(81.27) average(77.69)
{'28857'} com.tianci.user(MB): 17.41,0.00
{'28857'} com.tianci.user(MB): min(0.0) max(17.41) average(8.71)
{'1348'} system(MB): 15.70,15.70,15.38,15.52,15.92,16.04,15.53,15.67,15.91,15.80,15.41,15.25,15.45,15.21,15.43,15.23,15.48,15.19,15.26,15.19,15.61,15.60,15.47,15.68,15.47,15.48,15.39,15.69,15.62,15.43,15.50,15.51,15.46,15.52,15.41,15.55,15.55,15.49,15.53
{'1348'} system(MB): min(15.19) max(16.04) average(15.52)
{'11395'} com.tianci.movieplatform:daemon(MB): 14.08,14.07,14.06,14.00,14.18,14.18,14.28,14.28,14.28,14.48,14.12,14.28,14.26,14.40,14.39,14.40,14.39,14.39,14.41,14.42,14.40,14.41,14.41,14.41,14.41,14.41,14.41,14.40,14.41,14.41,14.41,14.41,14.41,14.41,14.43,14.44,14.44,14.44,14.44
{'11395'} com.tianci.movieplatform:daemon(MB): min(14.0) max(14.48) average(14.34)
{'1587'} com.tianci.system(MB): 10.69,10.66,10.66,10.87,10.97,10.97,10.97,10.97,11.04,11.03,7.52,6.89,6.86,10.75,11.07,11.06,11.07,11.36,11.36,11.35,11.34,11.34,11.35,11.34,11.34,11.34,11.34,11.34,11.34,11.34,11.40,11.40,11.50,11.50,11.26,11.26,11.26,11.26,11.30
{'1587'} com.tianci.system(MB): min(6.86) max(11.5) average(10.86)
{'746'} mediaserver(MB): 10.47,10.38,10.38,10.38,10.39,10.39,10.39,10.37,10.39,10.77,15.30,10.81,10.81,10.82,10.84,10.85,10.84,10.85,10.85,10.34,10.81,10.82,10.84,10.86,10.87,10.87,10.85,10.87,10.88,10.87,10.88,10.91,10.91,10.91,10.91,10.91,10.91,10.92,10.92
{'746'} mediaserver(MB): min(10.34) max(15.3) average(10.85)
{'2455'} com.tianci.de(MB): 9.99,10.05,10.05,10.05,10.07,10.07,10.07,10.07,10.07,10.07,9.88,9.58,9.42,9.42,9.42,9.42,9.42,9.42,9.42,10.42,10.39,10.39,10.39,10.39,10.39,10.39,10.39,10.39,10.38,10.38,10.38,10.38,10.38,10.38,10.38,10.39,10.38,10.38,10.38
{'2455'} com.tianci.de(MB): min(9.42) max(10.42) average(10.09)
{'1872'} com.coocaa.os.ccosservice(MB): 9.55,9.99,9.98,10.00,10.60,10.60,10.62,10.61,10.62,10.62,10.45,10.44,10.46,10.46,10.46,10.46,10.47,10.48,10.48,10.48,10.48,10.47,10.48,10.48,10.47,10.47,10.49,10.49,10.49,10.49,10.49,10.49,10.49,10.49,10.51,10.51,10.50,10.51,10.51
{'1872'} com.coocaa.os.ccosservice(MB): min(9.55) max(10.62) average(10.44)
{'2763'} com.coocaa.sysreport(MB): 7.76,7.57,7.56,7.78,7.88,7.88,7.88,7.88,7.88,7.88,7.51,7.43,7.44,7.44,7.44,7.44,7.44,7.44,7.44,7.44,7.44,7.44,7.43,7.43,7.43,7.43,7.43,7.43,7.43,7.43,7.43,7.43,7.43,7.43,7.43,7.43,7.43,7.43,7.43
{'2763'} com.coocaa.sysreport(MB): min(7.43) max(7.88) average(7.53)
{'28997'} com.tianci.ad(MB): 7.63,15.14,14.69,13.04
{'28997'} com.tianci.ad(MB): min(7.63) max(15.14) average(12.62)
{'1722'} com.tianci.push(MB): 6.92,7.55,7.50,7.49,7.51,7.51,7.51,7.51,7.51,7.51,7.16,7.12,7.12,7.12,7.12,7.12,7.12,7.12,7.13,7.15,7.15,7.15,7.15,7.15,7.15,7.15,7.15,7.52,7.52,7.81,7.81,7.81,7.80,7.81,7.81,7.81,7.81,7.81,7.81
{'1722'} com.tianci.push(MB): min(6.92) max(7.81) average(7.41)
{'1572'} com.dunn.instrument(MB): 6.36,6.35,6.37,6.36,6.24,6.42,6.43,6.42,6.64,6.63,6.53,6.54,6.52,6.52,6.52,6.51,6.51,6.51,6.51,6.51,6.50,6.50,6.50,6.50,6.50,5.41,6.50,6.50,6.50,6.50,6.51,6.50,6.51,6.52,6.52,6.51,6.53,6.32,6.49
{'1572'} com.dunn.instrument(MB): min(5.41) max(6.64) average(6.45)
{'2265'} com.coocaa.os.softsettings.provider(MB): 4.99,5.04,5.04,5.01,5.04,5.04,5.04,5.04,5.04,5.04,4.96,4.96,4.95,4.95,4.95,4.95,4.95,4.95,4.95,4.95,4.95,4.95,4.95,4.95,4.95,4.95,5.27,5.27,5.27,5.27,5.27,5.27,5.27,5.27,5.27,5.27,5.27,5.27,5.27
{'2265'} com.coocaa.os.softsettings.provider(MB): min(4.95) max(5.27) average(5.08)
{'1581'} com.skyworth.android.skyRMService(MB): 3.06,3.13,3.12,3.12,3.16,3.16,3.19,3.12,3.12,3.12,3.10,3.10,3.10,3.10,3.10,3.12,3.12,3.12,3.12,3.12,3.12,3.12,3.12,3.12,3.12,3.12,3.11,3.11,3.11,3.11,3.11,3.11,3.11,3.11,3.11,3.11,3.11,3.11,3.10
{'1581'} com.skyworth.android.skyRMService(MB): min(3.06) max(3.19) average(3.12)
{'2636'} android.process.media(MB): 2.75,2.80,2.80,2.80,2.83,2.83,2.83,2.83,2.83,2.83,2.82,2.82,2.82,2.82,2.82,2.81,2.81,2.81,2.81,2.81,2.81,2.81,2.81,2.81,2.86,2.86,2.86,2.86,2.86,2.86,2.86,2.86,2.86,2.86,2.86,2.86,2.86,2.86,2.86
{'2636'} android.process.media(MB): min(2.75) max(2.86) average(2.83)
{'742'} surfaceflinger(MB): 1.19,0.93,0.93,0.93,0.93,0.94,0.94,0.94,0.93,0.95,0.95,0.95,0.95,0.95,0.95,0.95,0.95,0.95,0.95,0.95,0.95,0.96,0.95,0.95,0.95,0.95,0.95,0.95,0.95,0.95,0.95,0.96,0.95,0.95,0.95,0.95,0.95,0.95,0.95
{'742'} surfaceflinger(MB): min(0.93) max(1.19) average(0.95)
{'2087'} logcat(MB): 1.14,1.13,1.13,1.13,1.13,1.13,1.13,1.13,1.13,1.13,1.00,1.00,1.00,1.00,1.00,1.00,1.00,1.00,1.00,1.00,1.00,1.00,1.00,1.00,1.00,1.00,1.00,1.00,1.00,1.00,1.00,1.00,1.00,1.00,1.00,1.00,1.00,1.00,1.00
{'2087'} logcat(MB): min(1.0) max(1.14) average(1.03)
{'744'} zygote(MB): 0.83,0.86,0.86,0.86,0.92,0.93,0.93,0.93,0.92,0.93,0.89,0.89,0.89,0.89,0.89,0.89,0.89,0.89,0.89,0.89,0.89,0.89,0.89,0.89,0.89,0.89,0.89,0.89,0.89,0.89,0.89,0.89,0.89,0.89,0.89,0.89,0.89,0.89,0.89
{'744'} zygote(MB): min(0.83) max(0.93) average(0.89)
{'1114'} TvServer(MB): 0.82,0.71,0.71,0.71,0.71,0.72,0.72,0.72,0.72,0.73,0.72,0.72,0.72,0.72,0.72,0.72,0.72,0.72,0.72,0.72,0.73,0.73,0.73,0.73,0.73,0.73,0.73,0.73,0.73,0.73,0.73,0.73,0.73,0.73,0.73,0.73,0.73,0.73,0.73
{'1114'} TvServer(MB): min(0.71) max(0.82) average(0.73)
{'1796'} app_process(MB): 0.40,0.40,0.40,0.40,0.41,0.41,0.41,0.41,0.41,0.41,0.41,0.41,0.41,0.41,0.41,0.41,0.41,0.41,0.41,0.41,0.41,0.41,0.41,0.41,0.41,0.41,0.41,0.41,0.41,0.41,0.41,0.41,0.41,0.41,0.41,0.41,0.41,0.41,0.41
{'1796'} app_process(MB): min(0.4) max(0.41) average(0.41)
{'757'} sdcard(MB): 0.37,0.37,0.37,0.37,0.37,0.37,0.37,0.37,0.37,0.37,0.37,0.37,0.37,0.37,0.37,0.37,0.37,0.37,0.37,0.37,0.37,0.37,0.37,0.37,0.37,0.37,0.37,0.37,0.37,0.37,0.37,0.37,0.37,0.37,0.37,0.37,0.37,0.37,0.37
{'757'} sdcard(MB): min(0.37) max(0.37) average(0.37)
{'1501'} wpa_supplicant(MB): 0.37,0.27,0.14,0.37,0.37,0.37,0.37,0.37,0.37,0.36,0.36,0.36,0.37,0.37,0.37,0.37,0.37,0.37,0.37,0.37,0.37,0.37,0.37,0.37,0.37,0.37,0.37,0.37,0.37,0.37,0.37,0.37,0.37,0.37,0.37,0.37,0.37,0.37,0.37
{'1501'} wpa_supplicant(MB): min(0.14) max(0.37) average(0.36)
{'740'} netd(MB): 0.25,0.24,0.23,0.24,0.24,0.24,0.24,0.25,0.25,0.25,0.25,0.25,0.25,0.25,0.25,0.25,0.25,0.25,0.25,0.24,0.25,0.25,0.25,0.25,0.25,0.25,0.25,0.25,0.25,0.25,0.25,0.25,0.25,0.25,0.25,0.25,0.25,0.25,0.25
{'740'} netd(MB): min(0.23) max(0.25) average(0.25)
{'1'} /init(MB): 0.23,0.23,0.23,0.23,0.23,0.23,0.23,0.23,0.23,0.23,0.23,0.23,0.23,0.23,0.23,0.23,0.23,0.23,0.23,0.23,0.23,0.23,0.23,0.23,0.23,0.23,0.23,0.23,0.23,0.23,0.23,0.23,0.23,0.23,0.23,0.23,0.23,0.23,0.23
{'1'} /init(MB): min(0.23) max(0.23) average(0.23)
{'30421', '32180', '32028', '31032', '30719', '31724', '29588', '29423', '30278', '29059', '29710', '31566', '31198', '30549', '30887', '29282', '31876', '29924', '30119', '31389'} dumpsys(MB): 0.20,0.00,0.24,0.00,0.25,0.00,0.25,0.00,0.24,0.00,0.25,0.00,0.25,0.00,0.23,0.00,0.25,0.00,0.22,0.00,0.25,0.00,0.25,0.00,0.25,0.00,0.25,0.00,0.22,0.00,0.25,0.00,0.25,0.00,0.25,0.00,0.25,0.00,0.25
{'30421', '32180', '32028', '31032', '30719', '31724', '29588', '29423', '30278', '29059', '29710', '31566', '31198', '30549', '30887', '29282', '31876', '29924', '30119', '31389'} dumpsys(MB): min(0.0) max(0.25) average(0.12)
{'1436'} adbd(MB): 0.20,0.19,0.19,0.19,0.19,0.19,0.19,0.19,0.19,0.19,0.19,0.19,0.20,0.19,0.19,0.20,0.20,0.20,0.20,0.20,0.20,0.20,0.20,0.20,0.20,0.20,0.20,0.20,0.20,0.20,0.20,0.20,0.20,0.20,0.20,0.20,0.20,0.20,0.20
{'1436'} adbd(MB): min(0.19) max(0.2) average(0.2)
{'741'} debuggerd(MB): 0.14,0.14,0.14,0.14,0.14,0.14,0.14,0.14,0.14,0.14,0.10,0.10,0.10,0.10,0.10,0.10,0.10,0.10,0.10,0.10,0.10,0.10,0.10,0.10,0.10,0.10,0.10,0.10,0.10,0.10,0.10,0.10,0.10,0.10,0.10,0.10,0.10,0.10,0.10
{'741'} debuggerd(MB): min(0.1) max(0.14) average(0.11)
{'736'} vold(MB): 0.11,0.11,0.11,0.11,0.11,0.11,0.11,0.11,0.11,0.11,0.07,0.07,0.07,0.07,0.07,0.07,0.07,0.07,0.07,0.07,0.07,0.07,0.07,0.07,0.07,0.07,0.07,0.07,0.07,0.07,0.07,0.07,0.07,0.07,0.07,0.07,0.07,0.07,0.07
{'736'} vold(MB): min(0.07) max(0.11) average(0.08)
{'733'} healthd(MB): 0.11,0.11,0.11,0.11,0.11,0.11,0.11,0.11,0.11,0.11,0.11,0.11,0.11,0.11,0.11,0.11,0.11,0.11,0.11,0.11,0.11,0.11,0.11,0.11,0.11,0.11,0.11,0.11,0.11,0.11,0.11,0.11,0.11,0.11,0.11,0.11,0.11,0.11,0.11
{'733'} healthd(MB): min(0.11) max(0.11) average(0.11)
{'749'} FileDesc_server(MB): 0.08,0.08,0.08,0.08,0.08,0.08,0.08,0.08,0.08,0.08,0.08,0.08,0.08,0.08,0.08,0.08,0.08,0.08,0.08,0.08,0.08,0.08,0.08,0.08,0.08,0.08,0.08,0.08,0.08,0.08,0.08,0.08,0.08,0.08,0.08,0.08,0.08,0.08,0.08
{'749'} FileDesc_server(MB): min(0.08) max(0.08) average(0.08)
{'754'} coocaa_guard(MB): 0.07,0.07,0.07,0.07,0.07,0.07,0.07,0.07,0.07,0.07,0.07,0.07,0.07,0.07,0.07,0.07,0.07,0.07,0.07,0.07,0.07,0.07,0.07,0.07,0.07,0.07,0.07,0.07,0.07,0.07,0.07,0.07,0.07,0.07,0.07,0.07,0.07,0.07,0.07
{'754'} coocaa_guard(MB): min(0.07) max(0.07) average(0.07)
{'512'} ueventd(MB): 0.07,0.07,0.07,0.07,0.07,0.07,0.07,0.07,0.07,0.07,0.07,0.07,0.07,0.07,0.07,0.07,0.07,0.07,0.07,0.07,0.07,0.07,0.07,0.07,0.07,0.07,0.07,0.07,0.07,0.07,0.07,0.07,0.07,0.07,0.07,0.07,0.07,0.07,0.07
{'512'} ueventd(MB): min(0.07) max(0.07) average(0.07)
{'735'} servicemanager(MB): 0.05,0.05,0.05,0.05,0.05,0.05,0.05,0.05,0.05,0.05,0.05,0.05,0.05,0.05,0.05,0.05,0.05,0.05,0.05,0.05,0.05,0.05,0.05,0.05,0.05,0.05,0.05,0.05,0.05,0.05,0.05,0.05,0.05,0.05,0.05,0.05,0.05,0.05,0.05
{'735'} servicemanager(MB): min(0.05) max(0.05) average(0.05)
{'1106'} RootApp(MB): 0.05,0.05,0.05,0.05,0.05,0.05,0.05,0.05,0.05,0.05,0.05,0.05,0.05,0.05,0.05,0.05,0.05,0.05,0.05,0.05,0.05,0.05,0.05,0.05,0.05,0.05,0.05,0.05,0.05,0.05,0.05,0.05,0.05,0.05,0.05,0.05,0.05,0.05,0.05
{'1106'} RootApp(MB): min(0.05) max(0.05) average(0.05)
{'1075'} logwrapper(MB): 0.04,0.03,0.03,0.03,0.03,0.03,0.03,0.03,0.03,0.04,0.04,0.04,0.04,0.04,0.04,0.04,0.04,0.04,0.04,0.04,0.04,0.04,0.04,0.04,0.04,0.04,0.04,0.04,0.04,0.04,0.04,0.04,0.04,0.04,0.04,0.04,0.04,0.04,0.04
{'1075'} logwrapper(MB): min(0.03) max(0.04) average(0.04)
{'1707', '734', '31439', '30893'} sh(MB): 0.04,0.00,0.04,0.00,0.04,0.00,0.04,0.00,0.04,0.00,0.04,0.00,0.04,0.00,0.04,0.00,0.04,0.00,0.04,0.00,0.04,0.00,0.04,0.00,0.04,0.00,0.04,0.00,0.04,0.00,0.04,0.00,0.04,0.00,0.04,0.00,0.04,0.00,0.02,0.00,0.04,0.00,0.04,0.00,0.04,0.00,0.00,0.04,0.00,0.00,0.04,0.00,0.02,0.00,0.04,0.00,0.04,0.00,0.02,0.00,0.00,0.04,0.00,0.00,0.04,0.00,0.04,0.00,0.04,0.00,0.04,0.00,0.04,0.00,0.04,0.00,0.04,0.00,0.04,0.00,0.04,0.00
{'1707', '734', '31439', '30893'} sh(MB): min(0.0) max(0.04) average(0.02)
{'1638'} busybox(MB): 0.04,0.04,0.04,0.04,0.04,0.04,0.04,0.04,0.04,0.04,0.04,0.04,0.04,0.04,0.04,0.04,0.04,0.04,0.04,0.04,0.04,0.04,0.04,0.04,0.04,0.04,0.04,0.04,0.04,0.04,0.04,0.04,0.04,0.04,0.04,0.04,0.04,0.04,0.04
{'1638'} busybox(MB): min(0.04) max(0.04) average(0.04)
{'739'} keypad(MB): 0.02,0.02,0.02,0.02,0.02,0.02,0.02,0.02,0.02,0.02,0.02,0.02,0.02,0.02,0.02,0.02,0.02,0.02,0.02,0.02,0.02,0.02,0.02,0.02,0.02,0.02,0.02,0.02,0.02,0.02,0.02,0.02,0.02,0.02,0.02,0.02,0.02,0.02,0.02
{'739'} keypad(MB): min(0.02) max(0.02) average(0.02)
{'1232'} VirtualEvent(MB): 0.02,0.02,0.02,0.02,0.02,0.02,0.02,0.02,0.02,0.02,0.02,0.02,0.02,0.02,0.02,0.02,0.02,0.02,0.02,0.02,0.02,0.02,0.02,0.02,0.02,0.02,0.02,0.02,0.02,0.02,0.02,0.02,0.02,0.02,0.02,0.02,0.02,0.02,0.02
{'1232'} VirtualEvent(MB): min(0.02) max(0.02) average(0.02)
{'745'} drmserver(MB): 0.01,0.01,0.01,0.01,0.01,0.01,0.01,0.01,0.01,0.01,0.01,0.01,0.01,0.01,0.01,0.01,0.01,0.01,0.01,0.01,0.01,0.01,0.01,0.01,0.01,0.01,0.01,0.01,0.01,0.01,0.01,0.01,0.01,0.01,0.01,0.01,0.01,0.01,0.01
{'745'} drmserver(MB): min(0.01) max(0.01) average(0.01)
{'748'} keystore(MB): 0.01,0.01,0.01,0.01,0.01,0.01,0.01,0.01,0.01,0.01,0.01,0.01,0.01,0.01,0.01,0.01,0.01,0.01,0.01,0.01,0.01,0.01,0.01,0.01,0.01,0.01,0.01,0.01,0.01,0.01,0.01,0.01,0.01,0.01,0.01,0.01,0.01,0.01,0.01
{'748'} keystore(MB): min(0.01) max(0.01) average(0.01)
{'737'} hardwared(MB): 0.00,0.00,0.00,0.00,0.00,0.00,0.00,0.00,0.00,0.00,0.00,0.00,0.00,0.00,0.00,0.00,0.00,0.00,0.00,0.00,0.00,0.00,0.00,0.00,0.00,0.00,0.00,0.00,0.00,0.00,0.00,0.00,0.00,0.00,0.00,0.00,0.00,0.00,0.00
{'737'} hardwared(MB): min(0.0) max(0.0) average(0.0)
{'747'} installd(MB): 0.00,0.00,0.00,0.00,0.00,0.00,0.00,0.00,0.00,0.00,0.00,0.00,0.00,0.00,0.00,0.00,0.00,0.00,0.00,0.00,0.00,0.00,0.00,0.00,0.00,0.00,0.00,0.00,0.00,0.00,0.00,0.00,0.00,0.00,0.00,0.00,0.00,0.00,0.00
{'747'} installd(MB): min(0.0) max(0.0) average(0.0)
{'1258'} smobsd(MB): 0.00,0.00,0.00,0.00,0.00,0.00,0.00,0.00,0.00,0.00,0.00,0.00,0.00,0.00,0.00,0.00,0.00,0.00,0.00,0.00,0.00,0.00,0.00,0.00,0.00,0.00,0.00,0.00,0.00,0.00,0.00,0.00,0.00,0.00,0.00,0.00,0.00,0.00,0.00
{'1258'} smobsd(MB): min(0.0) max(0.0) average(0.0)
{'1861'} dhcpcd(MB): 0.00,0.00,0.00,0.00,0.00,0.00,0.00,0.00,0.00,0.00,0.00,0.00,0.00,0.00,0.00,0.00,0.00,0.00,0.00,0.00,0.00,0.00,0.00,0.00,0.00,0.00,0.00,0.00,0.00,0.00,0.00,0.00,0.00,0.00,0.00,0.00,0.00,0.00,0.00
{'1861'} dhcpcd(MB): min(0.0) max(0.0) average(0.0)
{'31441'} ps(MB): 0.00,0.00
{'31441'} ps(MB): min(0.0) max(0.0) average(0.0)
{'31442'} grep(MB): 0.00,0.00
{'31442'} grep(MB): min(0.0) max(0.0) average(0.0)
{'31443'} awk(MB): 0.00,0.00
{'31443'} awk(MB): min(0.0) max(0.0) average(0.0)
