usr: 34,57,47,35,21,37,11,42,14,59,9,50,20,50,13,26,25,32,48,34,25,43,30,30,51,38,29,39,32,22,29,23,47,52,21,58,14,22,21,52,48,35,26,23,37,36,53,35,52,38,27,12,23,40,45,40,50,19,23,32,27,33,18,53,25,31,26,24,34,21,56,28,16,35,16
usr: min(9.0) max(59.0) average(33.05)
sys: 44,38,28,38,19,46,26,42,28,29,25,46,27,32,26,22,30,33,39,42,50,44,28,30,36,23,39,33,32,27,36,26,25,41,21,30,25,36,31,20,40,37,30,30,33,45,38,35,20,47,27,19,20,28,47,20,36,21,35,34,20,31,29,39,37,35,44,34,46,34,36,39,21,42,18
sys: min(18.0) max(50.0) average(32.53)
nic: 0,0,0,0,0,0,0,0,0,0,0,0,0,0,0,0,0,0,0,0,0,0,0,0,0,0,0,0,0,0,0,0,0,0,0,0,0,0,0,0,0,0,0,0,0,0,0,0,0,0,0,0,0,0,0,0,0,0,0,0,0,0,0,0,0,0,0,0,0,0,0,0,0,0,0
nic: min(0.0) max(0.0) average(0.0)
idle: 14,0,16,10,45,7,45,6,57,6,64,1,49,15,60,51,41,30,6,10,20,6,28,26,7,33,28,25,32,50,31,45,23,4,55,7,58,42,40,19,0,25,43,40,25,17,7,27,27,9,42,68,56,30,5,38,10,57,39,30,51,28,52,1,31,33,25,42,17,43,3,32,60,18,63
idle: min(0.0) max(68.0) average(29.41)
io: 4,1,5,5,13,4,15,4,0,0,0,0,0,0,0,0,0,0,1,4,1,3,10,11,0,0,0,0,0,0,0,0,0,0,0,0,0,0,5,0,0,1,0,0,2,0,0,0,0,1,0,0,0,0,0,0,0,0,0,0,0,0,0,0,0,0,0,0,0,0,0,0,0,0,0
io: min(0.0) max(15.0) average(1.2)
irq: 0,0,0,0,0,0,0,0,0,0,0,0,0,0,0,0,0,0,0,0,0,0,0,0,0,0,0,0,0,0,0,0,0,0,0,0,0,0,0,0,0,0,0,0,0,0,0,0,0,0,0,0,0,0,0,0,0,0,0,0,0,0,0,0,0,0,0,0,0,0,0,0,0,0,0
irq: min(0.0) max(0.0) average(0.0)
sirq: 4,1,1,10,0,3,1,6,0,4,0,1,3,1,0,0,3,3,3,8,1,1,2,1,3,4,3,1,4,0,2,4,3,1,1,3,1,0,1,7,11,0,0,6,2,0,0,1,0,3,1,0,0,0,1,2,3,1,1,2,0,6,0,6,5,0,3,0,1,0,3,0,1,3,2
sirq: min(0.0) max(11.0) average(2.12)
{'1348'} system_server: 18,23,6,22,0,23,0,24,5,22,0,44,0,17,0,20,0,21,5,17,0,22,9,21,17,23,19,25,2,23,26,23,2,15,0,30,0,24,0,21,4,22,13,5,25,4,37,2,25,20,22,0,23,8,32,10,21,0,22,2,24,6,0,13,15,30,4,26,9,24,2,25,0,24,0
{'1348'} system_server: min(0.0) max(44.0) average(14.24)
{'28997'} com.tianci.ad: 14,21,0,0,0,0,0,0
{'28997'} com.tianci.ad: min(0.0) max(21.0) average(4.38)
{'746'} /system/bin/mediaserver: 8,10,13,7,8,8,9,12,9,12,7,6,7,7,8,6,5,9,5,13,13,10,7,9,8,10,8,9,14,6,11,8,16,11,10,11,11,10,4,1,11,7,8,11,8,9,10,10,32,9,7,11,8,10,9,8,12,6,12,10,5,10,5,19,7,7,7,10,12,11,31,8,7,7,8
{'746'} /system/bin/mediaserver: min(1.0) max(32.0) average(9.57)
{'457'} [mmcqd/0]: 8,8,4,2,4,13,2,3,7,2,2,5,1,4,6,16
{'457'} [mmcqd/0]: min(1.0) max(16.0) average(5.44)
{'30202', '31954', '30390', '29372', '30750', '30465', '29118', '30065', '29635', '31087', '31838', '29266', '29062', '29407', '29784', '29601', '30800', '29902', '30890', '31768', '31815', '31269', '29531', '31041', '31879', '30837', '31320', '30695', '29834', '31182', '31128', '31593', '30429', '30653', '32034', '32116', '31376', '31677', '30349', '29970', '29934', '30236', '30155', '29696', '30281', '31727', '29740', '31003', '29569', '30124', '31475', '30311', '29491', '29214', '30495', '30606', '30922', '29438', '30963', '30021', '31639', '31550', '31913', '31999', '30526', '31423', '31513', '30563', '29300', '29665', '31216', '29344', '29181'} 1-ntopbusybox: 6,4,4,5,2,3,2,4,4,2,2,5,3,5,2,2,5,2,7,4,4,3,2,2,4,2,5,2,4,2,4,4,4,5,4,4,4,2,4,3,4,2,2,3,2,4,4,4,2,4,2,2,2,4,2,4,2,2,2,4,4,2,2,5,2,4,4,2,2,2,5,4,4
{'30202', '31954', '30390', '29372', '30750', '30465', '29118', '30065', '29635', '31087', '31838', '29266', '29062', '29407', '29784', '29601', '30800', '29902', '30890', '31768', '31815', '31269', '29531', '31041', '31879', '30837', '31320', '30695', '29834', '31182', '31128', '31593', '30429', '30653', '32034', '32116', '31376', '31677', '30349', '29970', '29934', '30236', '30155', '29696', '30281', '31727', '29740', '31003', '29569', '30124', '31475', '30311', '29491', '29214', '30495', '30606', '30922', '29438', '30963', '30021', '31639', '31550', '31913', '31999', '30526', '31423', '31513', '30563', '29300', '29665', '31216', '29344', '29181'} 1-ntopbusybox: min(2.0) max(7.0) average(3.29)
{'2455'} com.tianci.de: 4,2,6,5,6,5,2,4,4,4,2,5,3,2,2,2,2,4,7,6,5,3,4,4,9,6,3,5,6,2,6,2,9,5,6,4,4,4,5,1,9,4,6,5,2,5,2,4,5,5,6,4,4,6,4,6,5,2,4,10,2,8,4,6,6,4,5,4,9,2,5,4,4,6,2
{'2455'} com.tianci.de: min(1.0) max(10.0) average(4.52)
{'742'} /system/bin/surfaceflinger: 4,6,6,5,8,8,6,8,7,10,6,5,8,5,4,4,5,4,5,4,7,3,7,4,6,4,5,9,8,4,4,4,9,7,6,11,4,8,2,1,9,0,4,3,4,7,6,8,5,5,4,4,4,8,5,6,10,4,6,6,2,10,7,6,4,7,7,4,9,5,11,6,4,4,2
{'742'} /system/bin/surfaceflinger: min(0.0) max(11.0) average(5.69)
{'2534'} com.tianci.movieplatform: 2,6,28,15,4,9,4,6,2,8,2,5,3,29,4,4,11,9,33,22,11,7,9,8,30,13,8,7,14,6,4,10,9,16,6,9,5,2,12,31,43,15,6,3,10,7,23,6,2,18,4,2,4,18,12,18,12,6,4,6,7,10,7,24,4,2,5,4,10,4,22,4,2,4,4
{'2534'} com.tianci.movieplatform: min(2.0) max(43.0) average(10.07)
{'1114'} 2706432000TvServer: 2,4,2,3,3,4,4,5,4,2,5,3,3,2,2,4,3,2,4,3,2,4,4,4,2,4,6,2,2,2,5,3,2,4,2,2,5,1,4,2,2,3,4,4,0,2,0,4,2,2,0,2,4,4,5,2,2,2,4,2,5,2,2,4,2,3,2,4,2,2,4,2
{'1114'} 2706432000TvServer: min(0.0) max(6.0) average(2.92)
{'1436'} /sbin/adbd: 2,2,5,4,2,2,2,2,3,4,2,4,6,2,2,4,4,1,2,2,1,2,2,2,2,2,2,2,2,2,2,2,2,2,2,2,2,2,3,2,4
{'1436'} /sbin/adbd: min(1.0) max(6.0) average(2.46)
{'749'} /system/bin/FileDesc_server: 2,2,2,2,2,2,2,2,2,1,2,2,2,2,2,2,2,2,1,2,2,2
{'749'} /system/bin/FileDesc_server: min(1.0) max(2.0) average(1.91)
{'8372'} [kworker/u:3]: 2,2,2
{'8372'} [kworker/u:3]: min(2.0) max(2.0) average(2.0)
{'17'} [ksoftirqd/2]: 2,2
{'17'} [ksoftirqd/2]: min(2.0) max(2.0) average(2.0)
{'13'} [ksoftirqd/1]: 2
{'13'} [ksoftirqd/1]: min(2.0) max(2.0) average(2.0)
{'11395'} com.tianci.movieplatform:daemon: 0,0,0,0,0,0,0,0,0,0,0,0,2,0,0,0,0,0,0,0,0,0,0,0,0,0,0,0,0,0,0,0,0,0,0,0,0,0,0,0,0,0,0,0,0,0,0,0,0,0,0,0,0,0,0,0,0,0,0,0,0,0,0,0,0,0,0,0,0,0,0,0,0,0,0
{'11395'} com.tianci.movieplatform:daemon: min(0.0) max(2.0) average(0.03)
{'1587'} com.tianci.system: 0,0,0,2,0,0,0,0,0,0,0,0,0,0,0,0,0,0,0,0,2,2,0,2,0,2,0,2,0,2,0,0,0,11,0,2,0,2,0,1,0,0,0,0,0,0,0,0,0,0,0,0,0,2,0,0,0,0,0,2,0,0,2,0,0,0,2,0,2,2,0,0,0,0,0
{'1587'} com.tianci.system: min(0.0) max(11.0) average(0.56)
{'1872'} com.coocaa.os.ccosservice: 0,10,0,0,0,0,0,0,0,0,0,0,0,0,0,0,0,0,0,0,0,0,0,0,0,0,0,0,0,0,0,0,0,0,0,0,0,0,0,0,0,0,0,0,0,0,0,0,0,0,0,0,0,0,0,0,0,0,0,0,0,0,0,0,0,0,0,0,2,0,0,0,0,0,0
{'1872'} com.coocaa.os.ccosservice: min(0.0) max(10.0) average(0.16)
{'28857'} com.tianci.user: 0,0
{'28857'} com.tianci.user: min(0.0) max(0.0) average(0.0)
{'1722'} com.tianci.push: 0,0,0,0,0,0,0,0,0,0,0,0,0,0,0,0,0,0,0,0,0,0,0,0,0,0,0,0,0,0,0,0,0,0,0,0,0,0,0,0,0,0,0,0,0,0,0,0,0,0,0,0,0,0,0,0,0,0,0,0,0,0,0,0,0,0,0,0,0,0,0,0,0,0,0
{'1722'} com.tianci.push: min(0.0) max(0.0) average(0.0)
{'2763'} com.coocaa.sysreport: 0,0,0,0,0,0,0,0,0,0,0,0,0,0,0,0,0,0,0,0,0,0,0,0,0,0,0,0,0,0,0,0,0,0,0,0,0,0,0,0,0,0,0,0,0,0,0,0,0,0,0,0,0,0,0,0,0,0,0,0,0,0,0,0,0,0,0,0,0,0,0,0,0,0,0
{'2763'} com.coocaa.sysreport: min(0.0) max(0.0) average(0.0)
{'2087'} long-vlogcat: 2,2,2,2,2,2,2,2,2,2,2,2,2,2,2,2,2,2
{'2087'} long-vlogcat: min(2.0) max(2.0) average(2.0)
{'4'} [ksoftirqd/0]: 2,2
{'4'} [ksoftirqd/0]: min(2.0) max(2.0) average(2.0)
{'1572'} com.dunn.instrument: 0,0,5,0,8,0,12,2,18,0,0,3,0,0,0,5,0,12,0,0,9,0,0,4,0,5,2,2,0,0,0,15,5,2,11,0,0,0,0,6,0,0,5,0,12,0,16,0,0,0,0,0,0,9,0,7,0,0,12,0,8,0,3,4,2,9,0,12,0,4,4,2,7,0
{'1572'} com.dunn.instrument: min(0.0) max(18.0) average(3.27)
{'2265'} com.coocaa.os.softsettings.provide: 0,0,0,0,0,0,0,0,0,0,0,0,0,0,0,0,0,0,0,0,0,0,0,0,0,0,0,0,0,0,0,0,0,0,0,0,0,0,0,0,0,0,0,0,0,0,0,0,0,0,0,0,0,0,0,0,0,0,0,0,0,0,0,0,0,0,0,0,0,0,0,0
{'2265'} com.coocaa.os.softsettings.provide: min(0.0) max(0.0) average(0.0)
{'1796'} com.dunn.i/system/binapp_process: 0,0,0,0,0,0,0,0,0,0,0,0,0,0,0,0,0,0,0,0,0,0,0,0,0,0,0,0,0,0,0,0,0,0,0,0,0,0,0,0,0,0,0,0,0,0,0,0,0,0,0,0,0,0,0,0,0,0,0,0,0,0,0,0,0,0,0
{'1796'} com.dunn.i/system/binapp_process: min(0.0) max(0.0) average(0.0)
{'2636'} android.process.media: 0,0,0,0,0,0,0,0,0,0,0,0,0,0,0,0,0,0,0,0,0,0,0,0,0,0,0,0,0,0,0,0,0,0,0,0,0,0,0,0,0,0,0,0,0,0,0,0,0,0,0,0,0,0,0,0,0,0,0,0,0,0
{'2636'} android.process.media: min(0.0) max(0.0) average(0.0)
{'1581'} com.skyworth.android.skyRMService: 0,0,0,0,0,0,0,0,0,0,0,0,0,2,0,0,0,0,0,0,0,0,0,0,0,0,0,0,0,0,0,0,0,0,0,0,0,0,0,0,0,0,0,0,0,0,0,0,0,0,0,0,0,0
{'1581'} com.skyworth.android.skyRMService: min(0.0) max(2.0) average(0.04)
{'286'} [kworker/u:2]: 2,2,2,2,2,2,2,2,2,2,1,2,2,2
{'286'} [kworker/u:2]: min(1.0) max(2.0) average(1.93)
{'739'} /system/bin/keypad: 2,2,2,2,2,2,2
{'739'} /system/bin/keypad: min(2.0) max(2.0) average(2.0)
{'744'} /-Xzygote/bin/app_processzygote: 0,0,0,0,0,0,0,0,0,0,0,0,0,0,0,0,0,0,0,0,0,0,0,0,0,0,0,0,0,0,0,0,0,0,0,0,0,0
{'744'} /-Xzygote/bin/app_processzygote: min(0.0) max(0.0) average(0.0)
{'10615'} [kworker/u:2H]: 2,1,2
{'10615'} [kworker/u:2H]: min(1.0) max(2.0) average(1.67)
{'1608'} [RTW_CMD_THREAD]: 2,2,2,2,2,2,1,2
{'1608'} [RTW_CMD_THREAD]: min(1.0) max(2.0) average(1.88)
{'735'} /system/bin/servicemanager: 2,2,2,2,2
{'735'} /system/bin/servicemanager: min(2.0) max(2.0) average(2.0)
{'31'} [kworker/2:1]: 2,2
{'31'} [kworker/2:1]: min(2.0) max(2.0) average(2.0)
{'1232'} VirtualEvent: 0,0,0,0,0,0,0,0,0,0,0,0,0,0,0,0,0,0,0,0,0,0,0,0
{'1232'} VirtualEvent: min(0.0) max(0.0) average(0.0)
{'745'} /system/bin/drmserver: 0,0,0,0,0,0,0,0
{'745'} /system/bin/drmserver: min(0.0) max(0.0) average(0.0)
{'7'} [kworker/u:0]: 2,2,2,2,2,2,2,2,2
{'7'} [kworker/u:0]: min(2.0) max(2.0) average(2.0)
{'10'} [rcu_preempt]: 2,2,2,2,2,1,2,2,2,2,2,2
{'10'} [rcu_preempt]: min(1.0) max(2.0) average(1.92)
{'30'} [kworker/1:1]: 2,2,2,2
{'30'} [kworker/1:1]: min(2.0) max(2.0) average(2.0)
{'26342'} [kworker/u:1H]: 2,2,2,2
{'26342'} [kworker/u:1H]: min(2.0) max(2.0) average(2.0)
{'757'} 1023-g1023-u/system/bin/sdcard: 2,2
{'757'} 1023-g1023-u/system/bin/sdcard: min(2.0) max(2.0) average(2.0)
{'32'} [kworker/3:1]: 2,2
{'32'} [kworker/3:1]: min(2.0) max(2.0) average(2.0)
{'348'} [kswapd0]: 15,2
{'348'} [kswapd0]: min(2.0) max(15.0) average(8.5)
{'23158'} [kworker/u:1]: 2,2,1,2,2,2,2,2,2,2,1,2,2,2
{'23158'} [kworker/u:1]: min(1.0) max(2.0) average(1.86)
{'699'} [jbd2/mmcblk0p2-]: 2
{'699'} [jbd2/mmcblk0p2-]: min(2.0) max(2.0) average(2.0)
{'31732'} com.tianci.movieplgfxinfodumpsys: 3
{'31732'} com.tianci.movieplgfxinfodumpsys: min(3.0) max(3.0) average(3.0)
{'694'} [kworker/0:1H]: 2
{'694'} [kworker/0:1H]: min(2.0) max(2.0) average(2.0)
