usr: 28,13,31,17,20,58,35,16,27,7,16,26,40,30,14,27,11,19,29,12,66,35,21,13,40,33,45,51,48,18,25,25,24,12,20,43,25,25,20,23,10,24,8,27,33,13,23,6,21,13,23,13,24,39,40,24,10,33,46,44,54,13,21,36,19,6,50,11,16,26,44,24,10,47,10,23,32,23
usr: min(6.0) max(66.0) average(25.99)
sys: 28,21,22,17,36,26,20,19,13,21,30,28,26,30,18,31,15,25,32,16,24,22,24,16,32,32,41,33,34,16,27,20,26,22,17,37,16,33,18,32,20,26,20,25,32,16,20,20,19,15,23,15,19,28,43,28,17,29,21,28,16,28,28,23,26,13,31,17,29,26,36,34,16,22,17,16,23,29
sys: min(13.0) max(43.0) average(24.23)
nic: 0,0,0,0,2,0,0,1,0,0,1,0,0,0,0,3,0,0,1,0,0,0,2,0,0,0,1,0,0,0,0,3,0,1,0,6,0,3,1,0,0,0,2,0,0,3,0,0,0,0,4,0,0,0,0,0,0,0,0,0,0,1,0,0,7,0,0,0,0,3,0,0,0,0,0,0,3,1
nic: min(0.0) max(7.0) average(0.63)
idle: 32,65,35,63,25,12,31,44,53,70,50,43,18,28,50,24,52,53,35,51,5,37,48,52,11,26,1,7,11,49,29,48,48,62,56,6,54,35,57,42,68,47,68,39,33,66,53,72,38,68,46,70,53,26,9,46,70,33,31,22,27,52,47,29,30,60,11,68,53,26,14,39,74,29,71,58,37,43
idle: min(1.0) max(74.0) average(41.59)
io: 12,0,10,0,13,0,0,16,0,0,0,0,10,0,18,8,17,0,0,16,1,2,0,15,15,7,5,5,0,16,14,0,0,0,0,0,0,0,0,0,0,0,0,0,0,0,0,0,16,0,0,0,0,0,0,0,0,0,0,0,0,0,0,0,16,17,3,0,0,15,1,0,0,0,0,0,0,0
io: min(0.0) max(18.0) average(3.44)
irq: 0,0,0,0,0,0,0,0,0,0,0,0,0,0,0,0,0,0,0,0,0,0,0,0,0,0,0,0,0,0,0,0,0,0,0,0,0,0,0,0,0,0,0,0,0,0,0,0,0,0,0,0,0,0,0,0,0,0,0,0,0,0,0,0,0,0,0,0,0,0,0,0,0,0,0,0,0,0
irq: min(0.0) max(0.0) average(0.0)
sirq: 0,0,0,1,2,4,12,1,4,0,1,2,6,12,0,5,1,1,1,1,1,2,2,1,0,0,3,1,5,0,1,1,2,1,5,6,4,1,1,1,2,1,0,7,0,0,2,2,4,2,2,0,2,5,6,0,2,3,0,4,2,3,2,10,0,2,3,1,0,0,3,1,0,0,0,2,3,1
sirq: min(0.0) max(12.0) average(2.17)
{'1347'} system_server: 24,2,23,0,24,9,20,0,26,0,2,22,0,20,0,22,0,2,19,0,19,8,24,0,21,2,20,0,27,0,22,0,22,0,20,18,8,20,0,21,0,23,0,2,22,0,24,0,24,0,22,0,17,30,0,24,0,23,6,32,5,0,22,0,24,0,33,0,11,23,0,21,0,29,0,17,20,0
{'1347'} system_server: min(0.0) max(33.0) average(11.81)
{'746'} /system/bin/mediaserver: 6,4,6,8,8,34,5,7,5,6,7,9,30,10,8,7,6,8,5,7,28,8,4,8,9,6,7,9,8,5,7,11,8,9,6,27,8,7,11,6,8,6,6,12,6,4,6,6,6,7,7,4,8,9,25,6,10,9,15,14,11,8,8,29,9,6,10,8,6,8,24,8,4,8,11,5,5,10
{'746'} /system/bin/mediaserver: min(4.0) max(34.0) average(9.36)
{'2896'} com.tianci.movieplatform: 4,4,4,2,8,22,10,5,2,2,5,4,17,18,2,7,4,4,14,2,30,17,10,2,4,2,7,2,8,4,2,19,2,7,2,23,4,6,4,2,2,0,4,16,9,9,2,4,4,7,9,0,4,2,19,2,2,5,30,14,25,6,2,12,7,2,13,2,2,12,24,5,0,17,2,2,9,8
{'2896'} com.tianci.movieplatform: min(0.0) max(30.0) average(7.58)
{'742'} /system/bin/surfaceflinger: 4,7,4,6,4,5,7,4,2,4,4,9,7,8,4,5,0,6,3,4,6,6,6,2,5,6,4,5,8,4,4,2,6,7,6,6,6,7,7,4,8,8,8,4,4,4,6,6,4,4,4,6,4,5,5,6,5,5,6,6,7,6,6,5,6,6,8,4,4,4,6,7,4,4,4,3,4,6
{'742'} /system/bin/surfaceflinger: min(0.0) max(9.0) average(5.21)
{'2849'} com.tianci.de: 2,7,4,4,2,2,7,2,7,2,5,7,4,0,4,3,4,4,0,2,2,6,4,4,2,4,4,4,6,2,0,6,2,5,6,3,6,6,4,2,4,2,4,8,4,4,2,2,2,4,4,2,8,5,5,4,5,7,4,4,5,4,4,6,2,2,7,4,2,4,10,3,2,4,2,3,4,4
{'2849'} com.tianci.de: min(0.0) max(10.0) average(3.92)
{'1584'} com.skyworth.android.skyRMService: 2,0,0,0,0,0,0,0,0,0,0,0,0,0,0,0,0,0,0,0,0,0,0,0,0,0,0,0,0,0,0,0,0,0,0,0,0,0,0,0,0,0,0,0,0,0,0,0,0,0,0,0,0
{'1584'} com.skyworth.android.skyRMService: min(0.0) max(2.0) average(0.04)
{'1439'} /sbin/adbd: 2,2,2,2,2,2,2,6,4,5,2,2,2,2,2,4,2,2,2,2,2,2
{'1439'} /sbin/adbd: min(2.0) max(6.0) average(2.5)
{'739'} /system/bin/keypad: 2,2,2,2,2,2
{'739'} /system/bin/keypad: min(2.0) max(2.0) average(2.0)
{'2014'} long-vlogcat: 2,2,2,2,4,2,2,2,2
{'2014'} long-vlogcat: min(2.0) max(4.0) average(2.22)
{'7294', '7834', '8743', '8492', '7172', '8409', '8979', '8707', '7388', '7717', '9198', '8284', '6816', '8320', '8558', '8442', '8671', '8382', '8344', '7933', '6789', '8525', '8849', '7883', '9032', '7147', '8875', '8101', '8065', '8182', '9142', '7459', '7638', '7990', '7024', '8463', '9089', '7493', '8596', '7090', '6728', '8938', '6996', '8124', '7117', '7266', '7747', '7583', '6960', '8912', '9001', '6694', '7695', '8781', '9116', '7319', '7773', '7422', '8625', '6887', '8815', '7059', '7211', '8259', '7236', '7531', '6924', '6854', '9250', '9177', '6759', '7358', '9062', '8222', '9229', '8035', '7801'} 1-ntopbusybox: 2,2,4,2,2,4,3,4,2,2,2,2,4,4,2,3,2,4,5,4,2,2,2,4,5,2,4,4,2,4,4,4,2,3,2,3,2,2,4,2,4,4,4,3,2,2,2,2,4,4,4,2,5,8,2,2,5,2,2,4,6,4,6,2,4,5,2,4,2,6,3,2,2,2,2,4,4
{'7294', '7834', '8743', '8492', '7172', '8409', '8979', '8707', '7388', '7717', '9198', '8284', '6816', '8320', '8558', '8442', '8671', '8382', '8344', '7933', '6789', '8525', '8849', '7883', '9032', '7147', '8875', '8101', '8065', '8182', '9142', '7459', '7638', '7990', '7024', '8463', '9089', '7493', '8596', '7090', '6728', '8938', '6996', '8124', '7117', '7266', '7747', '7583', '6960', '8912', '9001', '6694', '7695', '8781', '9116', '7319', '7773', '7422', '8625', '6887', '8815', '7059', '7211', '8259', '7236', '7531', '6924', '6854', '9250', '9177', '6759', '7358', '9062', '8222', '9229', '8035', '7801'} 1-ntopbusybox: min(2.0) max(8.0) average(3.18)
{'457'} [mmcqd/0]: 2,6,4,9,9,7,2,4,2
{'457'} [mmcqd/0]: min(2.0) max(9.0) average(5.0)
{'1595'} com.tianci.system: 0,0,0,0,2,0,2,0,0,0,0,0,0,0,0,0,0,0,0,0,0,0,0,0,0,0,0,2,0,0,0,0,0,0,0,2,0,0,0,2,0,0,0,0,0,0,0,0,0,0,2,0,0,0,2,0,0,0,0,0,0,0,0,2,0,0,0,0,0,0,0,2,0,0,0,0,0,0
{'1595'} com.tianci.system: min(0.0) max(2.0) average(0.23)
{'4955'} com.tianci.movieplatform:daemon: 0,0,0,0,0,0,2,0,0,0,0,0,0,0,0,0,0,0,0,0,0,0,0,0,0,0,0,0,0,0,0,0,0,0,0,0,0,0,0,0,0,0,0,0,0,0,0,0,0,0,0,0,0,0,0,0,0,0,0,0,0,0,0,0,0,0,0,0,0,0,0,0,0,0,0,0,0,0
{'4955'} com.tianci.movieplatform:daemon: min(0.0) max(2.0) average(0.03)
{'3901'} com.tianci.user: 0,0,0,0,0,0,0,0,0,0,0,0,0,0,0,0,0,0,0,0,0,0,0,0,0,0,0,0,0,0,0,0,0,0,0,0,0,0,0,0,0,0,0,0,0,0,0,0,0,0,0,0,0,0,0,0,0,0,0,0,11,0,0,0,0,0,0,0,0,0,0,0,0,0,0,0,0,0
{'3901'} com.tianci.user: min(0.0) max(11.0) average(0.14)
{'2474'} com.coocaa.os.ccosservice: 0,0,0,0,0,0,7,0,0,0,0,0,0,0,0,0,0,0,0,0,0,0,0,0,0,0,0,0,0,0,0,0,0,0,0,0,0,0,0,0,0,0,0,0,0,0,0,0,0,0,0,0,0,0,0,0,0,0,0,0,0,0,0,2,0,0,0,0,0,0,0,0,0,0,0,0,0,0
{'2474'} com.coocaa.os.ccosservice: min(0.0) max(7.0) average(0.12)
{'1876'} com.coocaa.os.softsettings.provide: 0,0,0,0,0,0,0,0,0,0,0,0,0,0,0,0,0,0,0,0,0,0,0,0,0,0,0,0,0,0,0,0,0,0,0,0,0,0,0,0,0,0,0,0,0,0,0,0,0,0,0,0,0,0,0,0,0,0,0,0,0,0,0,0,0,0,0,0,0,0,0,0,0,0,0,0,0
{'1876'} com.coocaa.os.softsettings.provide: min(0.0) max(0.0) average(0.0)
{'1736'} com.tianci.push: 0,0,0,0,0,0,0,0,0,0,0,0,0,0,0,0,0,0,0,0,0,0,0,0,0,0,0,0,0,0,0,0,0,0,0,0,0,0,0,0,0,0,0,0,0,0,0,0,0,0,0,0,0,0,0,0,0,0,0,0,0,0,0,0,0,0,0,0,0,0,0,0,0,0,0,0
{'1736'} com.tianci.push: min(0.0) max(0.0) average(0.0)
{'3951'} com.coocaa.sysreport: 0,0,0,0,0,0,0,0,0,0,0,0,0,0,0,0,0,0,0,0,0,0,0,0,0,0,0,0,0,0,0,0,0,0,0,0,0,0,0,0,0,0,0,0,0,0,0,0,0,0,0,0,0,0,0,0,0,0,0,0,0,0,0,0,0,0,0,0,0,0,0,0,0,0,0
{'3951'} com.coocaa.sysreport: min(0.0) max(0.0) average(0.0)
{'3037'} android.process.media: 0,0,0,0,0,0,0,0,0,0,0,0,0,0,0,0,0,0,0,0,0,0,0,0,0,0,0,0,0,0,0,0,0,0,0,0,0,0,0,0,0,0,0,0,0,0,0,0,0,0,0,0,0,0,0,0,0,0,0,0,0,0,0,0,0,0,0,0,0,0,0,0,0,0
{'3037'} android.process.media: min(0.0) max(0.0) average(0.0)
{'1575'} com.dunn.instrument: 0,0,0,0,0,0,0,0,0,0,0,0,0,0,0,0,0,0,0,0,0,0,0,0,0,0,0,0,0,0,0,0,0,0,0,0,0,0,0,0,0,0,0,0,0,0,0,0,0,0,0,0,0,0,0,0,2,0,0,0,0,0,0,0,0,0,0,0,0,0,0
{'1575'} com.dunn.instrument: min(0.0) max(2.0) average(0.03)
{'1149'} 2706104320TvServer: 4,0,0,2,5,3,2,0,0,4,4,6,4,2,2,2,2,3,2,2,2,2,0,2,2,2,2,4,2,4,2,2,3,2,2,4,2,2,2,4,2,3,4,2,0,2,2,2,2,5,0,3,2,2,4,2,4,4,3,0,4,2,2,4,2,5,2,4,4,4,3,2,2
{'1149'} 2706104320TvServer: min(0.0) max(6.0) average(2.52)
{'1775'} com.dunn.i/system/binapp_process: 0,0,0,0,0,0,0,0,0,0,0,0,0,0,0,0,0,0,0,0,0,0,0,0,0,0,0,0,0,0,0,0,0,0,0,0,0,0,0,0,0,0,0,0,0,0,0,0,0,0,0,0,0,0,0,0,0,0,0,0,0,0,0,0,0,0,0
{'1775'} com.dunn.i/system/binapp_process: min(0.0) max(0.0) average(0.0)
{'743'} /-Xzygote/bin/app_processzygote: 0,0,0,0,0,0,0,0,0,0,0,0,0,0,0,0,0,0,0,0,0,0,0,0,0,0,0,0,0,0,0,0,0,0,0,0
{'743'} /-Xzygote/bin/app_processzygote: min(0.0) max(0.0) average(0.0)
{'1246'} VirtualEvent: 0,0,0,0,0,0,0,0,0,0,0
{'1246'} VirtualEvent: min(0.0) max(0.0) average(0.0)
{'349'} [kswapd0]: 2,2,2,2,2,2
{'349'} [kswapd0]: min(2.0) max(2.0) average(2.0)
{'749'} /system/bin/FileDesc_server: 2,2,2,2,2,2,2,2,2,1,2,2,2,2,2,2,2,2
{'749'} /system/bin/FileDesc_server: min(1.0) max(2.0) average(1.94)
{'1612'} [RTW_CMD_THREAD]: 2,2,2,3,2,2,2
{'1612'} [RTW_CMD_THREAD]: min(2.0) max(3.0) average(2.14)
{'5672'} [kworker/u:0H]: 2,2,2,2,2
{'5672'} [kworker/u:0H]: min(2.0) max(2.0) average(2.0)
{'7'} [kworker/u:0]: 2,2,2,2,2,2,2,2,2,2,2,2
{'7'} [kworker/u:0]: min(2.0) max(2.0) average(2.0)
{'286'} [kworker/u:2]: 2,2,2,2,2,2,2,2
{'286'} [kworker/u:2]: min(2.0) max(2.0) average(2.0)
{'10'} [rcu_preempt]: 2,2,2,2,2,2,2,2,2,2,2,2,2,2,2,2
{'10'} [rcu_preempt]: min(2.0) max(2.0) average(2.0)
{'735'} /system/bin/servicemanager: 2,2,2,2,2,2,2,2,2
{'735'} /system/bin/servicemanager: min(2.0) max(2.0) average(2.0)
{'1377'} [kworker/u:3]: 2,2,2,2,2,2,2,2,2,2,2,2,2,2,2
{'1377'} [kworker/u:3]: min(2.0) max(2.0) average(2.0)
{'319'} [kworker/u:1H]: 2,2
{'319'} [kworker/u:1H]: min(2.0) max(2.0) average(2.0)
{'1025'} [kworker/0:2]: 2,2
{'1025'} [kworker/0:2]: min(2.0) max(2.0) average(2.0)
{'7448'} com.coocaa.screensaver: 11,21,22,21
{'7448'} com.coocaa.screensaver: min(11.0) max(22.0) average(18.75)
{'32'} [kworker/3:1]: 2
{'32'} [kworker/3:1]: min(2.0) max(2.0) average(2.0)
{'7580'} com.tianci.ad: 18,15,0,0,0,0,0,0,0
{'7580'} com.tianci.ad: min(0.0) max(18.0) average(3.67)
{'740'} /system/bin/netd: 2
{'740'} /system/bin/netd: min(2.0) max(2.0) average(2.0)
{'31'} [kworker/2:1]: 2,2,2,2
{'31'} [kworker/2:1]: min(2.0) max(2.0) average(2.0)
{'752'} /system/vendor/bin/coocaa_guard: 2
{'752'} /system/vendor/bin/coocaa_guard: min(2.0) max(2.0) average(2.0)
{'756'} 1023-g1023-u/system/bin/sdcard: 1
{'756'} 1023-g1023-u/system/bin/sdcard: min(1.0) max(1.0) average(1.0)
{'699'} [jbd2/mmcblk0p2-]: 2
{'699'} [jbd2/mmcblk0p2-]: min(2.0) max(2.0) average(2.0)
