total_ram(MB): 452.27,452.27,452.27,452.27,452.27,452.27,452.27,452.27,452.27,452.27,452.27,452.27,452.27,452.27,452.27,452.27,452.27,452.27,452.27,452.27,452.27,452.27,452.27,452.27,452.27,452.27,452.27,452.27,452.27,452.27,452.27,452.27,452.27,452.27,452.27,452.27,452.27,452.27,452.27,452.27,452.27,452.27,452.27
total_ram(MB): min(452.27) max(452.27) average(452.27)
free_ram(MB): 119.13,118.87,118.93,117.46,116.85,117.16,117.38,115.76,115.12,116.85,117.68,117.00,116.94,115.23,100.14,119.68,112.33,112.56,112.09,119.14,118.80,118.64,119.44,119.24,117.43,117.09,118.70,116.84,116.83,116.78,117.15,117.75,116.89,117.63,117.62,118.09,118.35,118.67,119.00,120.81,120.02,120.00,120.49
free_ram(MB): min(100.14) max(120.81) average(117.18)
used_ram(MB): 246.98,246.60,246.48,246.54,248.44,248.06,248.09,248.59,250.18,248.06,248.75,247.44,249.71,249.75,271.21,243.62,252.42,252.42,252.57,240.49,241.37,241.17,240.50,240.04,242.50,242.39,240.91,242.57,243.05,242.89,242.48,242.16,242.82,242.70,242.70,240.35,239.68,239.25,238.88,236.78,238.25,238.14,238.17
used_ram(MB): min(236.78) max(271.21) average(244.79)
lost_ram(MB): 86.16,86.81,86.86,88.26,86.98,87.05,86.80,87.92,86.98,87.36,85.84,87.84,85.63,87.30,80.92,88.98,87.53,87.29,87.61,92.64,92.10,92.46,92.32,93.00,92.35,92.79,92.67,92.87,92.40,92.60,92.64,92.37,92.56,91.94,91.96,93.84,94.25,94.36,94.40,94.68,94.00,94.13,93.61
lost_ram(MB): min(80.92) max(94.68) average(90.3)
free(MB): 3.78,4.98,6.20,5.44,7.25,7.63,7.84,7.37,10.61,13.70,11.96,12.20,12.55,4.64,5.00,6.07,9.04,9.27,8.79,14.72,13.86,13.70,14.50,14.30,12.48,11.93,16.35,14.62,14.61,14.55,14.92,15.52,14.55,12.11,11.35,19.48,23.04,24.18,27.62,30.98,28.56,28.54,29.03
free(MB): min(3.78) max(30.98) average(13.72)
used_pss(MB): 219.31,219.05,219.08,219.15,221.13,220.75,220.75,221.20,222.83,220.75,222.09,223.30,225.55,225.55,247.23,220.06,228.91,228.91,229.07,216.86,217.69,217.50,216.81,216.38,218.84,218.73,217.25,218.92,219.42,219.26,218.82,218.47,219.11,218.92,218.90,216.68,216.04,215.63,215.31,213.29,214.73,214.61,214.59
used_pss(MB): min(213.29) max(247.23) average(220.17)
kernel(MB): 0.00,0.00,0.00,0.00,0.00,0.00,0.00,0.00,0.00,0.00,0.00,0.00,0.00,0.00,0.00,0.00,0.00,0.00,0.00,0.00,0.00,0.00,0.00,0.00,0.00,0.00,0.00,0.00,0.00,0.00,0.00,0.00,0.00,0.00,0.00,0.00,0.00,0.00,0.00,0.00,0.00,0.00,0.00
kernel(MB): min(0.0) max(0.0) average(0.0)
buffers(MB): 5.84,5.66,5.46,5.43,5.34,5.34,5.36,5.33,5.29,5.28,4.59,2.04,2.05,2.05,1.77,1.32,1.25,1.27,1.29,1.41,1.45,1.45,1.48,1.48,1.51,1.51,1.52,1.52,1.55,1.55,1.56,1.59,1.59,1.63,1.63,1.49,1.47,1.49,1.45,1.37,1.37,1.39,1.42
buffers(MB): min(1.25) max(5.84) average(2.51)
shmem(MB): 0.31,0.31,0.32,0.32,0.32,0.32,0.32,0.39,0.39,0.39,0.39,0.43,0.43,0.43,0.43,0.44,0.44,0.44,0.44,0.44,0.44,0.44,0.44,0.44,0.44,0.44,0.44,0.44,0.44,0.44,0.44,0.44,0.44,0.44,0.44,0.44,0.44,0.44,0.44,0.44,0.44,0.44,0.44
shmem(MB): min(0.31) max(0.44) average(0.41)
slab(MB): 21.52,21.57,21.62,21.65,21.65,21.66,21.66,21.68,21.68,21.64,21.68,21.67,21.67,21.72,21.77,21.80,21.81,21.80,21.77,21.79,21.79,21.79,21.78,21.75,21.71,21.71,21.70,21.68,21.64,21.64,21.65,21.65,21.68,21.71,21.72,21.73,21.73,21.69,21.68,21.68,21.70,21.71,21.73
slab(MB): min(21.52) max(21.81) average(21.7)
total_swap(MB): 96.00,96.00,96.00,96.00,96.00,96.00,96.00,96.00,96.00,96.00,96.00,96.00,96.00,96.00,96.00,96.00,96.00,96.00,96.00,96.00,96.00,96.00,96.00,96.00,96.00,96.00,96.00,96.00,96.00,96.00,96.00,96.00,96.00,96.00,96.00,96.00,96.00,96.00,96.00,96.00,96.00,96.00,96.00
total_swap(MB): min(96.0) max(96.0) average(96.0)
used_swap(MB): 28.18,28.23,28.32,28.34,28.38,28.39,28.39,28.41,28.48,28.52,28.42,28.43,28.43,28.48,28.68,28.72,28.75,28.75,28.75,28.75,28.75,28.75,28.75,28.75,28.75,28.75,28.78,28.78,28.78,28.78,28.78,28.78,28.78,28.78,28.78,29.23,29.77,29.89,30.41,30.52,30.52,30.52,30.51
used_swap(MB): min(28.18) max(30.52) average(28.9)
{'2896'} com.tianci.movieplatform(MB): 87.96,87.80,87.80,88.09,89.79,89.65,89.69,90.10,91.50,89.77,89.88,90.15,92.19,92.53,90.98,88.63,86.96,86.96,86.96,85.81,85.92,85.92,85.31,85.34,87.40,87.42,85.64,87.86,87.91,87.91,87.27,87.37,87.57,87.65,87.63,86.60,86.62,86.69,86.68,85.50,86.25,86.33,86.33
{'2896'} com.tianci.movieplatform(MB): min(85.31) max(92.53) average(87.87)
{'2474'} com.coocaa.os.ccosservice(MB): 16.83,16.81,16.77,16.69,16.68,16.68,16.68,16.68,16.67,16.56,16.56,16.51,16.51,16.42,16.13,16.16,15.81,15.81,15.81,15.80,16.03,16.03,16.03,16.03,16.02,16.03,16.03,16.03,16.03,16.03,16.02,16.03,16.02,16.01,16.01,15.36,15.36,15.37,15.37,15.37,15.37,15.36,15.37
{'2474'} com.coocaa.os.ccosservice(MB): min(15.36) max(16.83) average(16.09)
{'1347'} system(MB): 16.74,16.91,16.83,16.95,17.04,17.04,16.77,16.97,17.04,17.06,16.79,17.00,16.99,17.47,17.54,17.00,16.71,16.76,16.78,16.88,17.00,17.04,17.06,16.78,16.99,17.08,17.10,16.79,17.00,17.07,17.05,16.81,17.02,17.03,16.76,16.68,16.87,16.91,16.63,16.69,16.88,16.88,16.62
{'1347'} system(MB): min(16.62) max(17.54) average(16.93)
{'4955'} com.tianci.movieplatform:daemon(MB): 16.09,16.09,16.09,16.09,16.09,16.09,16.09,16.09,16.09,16.06,16.06,16.04,16.04,15.96,15.38,15.39,14.45,14.45,14.45,14.61,14.61,14.61,14.61,14.61,14.61,14.61,14.61,14.61,14.61,14.61,14.61,14.61,14.61,14.60,14.60,14.39,14.39,14.39,14.38,14.38,14.38,14.38,14.38
{'4955'} com.tianci.movieplatform:daemon(MB): min(14.38) max(16.09) average(15.07)
{'746'} mediaserver(MB): 14.39,14.39,14.40,14.40,14.40,14.40,14.40,14.47,14.47,14.47,14.47,14.51,14.51,14.51,14.51,14.51,14.51,14.51,14.51,14.51,14.51,14.51,14.51,14.51,14.51,14.51,14.51,14.51,14.51,14.51,14.51,14.51,14.51,14.51,14.51,14.51,14.51,14.51,14.51,14.51,14.51,14.51,14.51
{'746'} mediaserver(MB): min(14.39) max(14.51) average(14.49)
{'1595'} com.tianci.system(MB): 12.13,12.13,12.13,12.13,12.14,12.14,12.14,12.14,12.13,12.13,12.13,12.12,12.12,12.09,12.00,12.07,12.06,12.06,12.06,12.13,12.32,12.32,12.01,12.01,12.01,12.01,12.04,12.04,12.04,12.04,12.04,12.04,12.04,12.04,12.04,11.98,11.98,11.98,11.98,11.98,11.98,11.98,12.08
{'1595'} com.tianci.system(MB): min(11.98) max(12.32) average(12.07)
{'2849'} com.tianci.de(MB): 11.39,11.36,11.32,11.29,11.24,11.22,11.23,11.21,11.16,11.15,12.44,13.46,13.43,13.38,13.22,13.23,13.20,13.20,13.20,13.27,13.27,13.27,13.27,13.28,13.27,13.27,13.28,13.27,13.28,13.28,13.28,13.27,13.26,13.24,13.24,13.25,13.24,13.25,13.07,12.90,13.18,13.19,13.09
{'2849'} com.tianci.de(MB): min(11.15) max(13.46) average(12.76)
{'1736'} com.tianci.push(MB): 9.87,9.87,9.84,9.84,9.84,9.84,9.84,9.84,9.84,9.84,9.83,9.80,9.80,9.75,9.71,9.73,9.93,10.09,10.09,10.16,10.16,10.16,10.16,10.16,10.16,10.15,10.15,10.15,10.15,10.15,10.15,10.15,10.15,10.14,10.13,10.13,10.13,10.13,10.13,10.13,10.13,10.13,10.13
{'1736'} com.tianci.push(MB): min(9.71) max(10.16) average(10.02)
{'3901'} com.tianci.user(MB): 9.75,9.75,9.75,9.75,9.75,9.75,9.75,9.75,9.75,9.75,9.74,9.74,9.74,9.70,9.09,9.11,8.70,8.70,8.70,8.80,8.80,8.80,8.80,8.80,8.79,8.80,8.80,8.80,8.80,8.80,8.80,8.80,8.79,9.44,9.44,9.44,9.44,9.44,9.44,9.44,9.44,9.44,9.44
{'3901'} com.tianci.user(MB): min(8.7) max(9.75) average(9.26)
{'3951'} com.coocaa.sysreport(MB): 8.89,8.89,8.89,8.89,8.89,8.89,8.89,8.89,8.89,8.89,8.89,8.88,8.88,8.85,8.69,8.72,8.70,8.70,8.70,8.77,8.77,8.77,8.77,8.77,8.77,8.77,8.77,8.77,8.77,8.77,8.77,8.77,8.77,8.77,8.90,8.90,8.59,8.58,8.58,8.58,8.58,8.58,8.57
{'3951'} com.coocaa.sysreport(MB): min(8.57) max(8.9) average(8.77)
{'3037'} android.process.media(MB): 4.60,4.60,4.60,4.60,4.60,4.60,4.60,4.60,4.60,4.60,4.60,4.60,4.60,4.57,4.55,4.56,4.56,4.56,4.56,4.60,4.60,4.60,4.60,4.60,4.60,4.60,4.60,4.60,4.60,4.60,4.60,4.60,4.60,4.60,4.60,4.37,3.85,3.54,3.24,2.96,2.96,2.96,2.96
{'3037'} android.process.media(MB): min(2.96) max(4.6) average(4.36)
{'1876'} com.coocaa.os.softsettings.provider(MB): 3.55,3.55,3.55,3.55,3.55,3.55,3.55,3.55,3.55,3.55,3.55,3.55,3.55,3.53,3.53,3.54,3.54,3.54,3.54,3.59,3.59,3.59,3.59,3.59,3.59,3.59,3.59,3.58,3.58,3.58,3.58,3.58,3.58,3.58,3.58,3.58,3.58,3.58,3.58,3.58,3.58,3.58,3.58
{'1876'} com.coocaa.os.softsettings.provider(MB): min(3.53) max(3.59) average(3.57)
{'1584'} com.skyworth.android.skyRMService(MB): 3.46,3.46,3.46,3.47,3.47,3.47,3.48,3.48,3.48,3.49,3.49,3.49,3.51,3.47,3.46,3.50,3.40,3.41,3.41,3.45,3.48,3.48,3.48,3.49,3.49,3.49,3.50,3.50,3.50,3.51,3.51,3.51,3.53,3.53,3.45,3.46,3.46,3.46,3.48,3.48,3.48,3.49,3.49
{'1584'} com.skyworth.android.skyRMService(MB): min(3.4) max(3.53) average(3.48)
{'1575'} com.dunn.instrument(MB): 3.22,3.22,3.22,3.22,3.22,3.22,3.22,3.22,3.22,3.22,3.22,3.22,3.22,3.17,3.18,3.17,3.17,3.17,3.17,3.22,3.22,3.22,3.22,3.22,3.22,3.22,3.22,3.22,3.22,3.22,3.22,3.24,3.24,3.23,3.23,3.24,3.24,3.24,3.24,3.25,3.25,3.25,3.25
{'1575'} com.dunn.instrument(MB): min(3.17) max(3.25) average(3.22)
{'1149'} TvServer(MB): 1.77,1.77,1.77,1.77,1.77,1.77,1.77,1.77,1.77,1.77,1.77,1.77,1.77,1.77,1.77,1.77,1.76,1.76,1.76,1.77,1.77,1.77,1.77,1.77,1.77,1.77,1.77,1.77,1.77,1.77,1.77,1.77,1.77,1.77,1.77,1.77,1.77,1.77,1.77,1.77,1.77,1.77,1.77
{'1149'} TvServer(MB): min(1.76) max(1.77) average(1.77)
{'743'} zygote(MB): 1.72,1.72,1.72,1.72,1.72,1.72,1.72,1.72,1.72,1.72,1.72,1.72,1.72,1.64,1.67,1.66,1.66,1.66,1.66,1.77,1.77,1.77,1.77,1.77,1.77,1.77,1.77,1.77,1.77,1.77,1.77,1.77,1.77,1.77,1.77,1.77,1.77,1.77,1.77,1.77,1.77,1.77,1.77
{'743'} zygote(MB): min(1.64) max(1.77) average(1.74)
{'742'} surfaceflinger(MB): 1.26,1.27,1.26,1.26,1.26,1.26,1.26,1.26,1.26,1.26,1.27,1.26,1.26,1.27,1.25,1.25,1.25,1.25,1.25,1.26,1.25,1.25,1.25,1.25,1.25,1.25,1.25,1.25,1.25,1.25,1.25,1.25,1.25,1.25,1.25,1.49,1.25,1.25,1.49,1.25,1.25,1.25,1.25
{'742'} surfaceflinger(MB): min(1.25) max(1.49) average(1.27)
{'2014'} logcat(MB): 1.25,1.25,1.25,1.25,1.25,1.25,1.25,1.25,1.25,1.25,1.25,1.25,1.25,1.25,1.25,1.25,1.25,1.25,1.25,1.25,1.25,1.25,1.25,1.25,1.25,1.25,1.25,1.25,1.25,1.25,1.25,1.25,1.25,1.25,1.25,1.25,1.25,1.25,1.25,1.25,1.25,1.25,1.25
{'2014'} logcat(MB): min(1.25) max(1.25) average(1.25)
{'1775'} app_process(MB): 1.23,1.23,1.23,1.23,1.23,1.23,1.23,1.23,1.23,1.23,1.23,1.23,1.23,1.21,1.21,1.21,1.21,1.21,1.21,1.23,1.23,1.23,1.23,1.23,1.23,1.23,1.23,1.23,1.23,1.23,1.23,1.23,1.23,1.23,1.23,1.23,1.23,1.23,1.23,1.23,1.23,1.23,1.23
{'1775'} app_process(MB): min(1.21) max(1.23) average(1.23)
{'1503'} wpa_supplicant(MB): 0.44,0.44,0.44,0.44,0.44,0.44,0.44,0.44,0.44,0.44,0.44,0.44,0.44,0.44,0.44,0.44,0.44,0.44,0.44,0.44,0.44,0.44,0.44,0.44,0.44,0.44,0.44,0.44,0.44,0.44,0.44,0.44,0.44,0.44,0.44,0.44,0.44,0.44,0.44,0.44,0.44,0.44,0.44
{'1503'} wpa_supplicant(MB): min(0.44) max(0.44) average(0.44)
{'756'} sdcard(MB): 0.37,0.37,0.37,0.37,0.37,0.37,0.37,0.37,0.36,0.37,0.37,0.37,0.37,0.36,0.36,0.36,0.36,0.36,0.36,0.37,0.37,0.37,0.36,0.37,0.37,0.37,0.36,0.37,0.37,0.37,0.37,0.37,0.37,0.37,0.37,0.37,0.37,0.37,0.37,0.37,0.36,0.37,0.37
{'756'} sdcard(MB): min(0.36) max(0.37) average(0.37)
{'740'} netd(MB): 0.26,0.26,0.26,0.26,0.26,0.26,0.26,0.26,0.26,0.26,0.26,0.26,0.26,0.26,0.26,0.26,0.26,0.26,0.26,0.26,0.26,0.26,0.26,0.26,0.26,0.26,0.26,0.26,0.26,0.26,0.26,0.26,0.26,0.26,0.26,0.26,0.26,0.26,0.26,0.26,0.26,0.26,0.26
{'740'} netd(MB): min(0.26) max(0.26) average(0.26)
{'748'} keystore(MB): 0.24,0.24,0.24,0.24,0.24,0.24,0.24,0.24,0.24,0.24,0.24,0.24,0.24,0.24,0.24,0.24,0.24,0.24,0.24,0.24,0.24,0.24,0.24,0.24,0.24,0.24,0.24,0.24,0.24,0.24,0.24,0.24,0.24,0.24,0.24,0.24,0.24,0.24,0.24,0.24,0.24,0.24,0.24
{'748'} keystore(MB): min(0.24) max(0.24) average(0.24)
{'1'} /init(MB): 0.23,0.23,0.23,0.23,0.23,0.23,0.23,0.23,0.23,0.23,0.23,0.23,0.23,0.23,0.23,0.23,0.23,0.23,0.23,0.23,0.23,0.23,0.23,0.23,0.23,0.23,0.23,0.23,0.23,0.23,0.23,0.23,0.23,0.23,0.23,0.23,0.23,0.23,0.23,0.23,0.23,0.23,0.23
{'1'} /init(MB): min(0.23) max(0.23) average(0.23)
{'7809', '9029', '8926', '8549', '8811', '8115', '8220', '6696', '7263', '7055', '6941', '9131', '8448', '7163', '8688', '7522', '7985', '9227', '7381', '8334', '6808', '7712'} dumpsys(MB): 0.22,0.00,0.22,0.00,0.22,0.00,0.22,0.00,0.22,0.00,0.22,0.00,0.22,0.00,0.22,0.00,0.22,0.00,0.22,0.00,0.22,0.00,0.22,0.00,0.22,0.00,0.22,0.00,0.22,0.00,0.22,0.00,0.22,0.00,0.22,0.00,0.22,0.00,0.22,0.00,0.22,0.00,0.22
{'7809', '9029', '8926', '8549', '8811', '8115', '8220', '6696', '7263', '7055', '6941', '9131', '8448', '7163', '8688', '7522', '7985', '9227', '7381', '8334', '6808', '7712'} dumpsys(MB): min(0.0) max(0.22) average(0.11)
{'1439'} adbd(MB): 0.21,0.21,0.21,0.21,0.21,0.21,0.21,0.21,0.21,0.21,0.21,0.21,0.21,0.21,0.21,0.21,0.21,0.21,0.21,0.21,0.21,0.21,0.21,0.21,0.21,0.21,0.21,0.21,0.21,0.21,0.21,0.21,0.21,0.21,0.21,0.21,0.21,0.21,0.21,0.21,0.21,0.21,0.21
{'1439'} adbd(MB): min(0.21) max(0.21) average(0.21)
{'736'} vold(MB): 0.13,0.13,0.13,0.13,0.13,0.13,0.13,0.13,0.13,0.13,0.13,0.13,0.13,0.13,0.13,0.13,0.13,0.13,0.13,0.13,0.13,0.13,0.13,0.13,0.13,0.13,0.13,0.13,0.13,0.13,0.13,0.13,0.13,0.13,0.13,0.13,0.13,0.13,0.13,0.13,0.13,0.13,0.13
{'736'} vold(MB): min(0.13) max(0.13) average(0.13)
{'749'} FileDesc_server(MB): 0.12,0.12,0.12,0.12,0.12,0.12,0.12,0.12,0.12,0.12,0.12,0.12,0.12,0.12,0.12,0.12,0.12,0.12,0.12,0.12,0.12,0.12,0.12,0.12,0.12,0.12,0.12,0.12,0.12,0.12,0.12,0.12,0.12,0.12,0.12,0.12,0.12,0.12,0.12,0.12,0.12,0.12,0.12
{'749'} FileDesc_server(MB): min(0.12) max(0.12) average(0.12)
{'733'} healthd(MB): 0.11,0.11,0.11,0.11,0.11,0.11,0.11,0.11,0.11,0.11,0.11,0.11,0.11,0.11,0.11,0.11,0.11,0.11,0.11,0.11,0.11,0.11,0.11,0.11,0.11,0.11,0.11,0.11,0.11,0.11,0.11,0.11,0.11,0.11,0.11,0.11,0.11,0.11,0.11,0.11,0.11,0.11,0.11
{'733'} healthd(MB): min(0.11) max(0.11) average(0.11)
{'734', '1682'} sh(MB): 0.09,0.03,0.09,0.03,0.09,0.03,0.09,0.03,0.09,0.03,0.09,0.03,0.09,0.03,0.09,0.03,0.09,0.03,0.09,0.03,0.09,0.03,0.09,0.03,0.09,0.03,0.09,0.03,0.09,0.03,0.09,0.03,0.09,0.03,0.09,0.03,0.09,0.03,0.09,0.02,0.09,0.03,0.09,0.03,0.09,0.03,0.09,0.03,0.09,0.03,0.09,0.03,0.09,0.03,0.09,0.03,0.09,0.03,0.09,0.03,0.09,0.03,0.09,0.03,0.09,0.03,0.09,0.03,0.09,0.03,0.09,0.03,0.09,0.03,0.09,0.03,0.09,0.03,0.09,0.03,0.09,0.03,0.09,0.03,0.09,0.03
{'734', '1682'} sh(MB): min(0.02) max(0.09) average(0.06)
{'752'} coocaa_guard(MB): 0.08,0.08,0.08,0.08,0.08,0.08,0.08,0.08,0.08,0.08,0.08,0.08,0.08,0.08,0.08,0.08,0.08,0.08,0.08,0.08,0.08,0.08,0.08,0.08,0.08,0.08,0.08,0.08,0.08,0.08,0.08,0.08,0.08,0.08,0.08,0.08,0.08,0.08,0.08,0.08,0.08,0.08,0.08
{'752'} coocaa_guard(MB): min(0.08) max(0.08) average(0.08)
{'512'} ueventd(MB): 0.07,0.07,0.07,0.07,0.07,0.07,0.07,0.07,0.07,0.07,0.07,0.07,0.07,0.07,0.07,0.07,0.07,0.07,0.07,0.07,0.07,0.07,0.07,0.07,0.07,0.07,0.07,0.07,0.07,0.07,0.07,0.07,0.07,0.07,0.07,0.07,0.07,0.07,0.07,0.07,0.07,0.07,0.07
{'512'} ueventd(MB): min(0.07) max(0.07) average(0.07)
{'735'} servicemanager(MB): 0.05,0.05,0.05,0.05,0.05,0.05,0.05,0.05,0.05,0.05,0.05,0.05,0.05,0.05,0.05,0.05,0.05,0.05,0.05,0.05,0.05,0.05,0.05,0.05,0.05,0.05,0.05,0.05,0.05,0.05,0.05,0.05,0.05,0.05,0.05,0.05,0.05,0.05,0.05,0.05,0.05,0.05,0.05
{'735'} servicemanager(MB): min(0.05) max(0.05) average(0.05)
{'745'} drmserver(MB): 0.05,0.05,0.05,0.05,0.05,0.05,0.05,0.05,0.05,0.05,0.05,0.05,0.05,0.05,0.05,0.05,0.05,0.05,0.05,0.05,0.05,0.05,0.05,0.05,0.05,0.05,0.05,0.05,0.05,0.05,0.05,0.05,0.05,0.05,0.05,0.05,0.05,0.05,0.05,0.05,0.05,0.05,0.05
{'745'} drmserver(MB): min(0.05) max(0.05) average(0.05)
{'1130'} RootApp(MB): 0.05,0.05,0.05,0.05,0.05,0.05,0.05,0.05,0.05,0.05,0.05,0.05,0.05,0.05,0.05,0.05,0.05,0.05,0.05,0.05,0.05,0.05,0.05,0.05,0.05,0.05,0.05,0.05,0.05,0.05,0.05,0.05,0.05,0.05,0.05,0.05,0.05,0.05,0.05,0.05,0.05,0.05,0.05
{'1130'} RootApp(MB): min(0.05) max(0.05) average(0.05)
{'1126'} logwrapper(MB): 0.04,0.04,0.04,0.04,0.04,0.04,0.04,0.04,0.04,0.04,0.04,0.04,0.04,0.04,0.04,0.04,0.04,0.04,0.04,0.04,0.04,0.04,0.04,0.04,0.04,0.04,0.04,0.04,0.04,0.04,0.04,0.04,0.04,0.04,0.04,0.04,0.04,0.04,0.04,0.04,0.04,0.04,0.04
{'1126'} logwrapper(MB): min(0.04) max(0.04) average(0.04)
{'9142', '8124', '1636', '8938', '8344', '7172'} busybox(MB): 0.04,0.04,0.04,0.04,0.04,0.04,0.04,0.04,0.04,0.00,0.04,0.00,0.04,0.04,0.04,0.04,0.04,0.04,0.04,0.04,0.04,0.04,0.04,0.04,0.04,0.00,0.04,0.00,0.04,0.04,0.04,0.00,0.04,0.00,0.04,0.04,0.04,0.04,0.04,0.04,0.04,0.04,0.04,0.00,0.04,0.00,0.04,0.04,0.04,0.00,0.04,0.00,0.04
{'9142', '8124', '1636', '8938', '8344', '7172'} busybox(MB): min(0.0) max(0.04) average(0.03)
{'739'} keypad(MB): 0.04,0.04,0.04,0.04,0.04,0.04,0.04,0.04,0.04,0.04,0.04,0.04,0.04,0.04,0.04,0.04,0.04,0.04,0.04,0.04,0.04,0.04,0.04,0.04,0.04,0.04,0.04,0.04,0.04,0.04,0.04,0.04,0.04,0.04,0.04,0.04,0.04,0.04,0.04,0.04,0.04,0.04,0.04
{'739'} keypad(MB): min(0.04) max(0.04) average(0.04)
{'1246'} VirtualEvent(MB): 0.03,0.03,0.03,0.03,0.03,0.03,0.03,0.03,0.03,0.03,0.03,0.03,0.03,0.03,0.03,0.03,0.03,0.03,0.03,0.03,0.03,0.03,0.03,0.03,0.03,0.03,0.03,0.03,0.03,0.03,0.03,0.03,0.03,0.03,0.03,0.03,0.03,0.03,0.03,0.03,0.03,0.03,0.03
{'1246'} VirtualEvent(MB): min(0.03) max(0.03) average(0.03)
{'737'} hardwared(MB): 0.02,0.02,0.02,0.02,0.02,0.02,0.02,0.02,0.02,0.02,0.02,0.02,0.02,0.02,0.02,0.02,0.02,0.02,0.02,0.02,0.02,0.02,0.02,0.02,0.02,0.02,0.02,0.02,0.02,0.02,0.02,0.02,0.02,0.02,0.02,0.02,0.02,0.02,0.02,0.02,0.02,0.02,0.02
{'737'} hardwared(MB): min(0.02) max(0.02) average(0.02)
{'1846'} dhcpcd(MB): 0.01,0.01,0.01,0.01,0.01,0.01,0.01,0.01,0.01,0.01,0.01,0.01,0.01,0.01,0.01,0.01,0.01,0.01,0.01,0.01,0.01,0.01,0.01,0.01,0.01,0.01,0.01,0.01,0.01,0.01,0.01,0.01,0.01,0.01,0.01,0.01,0.01,0.01,0.01,0.01,0.01,0.01,0.01
{'1846'} dhcpcd(MB): min(0.01) max(0.01) average(0.01)
{'747'} installd(MB): 0.01,0.01,0.01,0.01,0.01,0.01,0.01,0.01,0.01,0.01,0.01,0.01,0.01,0.01,0.01,0.01,0.01,0.01,0.01,0.01,0.01,0.01,0.01,0.01,0.01,0.01,0.01,0.01,0.01,0.01,0.01,0.01,0.01,0.01,0.01,0.01,0.01,0.01,0.01,0.01,0.01,0.01,0.01
{'747'} installd(MB): min(0.01) max(0.01) average(0.01)
{'741'} debuggerd(MB): 0.01,0.01,0.01,0.01,0.01,0.01,0.01,0.01,0.01,0.01,0.01,0.01,0.01,0.01,0.01,0.01,0.01,0.01,0.01,0.01,0.01,0.01,0.01,0.01,0.01,0.01,0.01,0.01,0.01,0.01,0.01,0.01,0.01,0.01,0.01,0.01,0.01,0.01,0.01,0.01,0.01,0.01,0.01
{'741'} debuggerd(MB): min(0.01) max(0.01) average(0.01)
{'1249'} smobsd(MB): 0.01,0.01,0.01,0.01,0.01,0.01,0.01,0.01,0.01,0.01,0.01,0.01,0.01,0.01,0.01,0.01,0.01,0.01,0.01,0.01,0.01,0.01,0.01,0.01,0.01,0.01,0.01,0.01,0.01,0.01,0.01,0.01,0.01,0.01,0.01,0.01,0.01,0.01,0.01,0.01,0.01,0.01,0.01
{'1249'} smobsd(MB): min(0.01) max(0.01) average(0.01)
{'7448'} com.coocaa.screensaver(MB): 15.19,0.00
{'7448'} com.coocaa.screensaver(MB): min(0.0) max(15.19) average(7.59)
{'7580'} com.tianci.ad(MB): 7.01,11.85,11.85,11.77,0.06
{'7580'} com.tianci.ad(MB): min(0.06) max(11.85) average(8.51)
