usr: 58,40,58,69,65,40,44,25,37,24,17,53,7,25,18,3,18,1,5,15,3,16,16,0,31,3,22,37,40,40,11,24,10,1,11,13,3,29,5
usr: min(0.0) max(69.0) average(24.03)
sys: 38,45,40,25,26,41,24,16,24,14,33,32,16,21,22,13,22,18,14,11,13,33,24,15,17,13,26,13,32,45,25,22,19,15,13,21,12,27,14
sys: min(11.0) max(45.0) average(22.92)
nic: 0,0,0,1,6,0,0,0,1,0,0,0,0,0,0,0,0,0,0,0,0,0,0,0,0,0,0,0,0,1,0,9,0,0,0,0,0,0,1
nic: min(0.0) max(9.0) average(0.49)
idle: 0,3,2,0,0,8,16,57,37,62,38,6,69,51,59,83,58,79,80,71,83,50,58,84,51,83,49,22,16,10,62,42,70,82,75,60,81,38,78
idle: min(0.0) max(84.0) average(48.03)
io: 0,8,0,0,0,3,14,0,0,0,10,6,5,0,0,0,0,0,0,0,0,0,0,0,0,0,0,24,12,0,0,1,0,0,0,4,0,1,0
io: min(0.0) max(24.0) average(2.26)
irq: 0,0,0,0,0,0,0,0,0,0,0,0,0,0,0,0,0,0,0,0,0,0,0,0,0,0,0,0,0,0,0,0,0,0,0,0,0,0,0
irq: min(0.0) max(0.0) average(0.0)
sirq: 3,1,0,3,1,6,0,0,0,0,0,2,0,1,0,0,0,0,0,2,0,0,0,0,0,0,1,2,0,1,0,0,0,0,0,0,1,1,0
sirq: min(0.0) max(6.0) average(0.64)
{'1349'} system_server: 23,5,16,8,11,8,22,0,24,0,0,29,0,6,20,0,23,0,0,24,0,19,21,0,26,0,0,23,14,25,23,0,26,0,2,25,0,22,0
{'1349'} system_server: min(0.0) max(29.0) average(11.41)
{'2143'} com.ccos.tv.homepage: 18,25,16,17,15,22,0,0,0,0,0,0,0,0,0,0,0,0,0,0,0,0,0,0,0,0,0,0,0,0,0,0,0,0,0,0,0,0,0
{'2143'} com.ccos.tv.homepage: min(0.0) max(25.0) average(2.9)
{'2560'} com.tianci.movieplatform: 12,7,11,0,17,10,22,22,20,20,11,31,2,0,0,0,0,0,0,0,0,0,0,0,15,0,0,0,2,0,0,2,0,0,2,0,0,0,0
{'2560'} com.tianci.movieplatform: min(0.0) max(31.0) average(5.28)
{'457'} [mmcqd/0]: 12,9,9,10,2,13,2,6,16,12,6,2,11,14,3,2,4,4
{'457'} [mmcqd/0]: min(2.0) max(16.0) average(7.61)
{'1439'} /sbin/adbd: 11,2,5,3,5,7,2,2,2,2,2,2
{'1439'} /sbin/adbd: min(2.0) max(11.0) average(3.75)
{'2460'} com.tianci.de: 9,0,2,11,2,10,6,2,4,0,4,4,0,2,0,0,0,2,0,0,2,2,2,2,2,0,2,0,4,2,2,2,2,0,2,2,0,2,2
{'2460'} com.tianci.de: min(0.0) max(11.0) average(2.31)
{'2093'} long-vlogcat: 6,2,7,2,2,2
{'2093'} long-vlogcat: min(2.0) max(7.0) average(3.5)
{'33'} [kworker/0:1]: 4
{'33'} [kworker/0:1]: min(4.0) max(4.0) average(4.0)
{'3390', '3601', '4113', '3563', '3910', '3122', '3656', '3683', '3627', '3446', '2957', '4146', '3161', '3092', '3735', '2705', '3014', '3059', '4175', '3304', '3985', '2791', '4013', '4065', '3519', '4081', '3707', '3197', '3815', '3240', '2638', '3480', '3862', '4036', '4205', '2846', '3419', '3331', '3771'} 1-ntopbusybox: 2,4,2,3,3,5,4,2,2,2,2,4,4,4,2,2,2,2,2,2,2,2,2,2,2,2,2,2,2,2,2,4,2,2,2,2,2,2,2
{'3390', '3601', '4113', '3563', '3910', '3122', '3656', '3683', '3627', '3446', '2957', '4146', '3161', '3092', '3735', '2705', '3014', '3059', '4175', '3304', '3985', '2791', '4013', '4065', '3519', '4081', '3707', '3197', '3815', '3240', '2638', '3480', '3862', '4036', '4205', '2846', '3419', '3331', '3771'} 1-ntopbusybox: min(2.0) max(5.0) average(2.44)
{'1118'} 2706104320TvServer: 1,0,2,3,2,2,0,2,0,0,2,4,0,0,0,0,0,0,0,2,0,0,0,0,2,2,0,2,3,0,0,0,0,2,0,2
{'1118'} 2706104320TvServer: min(0.0) max(4.0) average(0.92)
{'696'} [kworker/2:1H]: 1
{'696'} [kworker/2:1H]: min(1.0) max(1.0) average(1.0)
{'1590'} com.tianci.system: 0,0,0,0,0,0,0,0,0,0,0,0,0,0,0,0,0,0,0,0,0,0,0,0,0,0,0,0,0,8,0,0,0,0,0,0,0,0,0
{'1590'} com.tianci.system: min(0.0) max(8.0) average(0.21)
{'2488', '2828'} com.tianci.user: 0,0,0,11,21,0,0,0,0,0,0,0,0,0,0,0,0,0,0,0,0,0,0,0,0,0,0,0,0,0,0,0,0,0,0,0,0,0,0
{'2488', '2828'} com.tianci.user: min(0.0) max(21.0) average(0.82)
{'2327'} com.coocaa.sysreport: 0,0,0,2,0,0,0,0,0,0,0,0,0,0,0,0,0,0,0,0,0,0,0,0,0,0,0,0,0,0,0,0,0,0,0,0,0,0,0
{'2327'} com.coocaa.sysreport: min(0.0) max(2.0) average(0.05)
{'2298'} com.coocaa.os.softsettings.provide: 0,0,0,0,0,0,0,0,0,0,0,0,0,0,0,0,0,0,0,0,0,0,0,0,0,0,0,0,0,0,0,0,0,0,0,0,0,0,0
{'2298'} com.coocaa.os.softsettings.provide: min(0.0) max(0.0) average(0.0)
{'1867'} com.coocaa.os.ccosservice: 0,0,0,0,0,0,0,0,0,0,0,0,0,0,0,0,0,0,0,0,0,0,0,0,0,0,0,0,0,0,0,0,0,0,0,0,0,0,0
{'1867'} com.coocaa.os.ccosservice: min(0.0) max(0.0) average(0.0)
{'1720'} com.tianci.push: 0,0,0,0,0,0,0,0,0,0,0,0,0,0,0,0,0,0,0,0,0,0,0,0,0,0,0,0,14,0,37,0,0,0,0,0,0,0
{'1720'} com.tianci.push: min(0.0) max(37.0) average(1.34)
{'1581'} com.dunn.instrument: 0,0,0,0,0,0,0,0,0,0,0,0,0,0,0,0,0,0,0,0,0,0,0,0,0,0,0,0,0,0,0,0,0,0,0,0,0
{'1581'} com.dunn.instrument: min(0.0) max(0.0) average(0.0)
{'1799'} com.dunn.i/system/binapp_process: 0,0,0,0,0,0,0,0,0,0,0,0,0,0,0,0,0,0,0,0,0,0,0,0,0,0,0,0,0,0,0,0,0
{'1799'} com.dunn.i/system/binapp_process: min(0.0) max(0.0) average(0.0)
{'744'} /-Xzygote/bin/app_processzygote: 0,0,0,0,0,0,0,0,0,0,0,0,0,0,0,0,0,0,0,0,0,0,2,0,0,0,0,0,0,0,0,0
{'744'} /-Xzygote/bin/app_processzygote: min(0.0) max(2.0) average(0.06)
{'2647'} android.process.media: 4,0,0,0,0,0,0,0,0,0,0,0,0,0,0,0,0,0,0,0,0,0,0,0,0,0,0,0,0,0,0,0,0
{'2647'} android.process.media: min(0.0) max(4.0) average(0.12)
{'32'} [kworker/3:1]: 2
{'32'} [kworker/3:1]: min(2.0) max(2.0) average(2.0)
{'2757'} com.coocaa.messageprovider: 16
{'2757'} com.coocaa.messageprovider: min(16.0) max(16.0) average(16.0)
{'2726'} com.tianci.ad: 9,16,14,0,0,0,0,0,0,0,0,0,0,0,0,0,0,0,0,0,0,0,0,0,0,0,0,0,0,0,0,0,0,0,0,0,0
{'2726'} com.tianci.ad: min(0.0) max(16.0) average(1.05)
{'743'} /system/bin/surfaceflinger: 2,2,3,3,0,0,0,0,0,0,0,0,0,0,0,0,0,0,0,0,0,0,0,2,0,0,2,0,0,0
{'743'} /system/bin/surfaceflinger: min(0.0) max(3.0) average(0.47)
{'7'} [kworker/u:0]: 2,2,2
{'7'} [kworker/u:0]: min(2.0) max(2.0) average(2.0)
{'4'} [ksoftirqd/0]: 2,2
{'4'} [ksoftirqd/0]: min(2.0) max(2.0) average(2.0)
{'699'} [jbd2/mmcblk0p2-]: 2
{'699'} [jbd2/mmcblk0p2-]: min(2.0) max(2.0) average(2.0)
{'741'} /system/bin/netd: 2
{'741'} /system/bin/netd: min(2.0) max(2.0) average(2.0)
{'349'} [kswapd0]: 2,2,5
{'349'} [kswapd0]: min(2.0) max(5.0) average(3.0)
{'8'} [kworker/u:0H]: 2
{'8'} [kworker/u:0H]: min(2.0) max(2.0) average(2.0)
{'1605'} [RTW_CMD_THREAD]: 2
{'1605'} [RTW_CMD_THREAD]: min(2.0) max(2.0) average(2.0)
{'286'} [kworker/u:2]: 2
{'286'} [kworker/u:2]: min(2.0) max(2.0) average(2.0)
{'13'} [ksoftirqd/1]: 2
{'13'} [ksoftirqd/1]: min(2.0) max(2.0) average(2.0)
{'746'} /system/bin/mediaserver: 0,0,0,0,0,0,0,0,0,0,0,0,0,0,0,2
{'746'} /system/bin/mediaserver: min(0.0) max(2.0) average(0.12)
{'1263'} VirtualEvent: 0,0
{'1263'} VirtualEvent: min(0.0) max(0.0) average(0.0)
{'10'} [rcu_preempt]: 2,2
{'10'} [rcu_preempt]: min(2.0) max(2.0) average(2.0)
{'3333'} com.tianci.ad:adUpgrade: 0,0,0,0,0,0,0,0,0,0,0,0,0,0,0,0,0,0,0,0,0,0,0,0,0,0
{'3333'} com.tianci.ad:adUpgrade: min(0.0) max(0.0) average(0.0)
{'3774'} com.tianci.appstore: 0,23,24,14,0,0,0,0,0,0,0,9,0
{'3774'} com.tianci.appstore: min(0.0) max(24.0) average(5.38)
{'21'} [ksoftirqd/3]: 2
{'21'} [ksoftirqd/3]: min(2.0) max(2.0) average(2.0)
