total_ram(MB): 452.27,452.27,452.27,452.27,452.27,452.27,452.27,452.27,452.27,452.27,452.27,452.27,452.27,452.27,452.27,452.27,452.27,452.27,452.27,452.27,452.27,452.27,452.27,452.27
total_ram(MB): min(452.27) max(452.27) average(452.27)
free_ram(MB): 230.75,201.92,179.32,194.86,197.91,211.66,206.42,202.86,197.88,197.65,198.16,197.57,198.03,198.56,198.23,197.78,191.81,189.41,187.80,184.85,184.75,184.44,183.41,183.46
free_ram(MB): min(179.32) max(230.75) average(195.81)
used_ram(MB): 254.04,279.79,312.04,285.75,282.89,270.05,273.79,284.16,289.31,289.31,289.31,289.75,289.75,289.47,289.39,289.83,288.90,281.87,285.68,290.75,290.34,290.47,291.08,291.93
used_ram(MB): min(254.04) max(312.04) average(286.24)
lost_ram(MB): -32.51,-29.44,-39.09,-28.34,-28.53,-29.43,-27.94,-34.75,-34.92,-34.69,-35.20,-35.04,-35.50,-35.76,-35.35,-35.34,-28.44,-19.00,-21.21,-23.33,-22.81,-22.64,-22.22,-23.12
lost_ram(MB): min(-39.09) max(-19.0) average(-29.78)
free(MB): 40.06,8.75,3.50,22.06,21.20,60.20,29.58,24.97,18.71,18.48,18.49,15.64,16.17,16.52,16.19,15.64,6.24,40.82,59.48,47.72,47.18,46.33,43.47,43.38
free(MB): min(3.5) max(60.2) average(28.37)
used_pss(MB): 222.88,244.42,276.48,251.97,249.19,249.10,251.91,261.85,266.92,266.90,266.81,267.22,267.25,266.94,266.93,267.37,266.07,259.62,264.42,268.98,268.55,268.67,269.19,270.01
used_pss(MB): min(222.88) max(276.48) average(261.65)
kernel(MB): 0.00,0.00,0.00,0.00,0.00,0.00,0.00,0.00,0.00,0.00,0.00,0.00,0.00,0.00,0.00,0.00,0.00,0.00,0.00,0.00,0.00,0.00,0.00,0.00
kernel(MB): min(0.0) max(0.0) average(0.0)
buffers(MB): 9.54,12.44,12.41,10.55,10.43,0.76,1.55,1.88,1.97,1.97,2.10,2.11,2.11,2.11,2.12,2.12,2.39,1.73,0.70,1.18,1.18,1.19,1.29,1.30
buffers(MB): min(0.7) max(12.44) average(3.63)
shmem(MB): 0.22,0.22,0.22,0.22,0.22,0.22,0.22,0.22,0.22,0.22,0.22,0.22,0.22,0.22,0.22,0.22,0.22,0.22,0.22,0.22,0.22,0.22,0.22,0.22
shmem(MB): min(0.22) max(0.22) average(0.22)
slab(MB): 21.40,22.71,22.93,23.01,23.05,19.97,20.11,20.20,20.20,20.22,20.18,20.20,20.17,20.20,20.12,20.12,20.22,20.30,20.35,20.38,20.38,20.38,20.38,20.40
slab(MB): min(19.97) max(23.05) average(20.73)
total_swap(MB): 96.00,96.00,96.00,96.00,96.00,96.00,96.00,96.00,96.00,96.00,96.00,96.00,96.00,96.00,96.00,96.00,96.00,96.00,96.00,96.00,96.00,96.00,96.00,96.00
total_swap(MB): min(96.0) max(96.0) average(96.0)
used_swap(MB): 0.49,0.49,0.49,2.96,2.98,2.98,2.98,2.98,2.98,2.98,2.98,2.98,2.98,2.98,2.98,2.98,4.50,8.48,8.66,8.64,8.64,8.64,8.63,8.63
used_swap(MB): min(0.49) max(8.66) average(4.38)
{'2143'} com.ccos.tv.homepage(MB): 61.70,74.45,80.57,80.64,77.69,77.66,77.62,77.58,77.50,77.50,77.50,77.50,77.54,77.54,77.54,77.54,69.50,68.08,67.90,67.88,67.88,67.88,67.86,67.86
{'2143'} com.ccos.tv.homepage(MB): min(61.7) max(80.64) average(73.87)
{'2460'} com.tianci.de(MB): 24.76,25.25,25.98,25.84,25.84,25.84,25.65,25.63,25.57,25.57,25.57,25.57,25.57,25.57,25.57,25.57,25.37,17.75,17.72,17.71,17.71,17.71,17.72,17.71
{'2460'} com.tianci.de(MB): min(17.71) max(25.98) average(23.28)
{'1590'} com.tianci.system(MB): 24.73,21.88,21.82,18.19,17.07,17.07,17.02,17.00,16.94,16.94,16.99,17.08,17.08,17.07,17.05,17.04,17.11,17.02,17.15,17.13,16.79,16.79,16.81,16.81
{'1590'} com.tianci.system(MB): min(16.79) max(24.73) average(17.77)
{'1349'} system(MB): 19.90,20.51,19.85,18.28,18.40,18.41,18.42,18.49,18.51,18.52,18.29,18.49,18.49,18.21,18.40,18.47,17.88,17.80,17.27,17.23,17.27,17.18,17.32,17.36
{'1349'} system(MB): min(17.18) max(20.51) average(18.29)
{'2828', '2488'} com.tianci.user(MB): 13.15,12.61,11.91,12.91,12.77,12.77,12.77,12.76,12.70,12.70,12.70,12.70,12.70,12.70,12.70,12.70,12.65,12.60,12.59,12.57,12.57,12.57,12.57,12.57
{'2828', '2488'} com.tianci.user(MB): min(11.91) max(13.15) average(12.66)
{'2560'} com.tianci.movieplatform(MB): 13.01,19.92,23.49,23.95,25.35,25.46,28.95,38.75,38.87,38.85,38.85,39.07,39.06,38.87,38.87,39.24,39.11,34.87,34.66,34.94,35.05,35.12,34.68,34.71
{'2560'} com.tianci.movieplatform(MB): min(13.01) max(39.24) average(33.07)
{'2298'} com.coocaa.os.softsettings.provider(MB): 12.81,12.97,12.97,12.95,12.95,12.95,12.95,12.95,12.89,12.89,12.89,12.89,12.89,12.89,12.89,12.89,12.83,12.47,12.75,12.73,12.72,12.72,12.72,12.73
{'2298'} com.coocaa.os.softsettings.provider(MB): min(12.47) max(12.97) average(12.85)
{'2327'} com.coocaa.sysreport(MB): 11.08,10.97,11.12,11.05,11.10,11.09,11.12,11.21,11.01,11.01,11.01,11.01,11.01,11.01,11.01,11.01,10.96,10.91,10.88,10.86,10.87,10.87,10.87,10.89
{'2327'} com.coocaa.sysreport(MB): min(10.86) max(11.21) average(11.0)
{'1867'} com.coocaa.os.ccosservice(MB): 9.64,9.31,9.33,7.46,7.07,7.07,7.06,7.06,7.00,7.00,7.00,7.00,7.00,7.00,7.00,7.00,6.30,6.03,6.02,7.49,7.49,7.44,7.44,7.44
{'1867'} com.coocaa.os.ccosservice(MB): min(6.02) max(9.64) average(7.32)
{'746'} mediaserver(MB): 9.17,9.17,9.17,9.00,9.00,9.00,8.86,8.86,8.86,8.86,8.86,8.86,8.86,8.86,8.86,8.86,7.98,7.98,7.17,7.17,7.17,7.17,7.20,7.20
{'746'} mediaserver(MB): min(7.17) max(9.17) average(8.42)
{'1799'} app_process(MB): 8.42,8.36,8.37,8.34,8.34,8.34,8.24,8.23,8.20,8.20,8.20,8.20,8.20,8.20,8.20,8.20,8.14,8.13,8.13,8.13,8.13,8.13,8.12,8.12
{'1799'} app_process(MB): min(8.12) max(8.42) average(8.22)
{'1720'} com.tianci.push(MB): 7.04,6.92,6.97,4.82,4.82,4.82,4.82,4.83,4.77,4.77,4.77,4.84,4.84,4.84,4.84,4.84,4.79,5.44,11.10,14.09,14.04,14.04,13.93,13.93
{'1720'} com.tianci.push(MB): min(4.77) max(14.09) average(7.29)
{'744'} zygote(MB): 6.30,6.21,6.22,5.14,5.14,5.14,5.02,5.01,4.95,4.95,4.95,4.95,4.95,4.95,4.95,4.95,4.86,4.10,4.09,4.09,4.09,4.09,4.09,4.09
{'744'} zygote(MB): min(4.09) max(6.3) average(4.89)
{'2647'} android.process.media(MB): 5.53,5.42,5.43,5.43,5.43,5.43,5.43,5.43,5.37,5.37,5.37,5.37,5.37,5.37,5.37,5.37,5.31,5.24,5.23,5.23,5.23,5.23,5.23,5.23
{'2647'} android.process.media(MB): min(5.23) max(5.53) average(5.35)
{'1581'} com.dunn.instrument(MB): 4.73,4.69,4.75,4.51,4.52,4.52,4.52,4.52,4.47,4.47,4.47,4.47,4.48,4.48,4.48,4.48,4.44,4.41,4.38,4.38,4.39,4.39,4.39,4.39
{'1581'} com.dunn.instrument(MB): min(4.38) max(4.75) average(4.49)
{'1118'} TvServer(MB): 3.80,3.80,3.80,3.82,4.00,4.00,4.00,4.00,4.00,4.00,4.00,4.00,4.00,4.00,4.00,4.00,4.00,3.71,3.71,3.71,3.71,3.71,3.71,3.71
{'1118'} TvServer(MB): min(3.71) max(4.0) average(3.88)
{'743'} surfaceflinger(MB): 2.06,2.06,2.06,1.91,1.89,1.89,1.88,1.88,1.88,1.88,1.88,1.88,1.88,1.88,1.88,1.88,1.86,1.66,1.51,1.51,1.51,1.51,1.51,1.51
{'743'} surfaceflinger(MB): min(1.51) max(2.06) average(1.8)
{'2093'} logcat(MB): 1.33,0.78,0.79,0.79,0.79,0.79,0.79,0.79,0.79,0.79,0.79,0.79,0.79,0.79,0.79,0.79,0.79,0.79,0.79,0.79,0.79,0.79,0.79,0.79
{'2093'} logcat(MB): min(0.78) max(1.33) average(0.81)
{'745'} drmserver(MB): 1.15,1.15,1.15,0.94,0.94,0.94,0.91,0.91,0.91,0.91,0.91,0.91,0.91,0.91,0.91,0.91,0.42,0.42,0.42,0.42,0.42,0.42,0.41,0.41
{'745'} drmserver(MB): min(0.41) max(1.15) average(0.78)
{'1505'} wpa_supplicant(MB): 0.93,0.93,0.93,0.93,0.93,0.93,0.93,0.93,0.93,0.93,0.93,0.93,0.93,0.93,0.93,0.93,0.93,0.93,0.93,0.92,0.92,0.92,0.92,0.92
{'1505'} wpa_supplicant(MB): min(0.92) max(0.93) average(0.93)
{'1263'} VirtualEvent(MB): 0.56,0.56,0.56,0.56,0.56,0.56,0.56,0.56,0.56,0.56,0.56,0.56,0.56,0.56,0.56,0.56,0.56,0.32,0.32,0.32,0.32,0.32,0.32,0.32
{'1263'} VirtualEvent(MB): min(0.32) max(0.56) average(0.49)
{'741'} netd(MB): 0.54,0.54,0.54,0.34,0.34,0.34,0.36,0.36,0.36,0.36,0.36,0.36,0.36,0.36,0.36,0.36,0.35,0.33,0.33,0.33,0.33,0.33,0.33,0.33
{'741'} netd(MB): min(0.33) max(0.54) average(0.37)
{'737'} vold(MB): 0.48,0.48,0.48,0.21,0.21,0.21,0.21,0.21,0.21,0.21,0.21,0.21,0.21,0.21,0.21,0.21,0.21,0.20,0.20,0.20,0.20,0.20,0.20,0.20
{'737'} vold(MB): min(0.2) max(0.48) average(0.24)
{'748'} keystore(MB): 0.41,0.41,0.41,0.11,0.11,0.11,0.10,0.10,0.10,0.10,0.10,0.10,0.10,0.10,0.10,0.10,0.10,0.10,0.10,0.26,0.26,0.26,0.26,0.26
{'748'} keystore(MB): min(0.1) max(0.41) average(0.17)
{'749'} FileDesc_server(MB): 0.41,0.41,0.41,0.10,0.10,0.10,0.10,0.10,0.10,0.10,0.10,0.10,0.10,0.10,0.10,0.10,0.10,0.10,0.10,0.10,0.10,0.10,0.10,0.10
{'749'} FileDesc_server(MB): min(0.1) max(0.41) average(0.14)
{'1'} /init(MB): 0.33,0.33,0.33,0.33,0.33,0.33,0.33,0.33,0.33,0.33,0.33,0.33,0.33,0.33,0.33,0.33,0.33,0.31,0.31,0.31,0.31,0.31,0.31,0.31
{'1'} /init(MB): min(0.31) max(0.33) average(0.32)
{'1635'} busybox(MB): 0.29,0.29,0.29,0.29,0.29,0.29,0.29,0.29,0.29,0.29,0.29,0.29,0.29,0.29,0.29,0.29,0.29,0.29,0.29,0.29,0.29,0.29,0.29,0.29
{'1635'} busybox(MB): min(0.29) max(0.29) average(0.29)
{'740'} keypad(MB): 0.25,0.25,0.25,0.04,0.04,0.04,0.04,0.04,0.04,0.04,0.04,0.04,0.04,0.04,0.04,0.04,0.04,0.04,0.04,0.04,0.04,0.04,0.04,0.04
{'740'} keypad(MB): min(0.04) max(0.25) average(0.07)
{'1878'} dhcpcd(MB): 0.22,0.22,0.22,0.22,0.22,0.22,0.22,0.22,0.22,0.22,0.22,0.22,0.22,0.22,0.22,0.22,0.22,0.22,0.22,0.22,0.22,0.22,0.22,0.22
{'1878'} dhcpcd(MB): min(0.22) max(0.22) average(0.22)
{'738'} hardwared(MB): 0.22,0.22,0.22,0.03,0.03,0.03,0.03,0.03,0.03,0.03,0.03,0.03,0.03,0.03,0.03,0.03,0.03,0.03,0.03,0.03,0.03,0.03,0.03,0.03
{'738'} hardwared(MB): min(0.03) max(0.22) average(0.05)
{'1439'} adbd(MB): 0.21,0.21,0.21,0.21,0.21,0.21,0.21,0.21,0.21,0.21,0.21,0.21,0.21,0.21,0.21,0.21,0.21,0.21,0.21,0.21,0.21,0.21,0.21,0.21
{'1439'} adbd(MB): min(0.21) max(0.21) average(0.21)
{'753'} coocaa_guard(MB): 0.20,0.20,0.20,0.15,0.15,0.15,0.15,0.15,0.15,0.15,0.15,0.15,0.15,0.15,0.15,0.15,0.15,0.12,0.12,0.12,0.12,0.12,0.12,0.12
{'753'} coocaa_guard(MB): min(0.12) max(0.2) average(0.15)
{'3320', '2640', '3114', '3489', '3813', '4109', '3983', '2938', '3654'} dumpsys(MB): 0.17,0.00,0.17,0.00,0.17,0.00,0.00,0.17,0.00,0.00,0.17,0.00,0.00,0.17,0.00,0.00,0.17,0.00,0.17,0.00,0.00,0.17,0.00,0.00
{'3320', '2640', '3114', '3489', '3813', '4109', '3983', '2938', '3654'} dumpsys(MB): min(0.0) max(0.17) average(0.06)
{'757'} sdcard(MB): 0.17,0.17,0.17,0.09,0.09,0.09,0.10,0.10,0.10,0.10,0.10,0.10,0.10,0.10,0.10,0.10,0.11,0.11,0.11,0.11,0.11,0.11,0.11,0.11
{'757'} sdcard(MB): min(0.09) max(0.17) average(0.11)
{'1335', '1706', '734'} sh(MB): 0.17,0.14,0.11,0.17,0.14,0.10,0.17,0.14,0.10,0.17,0.14,0.08,0.17,0.14,0.08,0.17,0.14,0.08,0.17,0.14,0.08,0.17,0.14,0.08,0.17,0.14,0.08,0.17,0.14,0.08,0.17,0.14,0.08,0.17,0.14,0.08,0.17,0.14,0.08,0.17,0.14,0.08,0.17,0.14,0.08,0.17,0.14,0.08,0.17,0.14,0.08,0.17,0.11,0.08,0.19,0.10,0.19,0.07,0.19,0.10,0.19,0.10,0.19,0.10,0.19,0.10
{'1335', '1706', '734'} sh(MB): min(0.07) max(0.19) average(0.13)
{'1111'} RootApp(MB): 0.16,0.16,0.16,0.16,0.16,0.16,0.16,0.16,0.16,0.16,0.16,0.16,0.16,0.16,0.16,0.16,0.16,0.14,0.14,0.14,0.14,0.14,0.14,0.14
{'1111'} RootApp(MB): min(0.14) max(0.16) average(0.15)
{'747'} installd(MB): 0.16,0.16,0.16,0.04,0.04,0.04,0.04,0.04,0.04,0.04,0.04,0.04,0.04,0.04,0.04,0.04,0.04,0.04,0.04,0.04,0.04,0.04,0.04,0.04
{'747'} installd(MB): min(0.04) max(0.16) average(0.06)
{'742'} debuggerd(MB): 0.15,0.15,0.15,0.03,0.03,0.03,0.03,0.03,0.03,0.03,0.03,0.03,0.03,0.03,0.03,0.03,0.03,0.03,0.03,0.03,0.03,0.03,0.03,0.03
{'742'} debuggerd(MB): min(0.03) max(0.15) average(0.05)
{'733'} healthd(MB): 0.11,0.11,0.11,0.11,0.11,0.11,0.11,0.11,0.11,0.11,0.11,0.11,0.11,0.11,0.11,0.11,0.11,0.11,0.11,0.11,0.11,0.11,0.11,0.11
{'733'} healthd(MB): min(0.11) max(0.11) average(0.11)
{'1266'} smobsd(MB): 0.11,0.11,0.11,0.11,0.11,0.11,0.11,0.11,0.11,0.11,0.11,0.11,0.11,0.11,0.11,0.11,0.11,0.02,0.02,0.02,0.02,0.02,0.02,0.02
{'1266'} smobsd(MB): min(0.02) max(0.11) average(0.08)
{'735'} servicemanager(MB): 0.11,0.11,0.11,0.05,0.05,0.05,0.05,0.05,0.05,0.05,0.05,0.05,0.05,0.05,0.05,0.05,0.05,0.05,0.05,0.05,0.05,0.05,0.05,0.05
{'735'} servicemanager(MB): min(0.05) max(0.11) average(0.06)
{'1106'} logwrapper(MB): 0.11,0.11,0.11,0.11,0.11,0.11,0.11,0.11,0.11,0.11,0.11,0.11,0.11,0.11,0.11,0.11,0.11,0.04,0.04,0.04,0.04,0.04,0.04,0.04
{'1106'} logwrapper(MB): min(0.04) max(0.11) average(0.09)
{'512'} ueventd(MB): 0.07,0.07,0.07,0.07,0.07,0.07,0.07,0.07,0.07,0.07,0.07,0.07,0.07,0.07,0.07,0.07,0.07,0.07,0.07,0.07,0.07,0.07,0.07,0.07
{'512'} ueventd(MB): min(0.07) max(0.07) average(0.07)
{'2726'} com.tianci.ad(MB): 4.95,15.06,15.28,15.08,15.08,15.08,15.07,12.53,12.53,12.53,12.53,12.52,12.52,12.52,12.52,12.46,12.41,12.38,12.37,12.37,12.37,12.37,12.37
{'2726'} com.tianci.ad(MB): min(4.95) max(15.28) average(12.82)
{'3333'} com.tianci.ad:adUpgrade(MB): 8.22,8.22,8.13,8.13,8.12,8.12,8.12,8.12,8.06,8.04,8.02,8.02,8.02,8.02,8.02,8.02
{'3333'} com.tianci.ad:adUpgrade(MB): min(8.02) max(8.22) average(8.09)
{'3774'} com.tianci.appstore(MB): 9.98,19.08,19.74,19.72,19.52,19.52,20.59,21.35
{'3774'} com.tianci.appstore(MB): min(9.98) max(21.35) average(18.69)
