total_ram(MB): 452.27,452.27,452.27,452.27,452.27,452.27,452.27,452.27,452.27,452.27,452.27,452.27,452.27,452.27,452.27,452.27,452.27,452.27,452.27,452.27,452.27,452.27,452.27,452.27,452.27,452.27,452.27,452.27,452.27,452.27,452.27,452.27,452.27,452.27,452.27,452.27,452.27,452.27,452.27,452.27,452.27,452.27,452.27,452.27
total_ram(MB): min(452.27) max(452.27) average(452.27)
free_ram(MB): 164.34,154.43,149.85,144.65,143.81,140.60,144.40,142.66,144.47,141.90,135.24,132.08,128.27,140.45,139.65,135.03,132.60,128.28,128.58,132.36,130.24,130.51,130.09,136.41,149.95,149.18,144.55,139.43,131.76,138.09,140.79,134.64,150.79,145.07,140.77,141.80,139.24,135.67,139.14,134.54,133.82,131.48,136.11,141.20
free_ram(MB): min(128.27) max(164.34) average(139.29)
used_ram(MB): 278.32,282.86,289.94,290.11,291.32,291.11,286.78,287.57,285.14,287.93,291.81,298.76,296.52,296.20,289.63,293.44,293.05,300.53,297.75,293.84,293.36,307.64,289.62,291.61,281.14,276.39,281.78,295.60,294.50,292.14,288.99,284.64,275.36,274.94,282.77,299.38,287.48,285.34,283.00,292.77,296.02,298.13,294.98,282.98
used_ram(MB): min(274.94) max(307.64) average(289.84)
lost_ram(MB): 9.62,14.99,12.49,17.51,17.13,20.57,21.10,22.04,22.66,22.44,25.22,21.44,27.48,15.62,22.99,23.81,26.63,23.47,25.94,26.07,28.68,14.12,32.56,24.26,21.19,26.70,25.94,17.24,26.01,22.04,22.49,32.99,26.12,32.27,28.73,11.10,25.55,31.26,30.13,24.97,22.44,22.67,21.18,28.10
lost_ram(MB): min(9.62) max(32.99) average(23.14)
free(MB): 9.81,5.19,13.07,7.45,6.42,4.34,30.70,27.37,26.29,24.96,20.73,18.05,11.98,25.31,21.62,15.18,12.94,8.79,9.14,12.24,11.17,15.96,13.80,19.46,31.45,29.54,25.00,19.67,12.40,18.86,20.24,10.71,26.59,21.65,16.52,21.79,18.96,15.19,18.89,14.68,14.23,12.84,22.74,27.79
free(MB): min(4.34) max(31.45) average(17.54)
used_pss(MB): 255.25,259.79,267.79,267.89,269.00,268.01,262.75,263.55,261.03,263.91,267.92,274.86,272.64,272.29,265.65,269.44,269.05,276.52,273.69,269.80,269.31,283.64,265.62,267.57,257.05,252.30,257.68,271.53,270.41,268.06,264.87,260.51,251.20,250.79,258.62,275.44,263.54,261.39,259.04,268.81,272.08,274.16,272.16,260.15
used_pss(MB): min(250.79) max(283.64) average(266.06)
kernel(MB): 0.00,0.00,0.00,0.00,0.00,0.00,0.00,0.00,0.00,0.00,0.00,0.00,0.00,0.00,0.00,0.00,0.00,0.00,0.00,0.00,0.00,0.00,0.00,0.00,0.00,0.00,0.00,0.00,0.00,0.00,0.00,0.00,0.00,0.00,0.00,0.00,0.00,0.00,0.00,0.00,0.00,0.00,0.00,0.00
kernel(MB): min(0.0) max(0.0) average(0.0)
buffers(MB): 2.64,2.55,1.62,1.65,1.66,2.36,2.99,2.99,3.06,2.99,2.81,2.80,2.80,2.79,2.83,2.82,2.82,2.82,2.86,2.84,2.84,2.79,2.80,2.83,2.84,2.84,2.84,2.84,2.85,2.85,2.86,2.86,2.86,2.86,2.87,2.70,2.70,2.71,2.71,2.72,2.71,2.72,1.57,1.57
buffers(MB): min(1.57) max(3.06) average(2.67)
shmem(MB): 0.22,0.22,0.22,0.22,0.22,0.22,0.22,0.22,0.22,0.22,0.22,0.22,0.22,0.22,0.22,0.22,0.22,0.22,0.22,0.22,0.22,0.22,0.22,0.22,0.22,0.22,0.22,0.22,0.22,0.22,0.22,0.22,0.22,0.22,0.22,0.22,0.22,0.22,0.22,0.22,0.22,0.22,0.22,0.22
shmem(MB): min(0.22) max(0.22) average(0.22)
slab(MB): 20.20,20.29,20.31,20.36,20.44,20.51,20.81,20.81,20.82,20.82,20.86,20.87,20.85,20.89,20.93,20.95,20.95,20.96,20.97,20.98,20.98,20.99,20.99,20.99,21.02,21.04,21.04,21.00,21.01,21.02,21.04,21.06,21.07,21.06,21.06,21.02,21.02,21.02,21.02,21.02,21.00,21.03,21.03,21.04
slab(MB): min(20.2) max(21.07) average(20.89)
total_swap(MB): 96.00,96.00,96.00,96.00,96.00,96.00,96.00,96.00,96.00,96.00,96.00,96.00,96.00,96.00,96.00,96.00,96.00,96.00,96.00,96.00,96.00,96.00,96.00,96.00,96.00,96.00,96.00,96.00,96.00,96.00,96.00,96.00,96.00,96.00,96.00,96.00,96.00,96.00,96.00,96.00,96.00,96.00,96.00,96.00
total_swap(MB): min(96.0) max(96.0) average(96.0)
used_swap(MB): 17.34,17.34,17.36,17.36,17.37,17.38,17.66,17.66,17.66,17.66,17.66,17.66,17.66,17.66,17.66,17.66,17.66,17.66,17.67,17.67,17.67,17.92,17.92,17.92,17.92,17.92,17.92,17.92,17.92,17.92,17.92,17.92,17.92,17.92,17.92,18.04,18.04,18.04,18.04,18.04,18.04,18.04,19.31,19.31
used_swap(MB): min(17.34) max(19.31) average(17.84)
{'2143'} com.ccos.tv.homepage(MB): 75.30,80.25,90.66,93.16,96.25,97.21,95.95,95.70,93.19,97.66,101.53,108.82,106.59,114.56,107.41,111.51,110.92,118.58,115.65,112.10,111.80,126.48,108.07,109.82,99.00,94.35,99.53,113.56,112.22,110.67,107.29,102.94,93.79,94.19,100.52,117.59,105.52,103.74,101.26,111.14,114.19,116.46,117.38,105.40
{'2143'} com.ccos.tv.homepage(MB): min(75.3) max(126.48) average(104.54)
{'2560'} com.tianci.movieplatform(MB): 31.93,31.91,29.46,28.66,28.65,28.66,28.46,28.46,28.46,28.46,28.45,28.42,28.42,28.42,28.43,28.42,28.42,28.40,28.40,28.35,28.34,28.34,28.34,28.35,28.34,28.33,28.33,28.33,28.33,28.33,28.33,28.32,28.32,28.32,28.32,28.32,28.31,28.31,28.31,28.31,28.31,28.30,28.13,28.13
{'2560'} com.tianci.movieplatform(MB): min(28.13) max(31.93) average(28.56)
{'1867'} com.coocaa.os.ccosservice(MB): 19.28,19.28,19.19,19.02,19.00,19.00,14.95,14.95,14.94,14.94,14.95,14.92,14.93,14.99,14.99,14.97,14.98,14.97,14.95,14.95,14.94,14.94,14.94,14.94,14.94,14.93,14.95,14.97,14.96,14.96,14.96,14.95,14.96,14.96,14.94,14.96,14.91,14.92,14.93,14.92,14.93,14.93,14.92,14.93
{'1867'} com.coocaa.os.ccosservice(MB): min(14.91) max(19.28) average(15.52)
{'1349'} system(MB): 17.08,17.13,17.40,17.24,17.09,17.20,17.18,17.19,17.02,17.10,17.17,17.15,17.00,17.13,17.19,17.17,17.07,17.14,17.17,17.16,17.01,17.13,17.15,17.14,16.98,17.07,17.09,17.00,17.07,17.14,17.14,17.00,17.12,17.14,16.98,17.06,17.32,17.13,17.03,17.11,17.16,17.18,16.92,17.07
{'1349'} system(MB): min(16.92) max(17.4) average(17.12)
{'2460'} com.tianci.de(MB): 16.21,16.36,16.25,16.18,16.17,16.11,15.99,15.99,15.99,15.98,15.98,15.95,15.94,15.98,15.98,15.97,15.94,15.93,15.91,15.88,15.75,15.75,15.75,15.75,15.81,15.81,15.82,15.82,15.83,15.83,15.84,15.85,15.85,15.86,16.02,16.01,15.87,15.87,15.87,15.85,15.85,15.84,14.95,14.95
{'2460'} com.tianci.de(MB): min(14.95) max(16.36) average(15.89)
{'2726'} com.tianci.ad(MB): 14.28,14.28,14.27,14.08,14.08,14.08,14.05,14.05,14.05,14.04,14.04,14.04,14.04,15.73,15.99,15.94,15.94,15.93,15.92,15.90,15.89,15.87,15.87,15.87,15.87,15.87,15.87,15.87,15.86,15.86,15.86,15.86,15.86,15.86,15.86,15.86,15.78,15.78,15.78,15.78,15.78,15.78,15.77,15.77
{'2726'} com.tianci.ad(MB): min(14.04) max(15.99) average(15.34)
{'1590'} com.tianci.system(MB): 14.18,13.81,13.73,13.69,13.69,13.80,13.64,13.64,13.64,13.64,13.82,13.81,13.80,13.87,13.87,13.87,14.04,14.04,14.03,14.01,14.00,13.81,13.99,13.99,13.99,13.99,13.99,14.07,14.07,13.36,13.36,13.36,13.46,13.46,13.46,13.34,13.34,13.34,13.37,13.37,13.36,13.36,13.28,13.28
{'1590'} com.tianci.system(MB): min(13.28) max(14.18) average(13.7)
{'3333'} com.tianci.ad:adUpgrade(MB): 10.78,10.74,10.70,10.56,10.56,10.56,10.56,10.57,10.57,10.56,10.55,10.55,10.55,0.00
{'3333'} com.tianci.ad:adUpgrade(MB): min(0.0) max(10.78) average(9.84)
{'2828'} com.tianci.user(MB): 9.80,9.80,9.79,9.79,9.77,9.77,9.75,9.75,9.75,9.75,9.74,9.74,9.74,9.79,9.79,9.79,9.78,9.78,9.75,9.74,9.74,9.74,9.74,9.74,9.74,9.74,9.74,9.74,9.74,9.74,9.74,10.32,10.31,10.31,10.22,10.21,10.19,10.19,10.17,10.14,10.14,10.11,9.88,9.87
{'2828'} com.tianci.user(MB): min(9.74) max(10.32) average(9.88)
{'1720'} com.tianci.push(MB): 9.72,9.72,9.69,9.69,9.69,9.69,10.89,10.89,10.89,10.52,10.21,10.21,10.21,10.28,10.28,10.28,10.27,10.25,10.25,10.23,10.20,10.15,10.15,10.14,10.22,10.22,10.18,10.18,10.18,10.18,10.18,10.18,10.18,10.18,10.18,10.14,10.13,10.13,10.13,10.13,10.13,10.13,10.02,10.02
{'1720'} com.tianci.push(MB): min(9.69) max(10.89) average(10.17)
{'2327'} com.coocaa.sysreport(MB): 9.06,9.06,9.06,9.06,9.04,9.04,9.02,9.02,9.02,9.02,9.02,8.98,8.98,9.04,9.04,9.02,9.02,9.00,8.98,8.96,8.96,8.95,8.95,8.95,8.95,8.95,8.95,8.95,8.93,8.93,8.93,8.93,8.93,8.93,8.93,8.93,8.93,8.93,8.93,8.93,8.93,8.92,8.53,8.53
{'2327'} com.coocaa.sysreport(MB): min(8.53) max(9.06) average(8.96)
{'2298'} com.coocaa.os.softsettings.provider(MB): 8.52,8.52,8.48,8.48,8.13,8.13,8.11,8.11,8.10,8.11,8.11,8.10,8.10,8.17,8.17,8.17,8.16,8.16,8.16,8.16,8.16,8.16,8.16,8.16,8.16,8.16,8.16,8.16,8.16,8.16,8.16,8.16,8.16,8.16,8.16,8.16,8.16,8.16,8.16,8.16,8.16,8.16,8.14,8.14
{'2298'} com.coocaa.os.softsettings.provider(MB): min(8.1) max(8.52) average(8.18)
{'1799'} app_process(MB): 7.54,7.54,7.54,7.19,6.50,6.35,6.08,6.08,6.08,6.08,6.08,6.08,6.08,6.11,6.11,6.11,6.11,6.11,6.11,6.11,6.11,6.11,6.11,6.11,6.11,6.11,6.11,6.11,6.11,6.11,6.11,6.11,6.11,6.11,6.11,6.11,6.11,6.11,6.11,6.11,6.11,6.11,4.98,4.98
{'1799'} app_process(MB): min(4.98) max(7.54) average(6.19)
{'2647'} android.process.media(MB): 4.97,4.97,4.95,4.95,4.95,4.95,4.95,4.95,4.95,4.95,4.95,4.94,4.95,5.01,5.01,5.01,5.00,5.00,5.00,5.00,5.00,5.00,5.00,5.00,5.00,5.00,5.00,5.00,5.00,5.00,5.00,5.00,5.00,5.00,5.00,5.00,5.00,5.00,5.00,5.00,5.00,5.00,5.00,5.00
{'2647'} android.process.media(MB): min(4.94) max(5.01) average(4.99)
{'744'} zygote(MB): 3.70,3.70,3.70,3.58,2.66,2.51,2.25,2.25,2.25,2.25,2.25,2.25,2.24,2.29,2.29,2.29,2.29,2.29,2.29,2.29,2.27,2.27,2.27,2.27,2.27,2.27,2.27,2.27,2.27,2.27,2.27,2.27,2.27,2.27,2.27,2.27,2.27,2.27,2.27,2.27,2.27,2.27,2.27,2.27
{'744'} zygote(MB): min(2.24) max(3.7) average(2.41)
{'1581'} com.dunn.instrument(MB): 3.34,3.34,3.34,3.34,3.34,3.34,3.33,3.33,3.33,3.33,3.33,3.33,3.33,3.38,3.38,3.38,3.37,3.37,3.37,3.37,3.37,3.37,3.37,3.37,3.37,3.37,3.37,3.37,3.37,3.37,3.37,3.37,3.37,3.37,3.37,3.37,3.37,3.37,3.38,3.38,3.38,3.39,3.39,3.39
{'1581'} com.dunn.instrument(MB): min(3.33) max(3.39) average(3.36)
{'746'} mediaserver(MB): 1.71,1.71,1.71,1.71,1.70,1.56,1.45,1.45,1.45,1.45,1.45,1.45,1.45,1.46,1.46,1.45,1.46,1.46,1.46,1.45,1.45,1.45,1.45,1.45,1.45,1.45,1.45,1.45,1.45,1.45,1.45,1.45,1.45,1.45,1.45,1.45,1.45,1.45,1.45,1.45,1.45,1.45,1.45,1.45
{'746'} mediaserver(MB): min(1.45) max(1.71) average(1.48)
{'1118'} TvServer(MB): 1.60,1.60,1.60,1.43,1.43,1.43,1.42,1.42,1.42,1.42,1.42,1.42,1.42,1.42,1.42,1.42,1.42,1.42,1.42,1.42,1.42,1.42,1.42,1.42,1.42,1.42,1.42,1.42,1.42,1.42,1.42,1.42,1.42,1.42,1.42,1.42,1.42,1.42,1.42,1.42,1.42,1.42,1.42,1.42
{'1118'} TvServer(MB): min(1.42) max(1.6) average(1.43)
{'2093'} logcat(MB): 1.45,1.46,1.46,1.46,1.49,0.14,0.36,1.56,1.56,0.47,0.49,0.49,0.49,0.49,0.49,0.49,0.49,0.49,0.49,0.49,0.49,0.49,0.49,0.88,1.06,1.06,1.06,1.06,1.06,1.06,1.06,1.38,0.82,0.15,1.49,1.49,1.49,1.49,1.49,1.49,1.49,1.49,1.49,1.49
{'2093'} logcat(MB): min(0.14) max(1.56) average(0.98)
{'743'} surfaceflinger(MB): 1.35,1.35,1.35,1.35,1.35,1.34,1.30,1.30,1.30,1.30,1.30,1.30,1.29,1.30,1.30,1.30,1.30,1.30,1.30,1.30,1.30,1.30,1.30,1.30,1.30,1.30,1.30,1.30,1.30,1.30,1.30,1.30,1.30,1.30,1.30,1.30,1.30,1.30,1.30,1.30,1.30,1.30,1.30,1.30
{'743'} surfaceflinger(MB): min(1.29) max(1.35) average(1.31)
{'1505'} wpa_supplicant(MB): 0.43,0.43,0.43,0.43,0.43,0.43,0.43,0.43,0.43,0.43,0.43,0.43,0.43,0.43,0.43,0.43,0.43,0.43,0.43,0.43,0.43,0.43,0.43,0.43,0.43,0.43,0.43,0.43,0.43,0.43,0.43,0.43,0.43,0.43,0.43,0.43,0.43,0.43,0.43,0.43,0.43,0.43,0.43,0.43
{'1505'} wpa_supplicant(MB): min(0.43) max(0.43) average(0.43)
{'745'} drmserver(MB): 0.33,0.33,0.33,0.33,0.32,0.17,0.07,0.07,0.07,0.07,0.07,0.07,0.07,0.07,0.07,0.07,0.07,0.07,0.07,0.07,0.07,0.07,0.07,0.07,0.07,0.07,0.07,0.07,0.07,0.07,0.07,0.07,0.07,0.07,0.07,0.07,0.07,0.07,0.07,0.07,0.07,0.07,0.07,0.07
{'745'} drmserver(MB): min(0.07) max(0.33) average(0.1)
{'1'} /init(MB): 0.31,0.31,0.31,0.31,0.31,0.31,0.31,0.31,0.31,0.31,0.31,0.31,0.31,0.31,0.31,0.31,0.31,0.31,0.31,0.31,0.31,0.31,0.31,0.31,0.31,0.31,0.31,0.31,0.31,0.31,0.31,0.31,0.31,0.31,0.31,0.31,0.31,0.31,0.31,0.31,0.31,0.31,0.31,0.31
{'1'} /init(MB): min(0.31) max(0.31) average(0.31)
{'748'} keystore(MB): 0.24,0.24,0.24,0.24,0.24,0.24,0.24,0.24,0.24,0.24,0.24,0.24,0.24,0.25,0.25,0.25,0.25,0.24,0.24,0.24,0.24,0.23,0.23,0.23,0.23,0.23,0.23,0.23,0.23,0.23,0.23,0.23,0.23,0.23,0.23,0.23,0.23,0.23,0.23,0.23,0.23,0.23,0.23,0.23
{'748'} keystore(MB): min(0.23) max(0.25) average(0.24)
{'741'} netd(MB): 0.24,0.24,0.24,0.24,0.24,0.24,0.24,0.24,0.24,0.24,0.24,0.24,0.24,0.24,0.24,0.24,0.24,0.24,0.24,0.24,0.24,0.24,0.24,0.24,0.24,0.24,0.24,0.24,0.24,0.24,0.24,0.24,0.24,0.24,0.24,0.24,0.24,0.24,0.24,0.24,0.24,0.24,0.24,0.24
{'741'} netd(MB): min(0.24) max(0.24) average(0.24)
{'1878'} dhcpcd(MB): 0.22,0.22,0.22,0.22,0.22,0.22,0.22,0.22,0.22,0.22,0.22,0.22,0.22,0.22,0.22,0.22,0.22,0.22,0.22,0.22,0.22,0.22,0.22,0.22,0.22,0.22,0.22,0.22,0.22,0.22,0.22,0.22,0.22,0.22,0.22,0.22,0.22,0.22,0.22,0.22,0.22,0.22,0.22,0.22
{'1878'} dhcpcd(MB): min(0.22) max(0.22) average(0.22)
{'1439'} adbd(MB): 0.20,0.20,0.20,0.20,0.20,0.20,0.20,0.20,0.20,0.20,0.20,0.20,0.20,0.20,0.20,0.20,0.20,0.20,0.20,0.20,0.20,0.20,0.20,0.20,0.20,0.20,0.20,0.20,0.20,0.20,0.20,0.20,0.20,0.20,0.20,0.20,0.20,0.20,0.20,0.20,0.20,0.20,0.20,0.20
{'1439'} adbd(MB): min(0.2) max(0.2) average(0.2)
{'8414', '6981', '7812', '7920', '8598', '7305', '8050', '6870', '8707', '8818', '7605', '8949', '7188', '7381', '7489', '8154', '8492', '8247', '6756', '7712', '8320', '7098'} dumpsys(MB): 0.18,0.00,0.18,0.00,0.18,0.00,0.18,0.00,0.18,0.00,0.18,0.00,0.18,0.00,0.18,0.00,0.18,0.00,0.18,0.00,0.18,0.00,0.18,0.00,0.18,0.00,0.18,0.00,0.18,0.00,0.18,0.00,0.18,0.00,0.18,0.00,0.18,0.00,0.18,0.00,0.18,0.00,0.18,0.00
{'8414', '6981', '7812', '7920', '8598', '7305', '8050', '6870', '8707', '8818', '7605', '8949', '7188', '7381', '7489', '8154', '8492', '8247', '6756', '7712', '8320', '7098'} dumpsys(MB): min(0.0) max(0.18) average(0.09)
{'737'} vold(MB): 0.12,0.12,0.12,0.12,0.12,0.12,0.12,0.12,0.12,0.12,0.12,0.12,0.12,0.12,0.12,0.12,0.12,0.12,0.12,0.12,0.12,0.12,0.12,0.12,0.12,0.12,0.12,0.12,0.12,0.12,0.12,0.12,0.12,0.12,0.12,0.12,0.12,0.12,0.12,0.12,0.12,0.12,0.12,0.12
{'737'} vold(MB): min(0.12) max(0.12) average(0.12)
{'8617', '734', '1706', '7199'} sh(MB): 0.12,0.03,0.12,0.03,0.12,0.03,0.12,0.03,0.12,0.03,0.12,0.03,0.03,0.03,0.03,0.03,0.03,0.03,0.00,0.03,0.03,0.00,0.03,0.03,0.03,0.03,0.03,0.03,0.03,0.03,0.03,0.03,0.03,0.03,0.03,0.03,0.03,0.03,0.03,0.03,0.03,0.03,0.03,0.03,0.03,0.03,0.03,0.03,0.03,0.03,0.03,0.03,0.03,0.03,0.03,0.03,0.03,0.03,0.03,0.03,0.03,0.03,0.03,0.03,0.03,0.03,0.03,0.03,0.03,0.03,0.03,0.03,0.03,0.03,0.03,0.03,0.00,0.03,0.03,0.00,0.03,0.03,0.03,0.03,0.03,0.03,0.03,0.03,0.03,0.01,0.03,0.01
{'8617', '734', '1706', '7199'} sh(MB): min(0.0) max(0.12) average(0.03)
{'757'} sdcard(MB): 0.11,0.11,0.11,0.11,0.11,0.11,0.11,0.11,0.11,0.11,0.11,0.11,0.11,0.11,0.11,0.11,0.11,0.11,0.11,0.11,0.11,0.11,0.11,0.11,0.11,0.11,0.11,0.11,0.11,0.11,0.11,0.11,0.11,0.11,0.11,0.11,0.11,0.11,0.11,0.11,0.11,0.11,0.11,0.11
{'757'} sdcard(MB): min(0.11) max(0.11) average(0.11)
{'733'} healthd(MB): 0.11,0.11,0.11,0.11,0.11,0.11,0.11,0.11,0.11,0.11,0.11,0.11,0.11,0.11,0.11,0.11,0.11,0.11,0.11,0.11,0.11,0.11,0.11,0.11,0.11,0.11,0.11,0.11,0.11,0.11,0.11,0.11,0.11,0.11,0.11,0.11,0.11,0.11,0.11,0.11,0.11,0.11,0.11,0.11
{'733'} healthd(MB): min(0.11) max(0.11) average(0.11)
{'749'} FileDesc_server(MB): 0.09,0.09,0.09,0.09,0.09,0.09,0.04,0.04,0.04,0.04,0.04,0.04,0.04,0.05,0.05,0.05,0.05,0.05,0.05,0.05,0.05,0.05,0.05,0.05,0.05,0.05,0.05,0.05,0.05,0.05,0.05,0.05,0.05,0.05,0.05,0.05,0.05,0.05,0.05,0.05,0.05,0.05,0.05,0.05
{'749'} FileDesc_server(MB): min(0.04) max(0.09) average(0.05)
{'1263'} VirtualEvent(MB): 0.09,0.09,0.09,0.09,0.09,0.09,0.09,0.09,0.09,0.09,0.09,0.09,0.09,0.09,0.09,0.09,0.09,0.09,0.09,0.09,0.09,0.09,0.09,0.09,0.09,0.09,0.09,0.09,0.09,0.09,0.09,0.09,0.09,0.09,0.09,0.09,0.09,0.09,0.09,0.09,0.09,0.09,0.09,0.09
{'1263'} VirtualEvent(MB): min(0.09) max(0.09) average(0.09)
{'753'} coocaa_guard(MB): 0.08,0.08,0.08,0.08,0.08,0.08,0.08,0.08,0.08,0.08,0.08,0.08,0.08,0.08,0.08,0.08,0.08,0.08,0.08,0.08,0.08,0.08,0.08,0.08,0.08,0.08,0.08,0.08,0.08,0.08,0.08,0.08,0.08,0.08,0.08,0.08,0.08,0.08,0.08,0.08,0.08,0.08,0.08,0.08
{'753'} coocaa_guard(MB): min(0.08) max(0.08) average(0.08)
{'512'} ueventd(MB): 0.07,0.07,0.07,0.07,0.07,0.07,0.07,0.07,0.07,0.07,0.07,0.07,0.07,0.07,0.07,0.07,0.07,0.07,0.07,0.07,0.07,0.07,0.07,0.07,0.07,0.07,0.07,0.07,0.07,0.07,0.07,0.07,0.07,0.07,0.07,0.07,0.07,0.07,0.07,0.07,0.07,0.07,0.07,0.07
{'512'} ueventd(MB): min(0.07) max(0.07) average(0.07)
{'1635'} busybox(MB): 0.05,0.05,0.05,0.05,0.05,0.05,0.04,0.04,0.04,0.04,0.04,0.04,0.04,0.04,0.04,0.04,0.04,0.04,0.04,0.04,0.04,0.04,0.04,0.04,0.04,0.04,0.04,0.04,0.04,0.04,0.04,0.04,0.04,0.04,0.04,0.04,0.04,0.04,0.04,0.04,0.04,0.04,0.04,0.04
{'1635'} busybox(MB): min(0.04) max(0.05) average(0.04)
{'735'} servicemanager(MB): 0.05,0.05,0.05,0.05,0.05,0.05,0.05,0.05,0.05,0.05,0.05,0.05,0.05,0.05,0.05,0.05,0.05,0.05,0.05,0.05,0.05,0.05,0.05,0.05,0.05,0.05,0.05,0.05,0.05,0.05,0.05,0.05,0.05,0.05,0.05,0.05,0.05,0.05,0.05,0.05,0.05,0.05,0.05,0.05
{'735'} servicemanager(MB): min(0.05) max(0.05) average(0.05)
{'1111'} RootApp(MB): 0.05,0.05,0.05,0.05,0.05,0.05,0.05,0.05,0.05,0.05,0.05,0.05,0.05,0.05,0.05,0.05,0.05,0.05,0.05,0.05,0.05,0.05,0.05,0.05,0.05,0.05,0.05,0.05,0.05,0.05,0.05,0.05,0.05,0.05,0.05,0.05,0.05,0.05,0.05,0.05,0.05,0.05,0.05,0.05
{'1111'} RootApp(MB): min(0.05) max(0.05) average(0.05)
{'1106'} logwrapper(MB): 0.04,0.04,0.04,0.04,0.04,0.04,0.04,0.04,0.04,0.04,0.04,0.04,0.04,0.04,0.04,0.04,0.04,0.04,0.04,0.04,0.04,0.04,0.04,0.04,0.04,0.04,0.04,0.04,0.04,0.04,0.04,0.04,0.04,0.04,0.04,0.04,0.04,0.04,0.04,0.04,0.04,0.04,0.04,0.04
{'1106'} logwrapper(MB): min(0.04) max(0.04) average(0.04)
{'740'} keypad(MB): 0.04,0.04,0.04,0.04,0.04,0.04,0.04,0.04,0.04,0.04,0.04,0.04,0.04,0.04,0.04,0.04,0.04,0.04,0.04,0.04,0.04,0.04,0.04,0.04,0.04,0.04,0.04,0.04,0.04,0.04,0.04,0.04,0.04,0.04,0.04,0.04,0.04,0.04,0.04,0.04,0.04,0.04,0.04,0.04
{'740'} keypad(MB): min(0.04) max(0.04) average(0.04)
{'738'} hardwared(MB): 0.02,0.02,0.02,0.02,0.02,0.02,0.02,0.02,0.02,0.02,0.02,0.02,0.02,0.02,0.02,0.02,0.02,0.02,0.02,0.02,0.02,0.02,0.02,0.02,0.02,0.02,0.02,0.02,0.02,0.02,0.02,0.02,0.02,0.02,0.02,0.02,0.02,0.02,0.02,0.02,0.02,0.02,0.02,0.02
{'738'} hardwared(MB): min(0.02) max(0.02) average(0.02)
{'747'} installd(MB): 0.01,0.01,0.01,0.01,0.01,0.01,0.01,0.01,0.01,0.01,0.01,0.01,0.01,0.01,0.01,0.01,0.01,0.01,0.01,0.01,0.01,0.01,0.01,0.01,0.01,0.01,0.01,0.01,0.01,0.01,0.01,0.01,0.01,0.01,0.01,0.01,0.01,0.01,0.01,0.01,0.01,0.01,0.01,0.01
{'747'} installd(MB): min(0.01) max(0.01) average(0.01)
{'742'} debuggerd(MB): 0.01,0.01,0.01,0.01,0.01,0.01,0.01,0.01,0.01,0.01,0.01,0.01,0.01,0.01,0.01,0.01,0.01,0.01,0.01,0.01,0.01,0.01,0.01,0.01,0.01,0.01,0.01,0.01,0.01,0.01,0.01,0.01,0.01,0.01,0.01,0.01,0.01,0.01,0.01,0.01,0.01,0.01,0.01,0.01
{'742'} debuggerd(MB): min(0.01) max(0.01) average(0.01)
{'1266'} smobsd(MB): 0.01,0.01,0.01,0.01,0.01,0.01,0.01,0.01,0.01,0.01,0.01,0.01,0.01,0.01,0.01,0.01,0.01,0.01,0.01,0.01,0.01,0.01,0.01,0.01,0.01,0.01,0.01,0.01,0.01,0.01,0.01,0.01,0.01,0.01,0.01,0.01,0.01,0.01,0.01,0.01,0.01,0.01,0.01,0.01
{'1266'} smobsd(MB): min(0.01) max(0.01) average(0.01)
{'8619'} ps(MB): 0.00,0.00
{'8619'} ps(MB): min(0.0) max(0.0) average(0.0)
