usr: 42,31,48,53,37,32,44,39,50,40,43,44,60,54,53,47,52,57,56,28,23,44,45,32,32,24,7,47,15,81,14,38,40,46,72,43,5,45,27,65,25,62,62,44,40,32,69,50,60,26,52,61,40,45,60,44,52,46,26,35,45,29,59,88,51,64,16,24,17,54,28,74,65,62,56,66,36
usr: min(5.0) max(88.0) average(44.42)
sys: 15,35,42,38,28,12,37,18,22,38,24,19,15,35,20,37,17,22,25,22,26,15,29,22,32,24,11,32,15,16,20,28,34,24,26,15,21,35,16,23,23,27,30,36,22,21,22,16,37,28,26,25,24,28,16,30,18,31,19,25,31,27,30,6,22,18,26,16,13,30,18,20,19,22,26,29,32
sys: min(6.0) max(42.0) average(24.34)
nic: 0,0,2,0,0,0,0,0,0,0,0,0,0,0,0,0,0,0,0,0,0,0,0,0,0,0,0,0,0,0,0,0,0,0,0,0,0,0,0,0,0,0,0,0,0,0,0,0,0,0,0,0,0,0,0,0,0,0,0,0,0,0,0,0,0,0,0,0,0,0,0,0,0,0,0,0,0
nic: min(0.0) max(2.0) average(0.03)
idle: 42,33,2,1,18,53,16,39,24,16,28,36,23,6,24,9,21,16,13,49,45,37,22,42,25,47,80,16,60,0,62,30,21,26,0,39,72,11,56,8,42,6,2,8,33,40,6,26,0,44,11,10,28,23,14,20,22,19,53,33,19,35,4,3,22,16,57,58,69,15,53,0,9,9,3,1,25
idle: min(0.0) max(80.0) average(26.05)
io: 0,0,0,1,13,0,0,0,0,0,1,0,0,0,0,3,0,0,0,0,0,0,0,0,5,0,0,0,0,0,1,0,0,2,0,0,0,5,0,0,0,0,0,0,0,0,0,0,0,0,0,0,2,0,0,0,0,0,0,0,0,0,0,0,0,0,0,0,0,0,0,0,0,0,6,0,0
io: min(0.0) max(13.0) average(0.51)
irq: 0,0,0,0,0,0,0,0,0,0,0,0,0,0,0,0,0,0,0,0,0,0,0,0,0,0,0,0,0,0,0,0,0,0,0,0,0,0,0,0,0,0,0,0,0,0,0,0,0,0,0,0,0,0,0,0,0,0,0,0,0,0,0,0,0,0,0,0,0,0,0,0,0,0,0,0,0
irq: min(0.0) max(0.0) average(0.0)
sirq: 0,0,4,3,1,2,1,2,1,4,1,0,0,4,2,1,8,3,3,0,4,2,2,4,5,3,0,3,7,1,0,1,3,0,2,1,0,1,0,2,9,3,6,10,4,5,1,5,1,2,9,2,6,2,8,4,5,2,0,5,3,8,6,1,4,0,0,0,0,0,0,6,5,5,6,1,5
sirq: min(0.0) max(10.0) average(2.86)
{'2143'} com.ccos.tv.homepage: 27,29,39,56,17,27,31,23,25,33,36,23,50,44,51,27,46,37,47,21,15,39,30,38,25,9,0,25,16,57,0,42,27,39,58,30,0,38,23,51,19,38,50,35,29,25,47,43,49,22,36,42,36,24,55,24,51,26,25,18,23,23,49,76,30,58,0,21,2,45,22,63,62,49,67,38,19
{'2143'} com.ccos.tv.homepage: min(0.0) max(76.0) average(33.66)
{'1349'} system_server: 24,2,37,0,23,0,24,4,25,0,11,21,2,19,2,22,0,24,18,2,23,2,22,0,0,23,0,24,2,21,11,0,23,0,22,2,2,25,2,23,0,22,15,0,23,4,22,0,23,2,26,31,2,28,2,26,0,23,2,23,23,4,18,0,26,2,21,0,22,21,0,18,0,23,0,24,25
{'1349'} system_server: min(0.0) max(37.0) average(12.83)
{'2460'} com.tianci.de: 2,4,2,10,6,4,4,2,6,4,4,6,2,2,6,4,6,6,4,2,2,4,9,8,7,2,4,5,2,4,2,4,2,4,6,6,2,4,4,6,15,5,6,2,4,4,3,8,2,6,6,4,2,2,6,7,4,4,2,4,2,9,5,5,6,2,2,2,2,6,2,4,6,6,7,7,2
{'2460'} com.tianci.de: min(2.0) max(15.0) average(4.47)
{'6874', '7062', '7325', '7716', '7773', '8605', '7931', '7148', '7385', '7303', '7556', '8281', '7196', '7344', '8109', '7449', '7422', '6909', '6850', '7654', '8889', '8139', '8345', '7900', '7617', '8758', '8822', '8420', '7234', '7971', '8463', '8160', '8490', '6932', '8235', '8580', '8642', '8700', '8858', '8997', '8306', '7173', '8726', '8447', '8255', '7833', '7744', '8794', '8665', '6966', '6819', '6994', '7688', '7366', '8396', '8545', '8933', '7493', '8206', '8364', '7033', '8011', '8962', '7268', '8521', '8048', '7870', '8077', '8186', '7127', '7525', '7806', '6786', '6759'} 1-ntopbusybox: 2,4,2,4,2,2,4,2,4,2,4,2,4,2,4,4,4,2,2,2,4,5,4,4,4,2,2,4,2,4,4,2,2,2,2,5,4,4,4,3,4,2,4,2,3,4,4,4,4,4,2,2,4,2,4,4,2,2,4,5,5,4,2,2,2,2,6,2,4,2,2,3,4,6
{'6874', '7062', '7325', '7716', '7773', '8605', '7931', '7148', '7385', '7303', '7556', '8281', '7196', '7344', '8109', '7449', '7422', '6909', '6850', '7654', '8889', '8139', '8345', '7900', '7617', '8758', '8822', '8420', '7234', '7971', '8463', '8160', '8490', '6932', '8235', '8580', '8642', '8700', '8858', '8997', '8306', '7173', '8726', '8447', '8255', '7833', '7744', '8794', '8665', '6966', '6819', '6994', '7688', '7366', '8396', '8545', '8933', '7493', '8206', '8364', '7033', '8011', '8962', '7268', '8521', '8048', '7870', '8077', '8186', '7127', '7525', '7806', '6786', '6759'} 1-ntopbusybox: min(2.0) max(6.0) average(3.2)
{'2560'} com.tianci.movieplatform: 0,0,0,0,0,0,0,0,0,0,0,0,0,0,0,0,0,0,0,0,0,0,0,0,2,0,0,2,0,2,0,0,0,0,0,0,0,0,0,0,0,0,0,0,0,0,0,0,0,0,0,0,0,0,0,0,0,0,0,0,0,0,0,0,0,0,0,0,0,0,0,0,0,0,0,0,0
{'2560'} com.tianci.movieplatform: min(0.0) max(2.0) average(0.08)
{'1590'} com.tianci.system: 0,0,0,0,0,0,0,0,2,0,0,0,0,0,0,0,0,2,2,2,0,0,0,0,0,0,0,0,0,0,0,0,0,0,0,0,0,0,0,0,0,0,0,2,0,0,0,0,0,0,0,0,0,0,0,0,0,2,0,0,0,0,0,0,0,0,0,0,0,0,0,0,0,0,0,0,0
{'1590'} com.tianci.system: min(0.0) max(2.0) average(0.16)
{'2828'} com.tianci.user: 0,0,0,0,0,0,0,0,0,0,0,0,0,0,0,0,0,0,0,0,0,0,0,0,0,0,0,0,0,0,0,0,0,0,0,0,0,0,0,0,0,0,0,0,0,0,0,0,0,0,0,0,0,0,0,0,0,0,0,0,0,0,0,0,0,0,0,0,0,0,0,0,0,0,0,0,0
{'2828'} com.tianci.user: min(0.0) max(0.0) average(0.0)
{'2726'} com.tianci.ad: 0,0,0,0,0,0,0,0,0,0,0,0,0,0,0,0,0,0,0,0,0,0,0,0,0,0,0,0,0,0,0,0,0,0,0,0,0,0,0,0,0,0,0,0,0,0,0,0,0,0,0,0,0,0,0,0,0,0,0,0,0,0,0,0,0,0,0,0,0,0,0,0,0,0,0,0,0
{'2726'} com.tianci.ad: min(0.0) max(0.0) average(0.0)
{'1867'} com.coocaa.os.ccosservice: 0,0,0,0,0,0,0,0,2,0,0,0,0,0,0,0,0,2,0,0,0,0,0,0,0,0,0,0,0,0,0,0,0,0,0,0,0,0,0,0,0,0,0,0,0,0,0,0,0,0,0,0,0,0,0,0,0,0,0,0,0,0,0,0,0,0,0,0,0,0,0,0,0,0,0,0,0
{'1867'} com.coocaa.os.ccosservice: min(0.0) max(2.0) average(0.05)
{'1720'} com.tianci.push: 0,0,0,0,0,0,0,0,0,0,0,0,0,0,0,0,0,0,0,0,0,0,0,0,0,0,0,0,0,0,0,0,0,0,0,0,0,0,0,0,0,0,0,0,0,0,0,0,0,0,0,0,0,0,0,0,0,0,0,0,0,0,0,0,0,0,0,0,0,0,0,0,0,0,0,0,0
{'1720'} com.tianci.push: min(0.0) max(0.0) average(0.0)
{'3333'} com.tianci.ad:adUpgrade: 0,0,0,0,0,0,0,0,0,0,0,0,0,0,0,0,0,0,0,0,0,0,0,0
{'3333'} com.tianci.ad:adUpgrade: min(0.0) max(0.0) average(0.0)
{'2327'} com.coocaa.sysreport: 0,0,0,0,0,0,0,0,0,0,0,0,0,0,0,0,0,0,0,0,0,0,0,0,0,0,0,0,0,0,0,0,0,0,0,0,0,0,0,0,0,0,0,0,0,0,0,0,0,0,0,0,0,0,0,0,0,0,0,0,0,0,0,0,0,0,0,0,0,0,0,0,0,0,0,0,0
{'2327'} com.coocaa.sysreport: min(0.0) max(0.0) average(0.0)
{'2298'} com.coocaa.os.softsettings.provide: 0,0,0,0,0,0,0,0,0,0,0,0,0,0,0,0,0,0,0,0,0,0,0,0,0,0,0,0,0,0,0,0,0,0,0,0,0,0,0,0,0,0,0,0,0,0,0,0,0,0,0,0,0,0,0,0,0,0,0,0,0,0,0,0,0,0,0,0,0,0,0,0,0,0,0,0
{'2298'} com.coocaa.os.softsettings.provide: min(0.0) max(0.0) average(0.0)
{'1581'} com.dunn.instrument: 0,0,0,0,0,0,0,2,0,0,0,0,0,0,0,0,0,0,0,0,0,0,0,0,0,0,0,0,0,0,0,0,0,0,0,0,0,0,0,0,0,0,0,0,0,0,0,0,0,0,0,0,0,0,0,0,0,0,0,0,0,0,0,0,0,0,0,0,0,0,0,0
{'1581'} com.dunn.instrument: min(0.0) max(2.0) average(0.03)
{'2647'} android.process.media: 0,0,0,0,0,0,0,0,0,0,0,0,0,0,0,0,0,0,0,0,0,0,0,0,0,0,0,0,0,0,0,0,0,0,0,0,0,0,0,0,0,0,0,0,0,0,0,0,0,0,0,0,0,0,0,0,0,0,0,0,0,0,0,0
{'2647'} android.process.media: min(0.0) max(0.0) average(0.0)
{'1799'} com.dunn.i/system/binapp_process: 0,0,0,0,0,0,0,0,0,0,0,0,0,0,0,0,0,0,0,0,0,0,0,0,0,0,0,0,0,0,0,0,0,0,0,0,0,0,0,0,0,0,0,0,0,0,0,0,0,0,0
{'1799'} com.dunn.i/system/binapp_process: min(0.0) max(0.0) average(0.0)
{'744'} /-Xzygote/bin/app_processzygote: 0,0,0,0,0,0,0,0,0,0,0,0,0,0,0,0,0,0,0,0,0,0,0,0,0,0,0,0,0,0,0,0,0
{'744'} /-Xzygote/bin/app_processzygote: min(0.0) max(0.0) average(0.0)
{'1118'} 2706104320TvServer: 0,2,2,2,2,4,0,2,2,2,2,2,2,2,4,2,4,2,0,2,0,4,0,0,4,2,2,0,0,2,0,2,2,2,4,0,4,2,0,2,0,2,2,0,0,2,2,2,3,2,0,0,0,2,2,0,2,2,0,0,2
{'1118'} 2706104320TvServer: min(0.0) max(4.0) average(1.59)
{'743'} /system/bin/surfaceflinger: 0,2,2,4,6,2,2,0,2,4,2,0,4,4,3,2,2,0,0,2,2,6,0,0,4,4,2,7,2,0,6,0,4,2,6,2,0,4,2,4,2,4,8,5,0,0,0,4,2,4,0,3,4,4
{'743'} /system/bin/surfaceflinger: min(0.0) max(8.0) average(2.59)
{'746'} /system/bin/mediaserver: 0,0,0,0,0,0,0,0,0,0
{'746'} /system/bin/mediaserver: min(0.0) max(0.0) average(0.0)
{'1439'} /sbin/adbd: 6,6,10,4,4,2,8,2,9,7,6,2,4,6,2,2,2,2,2,2,2,7,7,2,2,2,6,6,2,2,4,4,3,7,12,4,8,3,4,8,6,4,4,6,4,6,6,6,4,2,4,6,4,7,4,2,2,4,6,4,9,4
{'1439'} /sbin/adbd: min(2.0) max(12.0) average(4.63)
{'2093'} long-vlogcat: 4,6,8,4,2,6,6,2,18,7,8,2,10,6,2,4,2,2,2,5,5,2,4,6,4,2,2,2,2,7,6,18,2,2,2,6,6,2,2,4,2,7,6,6,9,9,2,6,4,3,2,8,2,2,2,6,4,7,2
{'2093'} long-vlogcat: min(2.0) max(18.0) average(4.76)
{'31'} [kworker/2:1]: 2,2,2,2,2,2,2,2,2,2,2,2,2
{'31'} [kworker/2:1]: min(2.0) max(2.0) average(2.0)
{'457'} [mmcqd/0]: 2,4,2,2,7,2,4,6,2,4,4,2,2,4,2,2,2,2,2,4,3,2,2,2,2
{'457'} [mmcqd/0]: min(2.0) max(7.0) average(2.88)
{'10'} [rcu_preempt]: 2,2,2,2,2,2,2
{'10'} [rcu_preempt]: min(2.0) max(2.0) average(2.0)
{'17'} [ksoftirqd/2]: 2,2
{'17'} [ksoftirqd/2]: min(2.0) max(2.0) average(2.0)
{'740'} /system/bin/keypad: 2,2,2,2
{'740'} /system/bin/keypad: min(2.0) max(2.0) average(2.0)
{'349'} [kswapd0]: 2,2,3
{'349'} [kswapd0]: min(2.0) max(3.0) average(2.33)
{'8'} [kworker/u:0H]: 2,2
{'8'} [kworker/u:0H]: min(2.0) max(2.0) average(2.0)
{'32'} [kworker/3:1]: 2,2,2,2,2,2,2,4,2,2,2
{'32'} [kworker/3:1]: min(2.0) max(4.0) average(2.18)
{'33'} [kworker/0:1]: 2,4,9,2,4,2,2,2,2,2,2,6,2,2,2,2,4,2,2,2
{'33'} [kworker/0:1]: min(2.0) max(9.0) average(2.85)
{'7'} [kworker/u:0]: 2,2,2,2,2
{'7'} [kworker/u:0]: min(2.0) max(2.0) average(2.0)
{'286'} [kworker/u:2]: 2,2,2,2,2,2
{'286'} [kworker/u:2]: min(2.0) max(2.0) average(2.0)
{'1505'} -ip2p0/system/bin/wpa_supplicant: 2
{'1505'} -ip2p0/system/bin/wpa_supplicant: min(2.0) max(2.0) average(2.0)
{'703'} [kworker/3:1H]: 2
{'703'} [kworker/3:1H]: min(2.0) max(2.0) average(2.0)
{'1263'} VirtualEvent: 0,0,0,0,0,0
{'1263'} VirtualEvent: min(0.0) max(0.0) average(0.0)
{'30'} [kworker/1:1]: 2,2,2,2,2,2,2,2
{'30'} [kworker/1:1]: min(2.0) max(2.0) average(2.0)
{'13'} [ksoftirqd/1]: 2
{'13'} [ksoftirqd/1]: min(2.0) max(2.0) average(2.0)
{'1605'} [RTW_CMD_THREAD]: 2,2,2,2
{'1605'} [RTW_CMD_THREAD]: min(2.0) max(2.0) average(2.0)
{'6325'} [kworker/u:1H]: 2,2,2,2,2,2
{'6325'} [kworker/u:1H]: min(2.0) max(2.0) average(2.0)
{'27'} [kworker/u:1]: 2,2,2,2
{'27'} [kworker/u:1]: min(2.0) max(2.0) average(2.0)
{'2'} [hw_watchdog]: 2
{'2'} [hw_watchdog]: min(2.0) max(2.0) average(2.0)
