usr: 26,18,38,24,58,51,68,51,65,48,69,58,70,66,47,67,9,26,49,68,61,20,17,28,15,16,43,60,28,42,46,55,26,50,52,24,11,23,11,51,20,35,39,10,37,10,24,40,33,27,15,30,34,25,14,44,14,30,31,15,26,13,25,15,26,22,31,16,14,49,32,45,59,58
usr: min(9.0) max(70.0) average(35.31)
sys: 50,32,24,14,18,38,31,31,15,38,18,31,26,31,23,23,34,26,38,28,37,50,17,34,22,25,31,29,15,30,40,37,51,28,26,38,20,12,20,26,22,33,30,18,19,18,24,16,26,33,29,21,18,23,16,38,18,19,29,26,33,20,27,20,21,16,29,22,22,36,18,47,32,34
sys: min(12.0) max(51.0) average(27.16)
nic: 0,0,14,14,0,2,0,0,0,0,2,0,0,0,0,0,0,0,0,0,0,0,0,0,0,0,0,1,0,0,1,0,0,0,0,0,0,0,0,0,0,0,3,0,0,0,0,0,0,0,0,0,0,0,0,0,0,0,0,0,0,0,0,0,0,1,0,0,0,1,0,0,0,3
nic: min(0.0) max(14.0) average(0.57)
idle: 5,26,10,44,18,2,0,3,19,8,6,3,1,0,7,3,51,31,1,0,0,4,50,30,43,39,5,1,56,15,5,0,8,8,12,24,66,64,68,19,54,29,22,69,43,72,48,42,37,37,54,48,48,49,64,18,67,47,38,58,37,66,42,62,50,53,39,61,61,5,40,0,0,1
idle: min(0.0) max(72.0) average(29.95)
io: 17,20,10,2,4,4,0,11,0,6,4,5,0,1,19,0,3,15,5,0,0,20,9,0,15,18,15,0,0,0,0,0,9,8,4,12,0,0,0,0,0,0,0,0,0,0,0,0,0,0,0,0,0,0,0,0,0,0,0,0,0,0,0,0,0,0,0,0,0,5,2,4,0,1
io: min(0.0) max(20.0) average(3.35)
irq: 0,0,0,0,0,0,0,0,0,0,0,0,0,0,0,0,0,0,0,0,0,0,0,0,0,0,0,0,0,0,0,0,0,0,0,0,0,0,0,0,0,0,0,0,0,0,0,0,0,0,0,0,0,0,0,0,0,0,0,0,0,0,0,0,0,0,0,0,0,0,0,0,0,0
irq: min(0.0) max(0.0) average(0.0)
sirq: 0,1,2,0,0,2,0,1,0,0,0,0,1,0,1,5,0,0,4,4,1,4,3,5,2,0,3,5,0,11,5,6,3,4,5,0,1,0,0,1,2,1,3,2,0,0,2,0,1,1,0,0,0,1,3,0,0,2,0,0,1,0,4,1,2,5,0,0,1,1,8,1,7,0
sirq: min(0.0) max(11.0) average(1.74)
{'1349'} system_server: 21,0,24,0,25,0,16,3,24,22,2,20,2,24,2,15,0,22,9,24,17,23,6,25,0,21,0,19,0,19,2,27,0,26,4,20,0,21,0,15,25,7,26,0,22,0,22,0,20,22,0,23,0,23,0,20,0,24,13,0,23,0,25,0,20,0,23,0,2,19,2,15,9,16
{'1349'} system_server: min(0.0) max(27.0) average(12.18)
{'457'} [mmcqd/0]: 17,11,4,4,12,17,11,18,6,10,7,13,11,7,4,9,5,9,19,16,2,7,7,4,4,11,4,10,4,5
{'457'} [mmcqd/0]: min(2.0) max(19.0) average(8.93)
{'1868'} com.coocaa.os.ccosservice: 10,0,0,2,0,0,0,2,0,0,0,0,0,0,0,0,0,0,0,0,0,0,0,0,0,0,0,0,0,0,0,0,0,0,0,0,0,0,0,0,0,0,0,0,0,0,0,0,0,0,0,0,0,0,0,0,0,0,0,0,0,0,0,0,0,0,0,0,0,0,0,0,0
{'1868'} com.coocaa.os.ccosservice: min(0.0) max(10.0) average(0.19)
{'2359'} com.ccos.tv.homepage: 8,0,0,0,0,0,0,0,0,0,0,0,0,0,0,0,0,0,0,0,0,0,0,0,0,0,0,0,0,0,0,0,0,0,0,0
{'2359'} com.ccos.tv.homepage: min(0.0) max(8.0) average(0.22)
{'1440'} /sbin/adbd: 4,2,2,2,2,2,2,2,2,3,2,2,2,2,3,1,4,2,2,4,2,4,2,3,4,2,2,2,2,2,2,2,2,2,5,6,5
{'1440'} /sbin/adbd: min(1.0) max(6.0) average(2.59)
{'3627'} long-vlogcat: 4,2,2,2,2,2,1,2,2,2,2,2,2,2,2,2,2,2,2
{'3627'} long-vlogcat: min(1.0) max(4.0) average(2.05)
{'5617', '5817', '6164', '6755', '4990', '7666', '5207', '6214', '5087', '5914', '4784', '5755', '6652', '7283', '7057', '6270', '4717', '6870', '4831', '5416', '6059', '6426', '7026', '7186', '7098', '6891', '7309', '5526', '6339', '6714', '7553', '6955', '5346', '6303', '6831', '7162', '4940', '4893', '5022', '5970', '7215', '7492', '5651', '7376', '5719', '6627', '6918', '7130', '6458', '5477', '6484', '7341', '5138', '6364', '6789', '6120', '6584', '5050', '5556', '4669', '6397', '6993', '7421', '4633', '5859', '6015', '5688', '6552', '6687', '7247', '6514', '7716'} 1-ntopbusybox: 4,2,4,4,2,4,2,3,2,2,2,2,3,4,3,4,5,4,3,4,2,2,2,3,4,4,2,4,4,3,2,4,4,4,4,2,2,3,2,4,2,4,7,4,4,4,4,2,2,2,4,2,4,4,2,4,2,2,2,4,4,4,4,2,4,2,2,2,2,7,4,5
{'5617', '5817', '6164', '6755', '4990', '7666', '5207', '6214', '5087', '5914', '4784', '5755', '6652', '7283', '7057', '6270', '4717', '6870', '4831', '5416', '6059', '6426', '7026', '7186', '7098', '6891', '7309', '5526', '6339', '6714', '7553', '6955', '5346', '6303', '6831', '7162', '4940', '4893', '5022', '5970', '7215', '7492', '5651', '7376', '5719', '6627', '6918', '7130', '6458', '5477', '6484', '7341', '5138', '6364', '6789', '6120', '6584', '5050', '5556', '4669', '6397', '6993', '7421', '4633', '5859', '6015', '5688', '6552', '6687', '7247', '6514', '7716'} 1-ntopbusybox: min(2.0) max(7.0) average(3.21)
{'2583'} com.tianci.de: 2,2,2,4,2,2,2,5,2,0,2,0,0,2,4,3,2,2,3,3,2,4,4,10,7,5,9,12,2,2,7,8,1,10,11,6,0,2,0,2,2,4,4,2,5,2,2,6,5,8,2,2,2,2,4,4,4,2,6,4,4,2,4,6,2,4,4,4,4,2,2,3,4,5
{'2583'} com.tianci.de: min(0.0) max(12.0) average(3.65)
{'900'} 2705530880TvServer: 2,2,0,4,2,0,2,2,2,2,3,4,6,3,1,7,4,2,5,3,2,8,4,4,2,1,4,1,2,2,0,2,5,2,4,2,2,3,4,4,2,2,6,2,2,2,2,2,4,4,2,6,2,4,2,2,4,4,4,2,2,4,3,6
{'900'} 2705530880TvServer: min(0.0) max(8.0) average(2.95)
{'1604'} [kworker/1:2]: 2,2,1,2
{'1604'} [kworker/1:2]: min(1.0) max(2.0) average(1.75)
{'13'} [ksoftirqd/1]: 2
{'13'} [ksoftirqd/1]: min(2.0) max(2.0) average(2.0)
{'1589'} com.tianci.system: 0,0,0,0,0,0,0,3,0,0,0,0,0,0,0,0,0,0,0,0,0,0,0,2,0,0,0,0,0,0,0,0,0,0,1,0,0,0,0,0,0,0,0,0,0,0,0,0,0,0,2,0,0,0,0,0,0,0,2,0,0,0,0,0,0,0,0,0,0,0,0,0,0,0
{'1589'} com.tianci.system: min(0.0) max(3.0) average(0.14)
{'4128'} com.coocaa.emergencywarning: 0,0,0,0,0,0,0
{'4128'} com.coocaa.emergencywarning: min(0.0) max(0.0) average(0.0)
{'2831'} com.tianci.ad: 0,0,0,0,0,0,0,3,0,0,0,0,0,0,0,0,0,0,3,16,20,0,0,6,0,0,0,0,0,0,0,0,0,0,0,0,0,0,0,0,0,0,0,0,0,0,0,0,0,0,0,0,0,0,0,0,0,0,0,0,0,0,0,0,0,0,0,0,0,0,0,0,0,0
{'2831'} com.tianci.ad: min(0.0) max(20.0) average(0.65)
{'1733'} com.tianci.push: 0,0,0,0,0,0,0,3,0,0,0,0,0,0,0,2,0,0,0,0,0,0,0,0,0,0,0,0,0,0,0,0,0,0,2,0,0,0,0,0,0,0,0,0,0,0,0,0,0,0,0,0,0,2,0,0,0,0,0,0,0,0,0,0,0,0,0,0,0,0,0,0
{'1733'} com.tianci.push: min(0.0) max(3.0) average(0.12)
{'2886', '7459'} com.tianci.user: 0,0,0,2,0,0,0,3,0,0,0,0,0,0,0,0,0,0,0,0,0,0,0,0,0,0,0,0,0,0,0,2,0,0,18,5,10,0
{'2886', '7459'} com.tianci.user: min(0.0) max(18.0) average(1.05)
{'2463'} com.coocaa.sysreport: 0,0,0,0,0,8,2,3,0,0,2,0,2,0,0,0,0,0,0,0,0,0,0,0,13,0,0,0,6,0,0,0,0,0,0,0,0,0,0,0,2,0,0,0,0,0,0,0,0,0,0,0,0,0,0,0,0,0,0,0,0,0,0,0,0,0,0,0,0,2,0
{'2463'} com.coocaa.sysreport: min(0.0) max(13.0) average(0.56)
{'3324'} com.tianci.ad:adUpgrade: 0,0,0,0,0,0,0,5,0,0,0,0,0,0,0,0,0,0,0,0,0,0,0,0,0,0,0,0,0,0,0,0,0,0,0,0,0,0,0,0,0,0,0,0,0,0,0,0,0,0,0,0,0,0,0,0,0,0,0,0,0,0,0,0,0
{'3324'} com.tianci.ad:adUpgrade: min(0.0) max(5.0) average(0.08)
{'2253'} com.coocaa.os.softsettings.provide: 0,0,0,0,0,0,0,3,0,0,0,0,0,0,0,0,0,0,0,0,0,0,0,0,0,0,0,0,0,0,0,0,0,0,0,0,0,0,0,0,0,0,0,0,0,0,0,0,0,0,0,0,0,0,0,0,0,0,0,0,5,0
{'2253'} com.coocaa.os.softsettings.provide: min(0.0) max(5.0) average(0.13)
{'2764'} android.process.media: 0,0,0,0,0,0,5,0,0,0,0,0,0,0,0,0,0,0,0,0,0,0,0,0,0,0,0,0,0,0,0,0,0,0,0,0,0,0,0,0,0,0,0,0,0,0,0,0,0,0,0,0,0,0,0,0,0,0
{'2764'} android.process.media: min(0.0) max(5.0) average(0.09)
{'4651'} com.tianci.movieplatform: 13,37,33,40,50,50,24,48,34,51,27,41,41,23,42,2,2,22,21,15,2,2,0,2,2,20,42,25,33,26,40,2,26,30,2,4,4,4,25,4,17,25,8,8,4,4,27,4,4,6,2,4,2,7,24,8,2,4,4,6,4,6,4,6,13,6,6,2,33,14,26,20,10
{'4651'} com.tianci.movieplatform: min(0.0) max(51.0) average(16.86)
{'1580'} com.dunn.instrument: 0,0,0,0,0,3,0,0,0,0,0,0,2,0,0,0,0,0,0,0,0,0,0,0,0,0,0,0,0,0,0,0,0,0,0,0,0,0,0,0,0,0,0,0,0,0,0,0,0,0,0
{'1580'} com.dunn.instrument: min(0.0) max(3.0) average(0.1)
{'1777'} com.dunn.i/system/binapp_process: 0,0,0,0,0,0,0,0,0,0,0,0,0,0,0,0,0,0,0,0,0,0,0,0,0,0,0,0,0,0,0,0,0,0,0,0,0,0,0,0,0,0,0,0
{'1777'} com.dunn.i/system/binapp_process: min(0.0) max(0.0) average(0.0)
{'746'} /-Xzygote/bin/app_processzygote: 0,0,0,0,0,0,0,0,0,0,0,0,0,0,0,0,0,0,0,0,0,0,0,0,0,0,0,0
{'746'} /-Xzygote/bin/app_processzygote: min(0.0) max(0.0) average(0.0)
{'739'} /system/bin/vold: 2
{'739'} /system/bin/vold: min(2.0) max(2.0) average(2.0)
{'349'} [kswapd0]: 2,8,3,3,2,2,1,2,2,1,1,2,1,2
{'349'} [kswapd0]: min(1.0) max(8.0) average(2.29)
{'31'} [kworker/2:1]: 2,2
{'31'} [kworker/2:1]: min(2.0) max(2.0) average(2.0)
{'4'} [ksoftirqd/0]: 2,1
{'4'} [ksoftirqd/0]: min(1.0) max(2.0) average(1.5)
{'27'} [kworker/u:1]: 2,2,2,2,2,2,2
{'27'} [kworker/u:1]: min(2.0) max(2.0) average(2.0)
{'33'} [kworker/0:1]: 2,2,1,2,2
{'33'} [kworker/0:1]: min(1.0) max(2.0) average(1.8)
{'745'} /system/bin/surfaceflinger: 2,2,2,2,2,3,7,7,2,6,8,7,3,4,8,0,10,4,3,2,6,7,6,4,0,4,10,2,7,4,4,3,2,6,6,4,6,4,6,6,4,4,7,4,6,9,6,6,4,4,8,6,4,4,2,0,0,3,4,6
{'745'} /system/bin/surfaceflinger: min(0.0) max(10.0) average(4.53)
{'5085'} com.tianci.movieplatform:daemon: 14,25,18,11,23,14,0,0,0,0,0,0,0,0,0,0,0,0,0,0,0,0,0,0,0,0,0,0,0,0,0,0,0,0,0,0,0,0,0,0,0,0,0,0,0,0,0,0,0,0,0,0,0,0,0,0,0,0,0,0,0,0,0,0
{'5085'} com.tianci.movieplatform:daemon: min(0.0) max(25.0) average(1.64)
{'753'} 1023-g1023-u/system/bin/sdcard: 4,1,2
{'753'} 1023-g1023-u/system/bin/sdcard: min(1.0) max(4.0) average(2.33)
{'748'} /system/bin/mediaserver: 4,6,6,8,6,8,8,6,9,3,2,2,6,7,8,3,8,12,10,4,8,6,8,8,7,9,6,7,10,8,8,9,8,8,10,32,8,9,13,6,10,11,8,9,9,10,9,8,7,8,12,6,2,8,12,11
{'748'} /system/bin/mediaserver: min(2.0) max(32.0) average(8.11)
{'751'} /system/bin/FileDesc_server: 2,1,2,2,1,1,2,2,2,2,2,2,2,2
{'751'} /system/bin/FileDesc_server: min(1.0) max(2.0) average(1.79)
{'863'} /system/rtk_rootfs/usr/logwrapper: 2
{'863'} /system/rtk_rootfs/usr/logwrapper: min(2.0) max(2.0) average(2.0)
{'738'} /system/bin/servicemanager: 1,2,2,2,2,2
{'738'} /system/bin/servicemanager: min(1.0) max(2.0) average(1.83)
{'7'} [kworker/u:0]: 1,2,2,1,2,2,2
{'7'} [kworker/u:0]: min(1.0) max(2.0) average(1.71)
{'17'} [ksoftirqd/2]: 2,1
{'17'} [ksoftirqd/2]: min(1.0) max(2.0) average(1.5)
{'1425'} [kworker/u:2H]: 2
{'1425'} [kworker/u:2H]: min(2.0) max(2.0) average(2.0)
{'1606'} [RTW_CMD_THREAD]: 2,2,2
{'1606'} [RTW_CMD_THREAD]: min(2.0) max(2.0) average(2.0)
{'743'} /system/bin/netd: 2,2
{'743'} /system/bin/netd: min(2.0) max(2.0) average(2.0)
{'2886'} [com.tianci.user]: 2
{'2886'} [com.tianci.user]: min(2.0) max(2.0) average(2.0)
{'1187'} VirtualEvent: 0,0,0,0,0,0,0,0,0,0
{'1187'} VirtualEvent: min(0.0) max(0.0) average(0.0)
{'320'} [kworker/u:1H]: 2,2
{'320'} [kworker/u:1H]: min(2.0) max(2.0) average(2.0)
{'10'} [rcu_preempt]: 2,2,2,2
{'10'} [rcu_preempt]: min(2.0) max(2.0) average(2.0)
{'742'} /system/bin/keypad: 2,2,1
{'742'} /system/bin/keypad: min(1.0) max(2.0) average(1.67)
{'286'} [kworker/u:2]: 2,2,2,1
{'286'} [kworker/u:2]: min(1.0) max(2.0) average(1.75)
{'7523'} com.coocaa.screensaver: 2,15,27
{'7523'} com.coocaa.screensaver: min(2.0) max(27.0) average(14.67)
{'1'} /init: 2
{'1'} /init: min(2.0) max(2.0) average(2.0)
{'32'} [kworker/3:1]: 2
{'32'} [kworker/3:1]: min(2.0) max(2.0) average(2.0)
