total_ram(MB): 452.27,452.27,452.27,452.27,452.27,452.27,452.27,452.27,452.27,452.27,452.27,452.27,452.27,452.27,452.27,452.27,452.27,452.27,452.27,452.27,452.27,452.27,452.27,452.27,452.27,452.27,452.27,452.27,452.27,452.27,452.27,452.27,452.27,452.27,452.27,452.27,452.27,452.27,452.27,452.27
total_ram(MB): min(452.27) max(452.27) average(452.27)
free_ram(MB): 189.46,179.95,160.63,151.57,152.43,157.03,144.01,138.32,133.57,83.42,79.61,80.27,80.73,81.26,128.43,115.99,67.96,68.22,134.82,126.64,126.77,126.80,121.14,122.52,122.80,122.70,122.49,119.41,122.33,121.42,122.15,122.00,120.83,120.62,120.49,120.52,119.93,168.31,112.50,97.61
free_ram(MB): min(67.96) max(189.46) average(122.69)
used_ram(MB): 296.53,266.93,291.33,281.32,293.42,283.64,285.40,290.91,290.66,273.17,275.24,273.03,271.60,270.65,270.10,284.77,268.27,264.80,269.22,216.75,216.32,216.69,221.35,222.22,221.57,222.00,222.07,223.09,223.26,223.55,223.90,224.25,225.11,225.38,225.44,225.13,225.02,231.90,239.81,261.10
used_ram(MB): min(216.32) max(296.53) average(250.92)
lost_ram(MB): -33.71,5.39,0.31,19.38,6.43,11.61,22.86,23.04,28.04,95.68,97.42,98.97,99.94,100.36,53.74,51.52,116.04,119.25,48.23,108.89,109.19,108.78,109.79,107.54,107.91,107.58,107.71,109.78,106.68,107.31,106.22,106.02,106.33,106.27,106.34,106.62,107.32,52.07,99.96,93.56
lost_ram(MB): min(-33.71) max(119.25) average(78.66)
free(MB): 40.48,27.49,8.49,7.47,10.14,2.74,21.68,23.41,15.85,3.07,2.91,4.42,3.38,4.18,39.28,19.15,4.34,9.48,80.96,77.87,76.78,75.59,66.84,67.38,66.59,66.43,65.61,62.45,63.04,62.13,62.50,62.22,60.62,60.38,59.03,59.06,58.47,98.60,17.27,3.24
free(MB): min(2.74) max(98.6) average(40.53)
used_pss(MB): 274.51,241.24,265.47,255.58,267.58,260.89,262.34,267.92,267.79,250.50,252.29,250.16,248.72,247.73,246.87,261.20,245.33,241.83,246.27,193.79,193.27,193.64,198.31,199.18,198.55,199.00,199.07,200.08,200.27,200.58,200.84,201.18,202.04,202.32,202.38,202.08,202.00,208.92,216.53,237.52
used_pss(MB): min(193.27) max(274.51) average(227.64)
kernel(MB): 0.00,0.00,0.00,0.00,0.00,0.00,0.00,0.00,0.00,0.00,0.00,0.00,0.00,0.00,0.00,0.00,0.00,0.00,0.00,0.00,0.00,0.00,0.00,0.00,0.00,0.00,0.00,0.00,0.00,0.00,0.00,0.00,0.00,0.00,0.00,0.00,0.00,0.00,0.00,0.00
kernel(MB): min(0.0) max(0.0) average(0.0)
buffers(MB): 1.47,4.84,4.91,4.72,4.70,1.49,1.59,1.32,1.02,0.58,0.68,0.54,0.54,0.54,0.93,1.15,0.53,0.51,0.50,0.50,0.59,0.59,0.60,0.62,0.62,0.63,0.64,0.66,0.66,0.67,0.79,0.82,0.83,0.83,0.85,0.85,0.86,0.96,1.16,1.25
buffers(MB): min(0.5) max(4.91) average(1.21)
shmem(MB): 0.22,0.22,0.22,0.22,0.22,0.22,0.22,0.22,0.22,0.37,0.42,0.42,0.42,0.45,0.22,0.26,0.24,0.25,0.25,0.27,0.27,0.27,0.27,0.27,0.27,0.27,0.27,0.27,0.27,0.27,0.27,0.27,0.27,0.27,0.27,0.27,0.27,0.06,0.07,0.27
shmem(MB): min(0.06) max(0.45) average(0.26)
slab(MB): 20.33,20.63,20.73,20.80,20.92,21.04,21.24,21.44,21.62,21.72,21.86,21.91,21.93,21.93,22.08,22.15,22.18,22.22,22.20,22.19,22.18,22.19,22.16,22.15,22.12,22.10,22.09,22.08,22.06,22.02,21.99,21.98,21.96,21.96,21.94,21.93,21.89,21.96,22.04,22.07
slab(MB): min(20.33) max(22.22) average(21.8)
total_swap(MB): 96.00,96.00,96.00,96.00,96.00,96.00,96.00,96.00,96.00,96.00,96.00,96.00,96.00,96.00,96.00,96.00,96.00,96.00,96.00,96.00,96.00,96.00,96.00,96.00,96.00,96.00,96.00,96.00,96.00,96.00,96.00,96.00,96.00,96.00,96.00,96.00,96.00,96.00,96.00,96.00
total_swap(MB): min(96.0) max(96.0) average(96.0)
used_swap(MB): 15.52,15.96,16.37,17.14,17.23,17.31,18.51,22.45,21.03,24.98,26.75,27.68,28.06,28.23,28.56,28.25,32.92,36.65,30.25,30.25,30.25,30.24,30.24,30.19,30.19,30.19,30.18,30.18,30.17,30.17,30.14,30.14,29.46,29.46,29.46,29.45,29.45,29.11,29.04,30.16
used_swap(MB): min(15.52) max(36.65) average(27.05)
{'2359'} com.ccos.tv.homepage(MB): 107.33,77.58,74.89,73.20,72.66,72.66,71.62,70.34,67.23,57.95,57.24,56.77,56.74,56.73,56.64,56.64,55.25,54.94,54.70
{'2359'} com.ccos.tv.homepage(MB): min(54.7) max(107.33) average(65.85)
{'1868'} com.coocaa.os.ccosservice(MB): 19.93,20.29,20.48,20.17,20.32,19.42,16.60,15.64,14.61,12.77,11.55,11.52,11.46,11.58,11.56,11.56,11.48,10.91,10.91,11.15,11.15,11.14,11.13,11.40,11.40,11.40,11.41,11.41,11.40,11.40,11.41,11.41,11.41,11.41,11.40,11.41,11.40,11.41,11.34,11.30
{'1868'} com.coocaa.os.ccosservice(MB): min(10.91) max(20.48) average(13.03)
{'2583'} com.tianci.de(MB): 19.37,17.01,16.02,15.68,15.77,15.76,15.03,15.03,14.89,13.85,13.74,13.35,13.01,12.89,12.78,12.78,10.37,9.90,9.90,9.66,9.66,9.66,9.71,9.72,9.72,9.73,9.74,9.86,10.52,10.51,10.51,10.50,10.50,10.50,10.50,10.50,10.50,10.50,10.43,10.29
{'2583'} com.tianci.de(MB): min(9.66) max(19.37) average(12.01)
{'1349'} system(MB): 17.22,16.50,16.48,17.17,17.29,16.68,16.20,15.85,15.85,14.83,15.13,15.22,15.08,15.14,14.98,15.22,14.65,14.07,14.28,14.91,14.85,14.94,15.00,14.99,15.00,15.00,14.70,14.77,14.85,14.97,14.96,14.95,14.95,14.85,14.90,14.96,14.95,14.97,15.30,15.17
{'1349'} system(MB): min(14.07) max(17.29) average(15.29)
{'4128'} com.coocaa.emergencywarning(MB): 16.45,16.33,16.23,11.61
{'4128'} com.coocaa.emergencywarning(MB): min(11.61) max(16.45) average(15.16)
{'1589'} com.tianci.system(MB): 15.37,14.38,13.87,13.29,13.25,13.24,12.65,12.41,11.98,11.14,11.23,11.20,11.19,11.19,11.15,11.21,10.87,10.83,10.83,11.54,11.54,11.35,11.35,11.36,11.36,11.65,11.76,11.76,11.76,11.76,11.97,11.97,11.96,11.96,11.96,11.97,11.97,11.97,11.98,11.97
{'1589'} com.tianci.system(MB): min(10.83) max(15.37) average(11.95)
{'2253'} com.coocaa.os.softsettings.provider(MB): 12.76,8.06,8.05,8.05,8.21,8.21,8.15,8.15,6.44,6.15,5.10,4.97,4.97,4.93,4.85,4.86,4.24,4.15,4.13,4.25,4.25,4.25,4.25,4.25,4.25,4.25,4.25,4.25,4.25,4.25,4.25,4.25,4.25,4.25,4.25,4.25,4.25,6.21,6.27,6.18
{'2253'} com.coocaa.os.softsettings.provider(MB): min(4.13) max(12.76) average(5.49)
{'1733'} com.tianci.push(MB): 10.49,10.30,10.55,10.50,10.54,10.54,10.41,10.15,9.19,8.97,8.96,8.95,9.21,9.21,9.20,9.20,9.10,8.83,8.83,8.92,8.92,8.93,8.95,8.95,8.96,8.96,8.99,8.99,8.99,8.99,8.99,8.99,8.99,8.99,8.99,8.99,8.99,8.99,8.92,8.90
{'1733'} com.tianci.push(MB): min(8.83) max(10.55) average(9.29)
{'2831'} com.tianci.ad(MB): 9.90,9.66,9.66,9.66,9.75,9.75,9.44,9.40,8.51,8.26,14.72,15.90,15.74,15.08,13.97,14.09,13.05,12.42,12.39,12.46,12.46,12.46,12.46,12.46,12.46,12.46,12.46,12.46,12.46,12.46,12.42,12.41,12.41,12.41,12.59,12.59,12.59,12.58,12.46,11.64
{'2831'} com.tianci.ad(MB): min(8.26) max(15.9) average(12.06)
{'2463'} com.coocaa.sysreport(MB): 9.21,8.07,8.31,9.03,9.11,9.11,8.71,8.24,8.04,7.63,7.56,7.57,7.57,7.57,7.79,7.79,7.34,7.20,7.22,7.32,7.32,7.32,7.32,7.31,7.31,7.31,7.31,7.31,7.32,7.32,7.32,7.31,7.31,7.32,7.33,7.33,7.33,7.33,7.43,7.28
{'2463'} com.coocaa.sysreport(MB): min(7.2) max(9.21) average(7.67)
{'2886', '7459'} com.tianci.user(MB): 8.89,8.51,8.56,8.55,9.27,9.27,9.21,9.06,8.54,8.35,8.34,8.29,8.29,8.29,8.29,8.29,8.16,8.74,8.12,3.60,9.99,15.09
{'2886', '7459'} com.tianci.user(MB): min(3.6) max(15.09) average(8.71)
{'1777'} app_process(MB): 8.09,7.62,7.60,7.59,7.63,7.59,5.45,2.32,2.09,2.00,1.87,1.88,1.88,1.87,1.75,1.75,1.63,1.48,1.53,1.53,1.53,1.53,1.53,1.53,1.53,1.53,1.53,1.53,1.53,1.53,1.53,1.53,1.53,1.53,1.53,1.53,1.53,1.52,1.49,1.49
{'1777'} app_process(MB): min(1.48) max(8.09) average(2.64)
{'3324'} com.tianci.ad:adUpgrade(MB): 7.93,6.34,6.35,6.35,6.49,6.49,6.43,6.40,5.51,5.37,5.36,5.35,5.35,5.35,5.35,5.35,5.26,5.22,5.23,5.30,5.30,5.30,5.30,5.30,5.30,5.30,5.30,5.30,5.30,5.30,5.30,5.30,5.31,5.31,5.32,5.32,5.32,5.32,5.25,5.25
{'3324'} com.tianci.ad:adUpgrade(MB): min(5.22) max(7.93) average(5.57)
{'2764'} android.process.media(MB): 5.18,4.83,4.83,4.83,4.95,4.95,4.90,4.90,4.78,4.73,4.72,4.71,4.71,4.71,4.71,4.71,4.41,2.14,2.14,2.22,2.22,2.22,2.22,2.22,2.22,2.22,2.22,2.22,2.22,2.22,2.22,2.22,3.75,3.75,3.75,3.75,3.75,3.75,3.66,3.66
{'2764'} android.process.media(MB): min(2.14) max(5.18) average(3.61)
{'746'} zygote(MB): 4.43,3.78,3.75,3.74,3.81,3.76,2.34,2.29,2.10,1.92,1.71,1.71,1.71,1.71,1.71,1.71,1.62,1.45,1.53,1.53,1.53,1.53,1.56,1.56,1.56,1.56,1.56,1.56,1.56,1.56,1.56,1.56,1.56,1.56,1.56,1.56,1.56,1.39,1.46,1.48
{'746'} zygote(MB): min(1.39) max(4.43) average(1.98)
{'1580'} com.dunn.instrument(MB): 3.64,3.31,3.30,3.37,3.60,3.61,3.54,3.53,3.48,3.37,3.26,3.33,3.33,3.33,3.34,3.34,3.17,3.04,3.07,3.10,3.10,3.12,3.12,3.39,3.39,3.39,3.38,3.38,3.37,3.37,3.37,3.37,3.37,3.37,3.33,3.33,3.33,3.33,3.23,3.24
{'1580'} com.dunn.instrument(MB): min(3.04) max(3.64) average(3.33)
{'4651'} <pre-initialized>(MB): 3.19
{'4651'} <pre-initialized>(MB): min(3.19) max(3.19) average(3.19)
{'748'} mediaserver(MB): 3.15,1.81,1.81,1.80,1.80,1.80,1.45,1.46,3.53,6.59,6.63,6.63,6.64,6.67,6.19,11.93,8.28,8.69,8.69,8.71,8.71,8.71,8.71,8.71,8.71,8.71,8.71,9.37,9.27,9.27,9.27,9.27,9.27,9.27,9.27,9.27,9.27,8.84,10.43,9.04
{'748'} mediaserver(MB): min(1.45) max(11.93) average(7.16)
{'900'} TvServer(MB): 2.48,1.56,1.56,1.56,1.56,1.56,1.39,1.37,0.89,1.55,1.51,1.51,1.51,1.51,1.52,1.52,1.43,1.40,1.38,1.38,1.38,1.38,1.38,1.38,1.38,1.38,1.38,1.38,1.38,1.38,1.38,1.38,1.38,1.38,1.38,1.38,1.38,1.39,1.37,1.35
{'900'} TvServer(MB): min(0.89) max(2.48) average(1.44)
{'3627'} logcat(MB): 1.57,1.57,1.57,1.58,1.58,1.58,1.58,1.58,1.57,1.57,1.57,1.57,1.57,1.57,1.57,1.57,1.57,1.57,1.57,1.57,1.57,1.57,1.57,1.57,1.57,1.57,1.57,1.57,1.57,1.57,1.57,1.57,1.57,1.57,1.57,1.57,1.57,1.57,1.57,1.57
{'3627'} logcat(MB): min(1.57) max(1.58) average(1.57)
{'745'} surfaceflinger(MB): 1.50,1.29,1.29,1.28,1.18,1.18,1.13,1.13,1.13,1.16,1.16,1.16,1.15,1.15,1.17,1.17,0.94,0.94,0.96,0.95,0.96,0.96,0.96,0.96,0.95,0.95,0.95,0.96,0.95,0.96,0.96,1.17,0.95,0.95,0.95,0.95,0.95,0.96,0.95,0.95
{'745'} surfaceflinger(MB): min(0.94) max(1.5) average(1.06)
{'1504'} wpa_supplicant(MB): 0.65,0.43,0.43,0.43,0.43,0.43,0.43,0.42,0.41,0.41,0.41,0.41,0.41,0.41,0.41,0.41,0.41,0.41,0.42,0.42,0.42,0.42,0.42,0.42,0.42,0.42,0.42,0.42,0.42,0.42,0.42,0.42,0.42,0.42,0.42,0.42,0.42,0.42,0.41,0.41
{'1504'} wpa_supplicant(MB): min(0.41) max(0.65) average(0.42)
{'747'} drmserver(MB): 0.45,0.35,0.35,0.35,0.35,0.35,0.10,0.10,0.10,0.10,0.10,0.10,0.10,0.10,0.10,0.10,0.09,0.07,0.08,0.08,0.08,0.08,0.08,0.08,0.08,0.08,0.08,0.08,0.08,0.08,0.08,0.08,0.08,0.08,0.08,0.08,0.08,0.08,0.08,0.07
{'747'} drmserver(MB): min(0.07) max(0.45) average(0.13)
{'743'} netd(MB): 0.33,0.25,0.25,0.25,0.25,0.25,0.24,0.24,0.24,0.24,0.23,0.23,0.23,0.23,0.23,0.23,0.23,0.23,0.24,0.24,0.24,0.24,0.24,0.24,0.24,0.24,0.24,0.24,0.24,0.24,0.24,0.24,0.24,0.24,0.24,0.24,0.24,0.24,0.23,0.23
{'743'} netd(MB): min(0.23) max(0.33) average(0.24)
{'1187'} VirtualEvent(MB): 0.33,0.31,0.31,0.31,0.31,0.31,0.31,0.31,0.04,0.04,0.03,0.03,0.03,0.03,0.03,0.03,0.03,0.03,0.03,0.03,0.03,0.03,0.03,0.03,0.03,0.03,0.03,0.03,0.03,0.03,0.03,0.03,0.03,0.03,0.03,0.03,0.03,0.03,0.03,0.03
{'1187'} VirtualEvent(MB): min(0.03) max(0.33) average(0.09)
{'1'} /init(MB): 0.31,0.31,0.31,0.31,0.31,0.31,0.31,0.31,0.31,0.31,0.31,0.31,0.31,0.31,0.31,0.31,0.23,0.23,0.23,0.23,0.23,0.23,0.23,0.23,0.23,0.23,0.23,0.23,0.23,0.23,0.23,0.23,0.23,0.23,0.23,0.23,0.23,0.23,0.23,0.23
{'1'} /init(MB): min(0.23) max(0.31) average(0.26)
{'750'} keystore(MB): 0.27,0.24,0.24,0.24,0.25,0.25,0.24,0.23,0.20,0.20,0.24,0.24,0.24,0.24,0.24,0.24,0.24,0.20,0.21,0.21,0.21,0.21,0.21,0.21,0.20,0.21,0.21,0.21,0.21,0.21,0.21,0.21,0.21,0.21,0.21,0.21,0.21,0.21,0.20,0.20
{'750'} keystore(MB): min(0.2) max(0.27) average(0.22)
{'1779'} dhcpcd(MB): 0.22,0.22,0.22,0.22,0.22,0.22,0.13,0.01,0.01,0.01,0.01,0.01,0.01,0.01,0.01,0.01,0.01,0.01,0.01,0.01,0.01,0.01,0.01,0.01,0.01,0.01,0.01,0.01,0.01,0.01,0.01,0.01,0.01,0.01,0.01,0.01,0.01,0.01,0.01,0.01
{'1779'} dhcpcd(MB): min(0.01) max(0.22) average(0.04)
{'1440'} adbd(MB): 0.20,0.20,0.20,0.20,0.21,0.20,0.20,0.20,0.20,0.20,0.21,0.20,0.20,0.20,0.20,0.20,0.20,0.20,0.20,0.20,0.21,0.20,0.20,0.20,0.20,0.21,0.20,0.20,0.20,0.20,0.21,0.20,0.20,0.20,0.20,0.20,0.20,0.20,0.21,0.21
{'1440'} adbd(MB): min(0.2) max(0.21) average(0.2)
{'739'} vold(MB): 0.20,0.14,0.14,0.14,0.14,0.14,0.13,0.12,0.12,0.12,0.12,0.12,0.12,0.12,0.12,0.12,0.12,0.12,0.12,0.12,0.12,0.12,0.12,0.12,0.12,0.12,0.12,0.12,0.12,0.12,0.12,0.12,0.12,0.12,0.12,0.12,0.12,0.12,0.12,0.12
{'739'} vold(MB): min(0.12) max(0.2) average(0.12)
{'1675', '5629', '737', '6593'} sh(MB): 0.19,0.16,0.19,0.16,0.19,0.16,0.13,0.10,0.16,0.10,0.16,0.10,0.16,0.08,0.16,0.08,0.16,0.08,0.16,0.08,0.16,0.08,0.00,0.16,0.08,0.00,0.16,0.08,0.16,0.08,0.16,0.08,0.16,0.08,0.15,0.07,0.13,0.07,0.15,0.07,0.15,0.07,0.15,0.07,0.15,0.07,0.15,0.07,0.13,0.07,0.00,0.15,0.07,0.00,0.15,0.07,0.15,0.07,0.15,0.07,0.13,0.07,0.15,0.07,0.15,0.07,0.15,0.07,0.15,0.07,0.15,0.07,0.15,0.07,0.15,0.07,0.15,0.07,0.15,0.07,0.13,0.05,0.15,0.05
{'1675', '5629', '737', '6593'} sh(MB): min(0.0) max(0.19) average(0.11)
{'5407', '6825', '7668', '6354', '6695', '6180', '7301', '7415', '5615', '5005', '7059', '6931', '5808', '4631', '6573', '5124', '7177', '4814', '6010', '6456'} dumpsys(MB): 0.17,0.00,0.17,0.00,0.17,0.00,0.17,0.00,0.17,0.00,0.17,0.00,0.17,0.00,0.17,0.00,0.17,0.00,0.17,0.00,0.17,0.00,0.17,0.00,0.17,0.00,0.17,0.00,0.17,0.00,0.17,0.00,0.17,0.00,0.17,0.00,0.17,0.00,0.17
{'5407', '6825', '7668', '6354', '6695', '6180', '7301', '7415', '5615', '5005', '7059', '6931', '5808', '4631', '6573', '5124', '7177', '4814', '6010', '6456'} dumpsys(MB): min(0.0) max(0.17) average(0.09)
{'6955', '1633'} busybox(MB): 0.16,0.06,0.06,0.05,0.05,0.05,0.05,0.05,0.05,0.04,0.04,0.04,0.04,0.04,0.04,0.04,0.04,0.04,0.04,0.04,0.04,0.04,0.04,0.04,0.04,0.04,0.04,0.04,0.04,0.04,0.00,0.04,0.00,0.04,0.04,0.04,0.04,0.04,0.04,0.04,0.04,0.04
{'6955', '1633'} busybox(MB): min(0.0) max(0.16) average(0.04)
{'893'} RootApp(MB): 0.14,0.05,0.05,0.05,0.05,0.05,0.05,0.05,0.05,0.05,0.05,0.05,0.05,0.05,0.05,0.05,0.05,0.05,0.05,0.05,0.05,0.05,0.05,0.05,0.05,0.05,0.05,0.05,0.05,0.05,0.05,0.05,0.05,0.05,0.05,0.05,0.05,0.05,0.05,0.05
{'893'} RootApp(MB): min(0.05) max(0.14) average(0.05)
{'752'} coocaa_guard(MB): 0.12,0.08,0.08,0.08,0.08,0.08,0.08,0.08,0.08,0.08,0.08,0.08,0.08,0.08,0.08,0.08,0.08,0.08,0.08,0.08,0.08,0.08,0.08,0.08,0.08,0.08,0.08,0.08,0.08,0.08,0.08,0.08,0.08,0.08,0.08,0.08,0.08,0.08,0.08,0.08
{'752'} coocaa_guard(MB): min(0.08) max(0.12) average(0.08)
{'736'} healthd(MB): 0.11,0.11,0.11,0.11,0.11,0.11,0.11,0.11,0.11,0.11,0.11,0.11,0.11,0.11,0.11,0.11,0.11,0.11,0.11,0.11,0.11,0.11,0.11,0.11,0.11,0.11,0.11,0.11,0.11,0.11,0.11,0.11,0.11,0.11,0.11,0.11,0.11,0.11,0.11,0.11
{'736'} healthd(MB): min(0.11) max(0.11) average(0.11)
{'751'} FileDesc_server(MB): 0.10,0.10,0.10,0.09,0.10,0.10,0.05,0.05,0.05,0.10,0.10,0.10,0.10,0.10,0.10,0.10,0.10,0.09,0.10,0.10,0.10,0.10,0.10,0.10,0.10,0.10,0.10,0.10,0.10,0.10,0.10,0.10,0.10,0.10,0.10,0.10,0.10,0.10,0.09,0.10
{'751'} FileDesc_server(MB): min(0.05) max(0.1) average(0.1)
{'753'} sdcard(MB): 0.10,0.10,0.10,0.10,0.10,0.10,0.11,0.35,0.36,0.36,0.36,0.36,0.36,0.36,0.36,0.36,0.36,0.36,0.36,0.36,0.36,0.36,0.36,0.36,0.36,0.36,0.36,0.36,0.36,0.36,0.36,0.36,0.36,0.36,0.36,0.36,0.36,0.36,0.36,0.36
{'753'} sdcard(MB): min(0.1) max(0.36) average(0.31)
{'512'} ueventd(MB): 0.07,0.07,0.07,0.07,0.07,0.07,0.07,0.07,0.07,0.07,0.07,0.07,0.07,0.07,0.07,0.07,0.07,0.07,0.07,0.07,0.07,0.07,0.07,0.07,0.07,0.07,0.07,0.07,0.07,0.07,0.07,0.07,0.07,0.07,0.07,0.07,0.07,0.07,0.07,0.07
{'512'} ueventd(MB): min(0.07) max(0.07) average(0.07)
{'738'} servicemanager(MB): 0.05,0.05,0.05,0.05,0.05,0.05,0.05,0.05,0.05,0.05,0.05,0.05,0.05,0.05,0.05,0.05,0.05,0.05,0.05,0.05,0.05,0.05,0.05,0.05,0.05,0.05,0.05,0.05,0.05,0.05,0.05,0.05,0.05,0.05,0.05,0.05,0.05,0.05,0.05,0.05
{'738'} servicemanager(MB): min(0.05) max(0.05) average(0.05)
{'863'} logwrapper(MB): 0.04,0.04,0.04,0.04,0.04,0.04,0.04,0.04,0.04,0.04,0.04,0.04,0.04,0.04,0.04,0.04,0.04,0.04,0.04,0.04,0.04,0.04,0.04,0.04,0.04,0.04,0.04,0.04,0.04,0.04,0.04,0.04,0.04,0.04,0.04,0.04,0.04,0.04,0.04,0.04
{'863'} logwrapper(MB): min(0.04) max(0.04) average(0.04)
{'742'} keypad(MB): 0.04,0.03,0.03,0.03,0.04,0.04,0.03,0.03,0.03,0.03,0.03,0.03,0.03,0.03,0.03,0.03,0.03,0.03,0.04,0.04,0.04,0.04,0.04,0.04,0.04,0.04,0.04,0.04,0.04,0.04,0.04,0.04,0.04,0.04,0.04,0.04,0.04,0.04,0.04,0.03
{'742'} keypad(MB): min(0.03) max(0.04) average(0.04)
{'749'} installd(MB): 0.04,0.01,0.01,0.01,0.01,0.01,0.01,0.01,0.01,0.01,0.01,0.01,0.01,0.01,0.01,0.01,0.01,0.01,0.01,0.01,0.01,0.01,0.01,0.01,0.01,0.01,0.01,0.01,0.01,0.01,0.01,0.01,0.01,0.01,0.01,0.01,0.01,0.01,0.01,0.01
{'749'} installd(MB): min(0.01) max(0.04) average(0.01)
{'740'} hardwared(MB): 0.03,0.02,0.02,0.02,0.02,0.02,0.02,0.02,0.02,0.02,0.02,0.02,0.02,0.02,0.02,0.02,0.02,0.02,0.02,0.02,0.02,0.02,0.02,0.02,0.02,0.02,0.02,0.02,0.02,0.02,0.02,0.02,0.02,0.02,0.02,0.02,0.02,0.02,0.02,0.02
{'740'} hardwared(MB): min(0.02) max(0.03) average(0.02)
{'744'} debuggerd(MB): 0.03,0.01,0.01,0.01,0.01,0.01,0.01,0.01,0.01,0.01,0.01,0.01,0.01,0.01,0.01,0.01,0.01,0.01,0.01,0.01,0.01,0.01,0.01,0.01,0.01,0.01,0.01,0.01,0.01,0.01,0.01,0.01,0.01,0.01,0.01,0.01,0.01,0.01,0.01,0.01
{'744'} debuggerd(MB): min(0.01) max(0.03) average(0.01)
{'1201'} smobsd(MB): 0.02,0.01,0.01,0.01,0.01,0.01,0.01,0.01,0.01,0.01,0.01,0.01,0.01,0.01,0.01,0.01,0.01,0.01,0.01,0.01,0.01,0.01,0.01,0.01,0.01,0.01,0.01,0.01,0.01,0.01,0.01,0.01,0.01,0.01,0.01,0.01,0.01,0.01,0.01,0.01
{'1201'} smobsd(MB): min(0.01) max(0.02) average(0.01)
{'4651'} com.tianci.movieplatform(MB): 15.49,26.60,31.74,54.45,49.56,51.86,59.35,65.40,61.16,60.92,59.76,59.17,58.69,60.25,68.24,64.63,66.92,71.34,71.37,71.07,71.35,75.92,76.10,75.60,75.57,75.97,75.94,75.72,75.73,75.99,75.98,75.71,75.91,75.94,75.39,75.48,77.29,87.29,82.22
{'4651'} com.tianci.movieplatform(MB): min(15.49) max(87.29) average(66.23)
{'5085'} com.tianci.movieplatform:daemon(MB): 10.27,15.25,17.57,16.67,15.27,14.21,13.84,13.79,13.53,13.53,13.29,12.89,12.92,13.01,13.01,13.01,13.14,13.14,13.14,13.14,13.13,13.13,13.12,13.12,13.11,13.11,13.11,13.11,13.11,13.11,13.11,13.10,13.01,12.92
{'5085'} com.tianci.movieplatform:daemon(MB): min(10.27) max(17.57) average(13.47)
{'5631'} ps(MB): 0.00,0.00
{'5631'} ps(MB): min(0.0) max(0.0) average(0.0)
{'5632'} grep(MB): 0.00,0.00
{'5632'} grep(MB): min(0.0) max(0.0) average(0.0)
{'5633'} awk(MB): 0.00,0.00
{'5633'} awk(MB): min(0.0) max(0.0) average(0.0)
{'6170'} ping(MB): 0.00,0.00
{'6170'} ping(MB): min(0.0) max(0.0) average(0.0)
{'7523'} com.coocaa.screensaver(MB): 13.67
{'7523'} com.coocaa.screensaver(MB): min(13.67) max(13.67) average(13.67)
