total_ram(MB): 452.27,452.27,452.27,452.27,452.27,452.27,452.27,452.27,452.27,452.27,452.27,452.27,452.27,452.27,452.27,452.27,452.27,452.27,452.27,452.27,452.27,452.27,452.27,452.27,452.27,452.27,452.27,452.27,452.27,452.27,452.27,452.27,452.27,452.27,452.27,452.27,452.27,452.27,452.27,452.27,452.27,452.27
total_ram(MB): min(452.27) max(452.27) average(452.27)
free_ram(MB): 89.74,93.12,96.76,99.21,98.54,99.95,96.96,93.28,81.41,84.72,84.37,83.14,88.82,85.63,87.87,98.33,93.79,90.49,84.25,93.93,84.86,91.06,97.52,90.63,86.45,86.52,86.17,85.79,86.62,86.77,86.14,89.88,98.21,101.47,105.50,100.84,92.75,93.91,92.39,93.69,99.97,103.22
free_ram(MB): min(81.41) max(105.5) average(92.02)
used_ram(MB): 303.69,298.84,295.88,295.70,292.40,293.27,291.09,294.68,323.11,301.87,294.85,297.71,298.33,288.12,289.28,285.75,278.54,285.57,288.62,295.51,294.47,293.92,281.27,291.88,292.81,294.04,294.93,293.81,293.90,293.48,293.72,294.66,282.46,282.24,276.92,279.51,287.26,287.56,287.44,282.36,277.02,274.12
used_ram(MB): min(274.12) max(323.11) average(291.01)
lost_ram(MB): 58.84,60.32,59.64,57.36,61.34,59.05,64.23,64.31,47.76,65.68,73.05,71.42,65.12,78.53,75.12,68.19,79.95,76.21,79.40,62.83,72.94,67.29,73.48,69.76,73.01,71.72,71.18,72.67,71.75,72.03,72.42,67.74,71.61,68.56,69.86,71.92,72.26,70.80,72.44,76.23,75.28,74.93
lost_ram(MB): min(47.76) max(79.95) average(69.24)
free(MB): 27.11,17.54,23.48,33.82,35.60,33.38,25.77,22.45,30.17,29.36,24.84,22.94,23.88,30.33,34.60,42.50,36.76,30.30,25.19,34.75,25.94,31.91,36.52,30.08,24.23,24.16,33.65,33.60,33.86,33.88,32.78,36.57,43.54,43.84,47.59,41.50,33.15,33.10,30.23,39.63,45.01,48.47
free(MB): min(17.54) max(48.47) average(32.57)
used_pss(MB): 281.46,276.42,273.54,273.36,270.04,270.91,268.73,272.39,300.98,279.62,272.52,275.39,275.96,265.74,267.06,263.51,256.29,263.29,266.33,273.25,272.20,271.65,259.02,269.61,270.53,271.75,270.78,269.55,269.67,269.23,269.42,270.36,258.16,257.94,252.62,255.21,262.99,263.26,263.10,258.26,252.97,250.28
used_pss(MB): min(250.28) max(300.98) average(267.98)
kernel(MB): 0.00,0.00,0.00,0.00,0.00,0.00,0.00,0.00,0.00,0.00,0.00,0.00,0.00,0.00,0.00,0.00,0.00,0.00,0.00,0.00,0.00,0.00,0.00,0.00,0.00,0.00,0.00,0.00,0.00,0.00,0.00,0.00,0.00,0.00,0.00,0.00,0.00,0.00,0.00,0.00,0.00,0.00
kernel(MB): min(0.0) max(0.0) average(0.0)
buffers(MB): 0.46,0.59,0.48,0.50,0.52,0.52,0.52,0.45,0.31,0.43,0.53,0.51,0.52,0.48,0.32,0.33,0.34,0.34,0.35,0.35,0.36,0.36,0.36,0.36,0.35,0.35,2.20,2.30,2.30,2.31,2.42,2.43,2.43,2.43,2.43,2.43,2.39,2.40,2.48,2.25,2.20,1.98
buffers(MB): min(0.31) max(2.48) average(1.15)
shmem(MB): 0.08,0.08,0.08,0.08,0.08,0.08,0.08,0.08,0.05,0.05,0.05,0.05,0.05,0.05,0.05,0.05,0.05,0.05,0.05,0.05,0.05,0.05,0.05,0.05,0.05,0.05,0.05,0.05,0.05,0.05,0.05,0.05,0.05,0.05,0.05,0.05,0.05,0.07,0.05,0.05,0.05,0.05
shmem(MB): min(0.05) max(0.08) average(0.06)
slab(MB): 21.68,21.76,21.77,21.76,21.77,21.77,21.75,21.76,21.76,21.77,21.75,21.76,21.80,21.86,21.85,21.86,21.86,21.89,21.89,21.86,21.86,21.86,21.84,21.86,21.88,21.89,21.89,21.91,21.88,21.89,21.83,21.82,21.82,21.82,21.81,21.82,21.83,21.82,21.80,21.80,21.80,21.81
slab(MB): min(21.68) max(21.91) average(21.82)
total_swap(MB): 96.00,96.00,96.00,96.00,96.00,96.00,96.00,96.00,96.00,96.00,96.00,96.00,96.00,96.00,96.00,96.00,96.00,96.00,96.00,96.00,96.00,96.00,96.00,96.00,96.00,96.00,96.00,96.00,96.00,96.00,96.00,96.00,96.00,96.00,96.00,96.00,96.00,96.00,96.00,96.00,96.00,96.00
total_swap(MB): min(96.0) max(96.0) average(96.0)
used_swap(MB): 39.19,39.20,39.23,39.39,39.65,39.65,39.65,39.90,42.98,42.98,42.98,43.14,43.14,45.66,46.40,46.40,46.40,46.40,46.40,46.40,46.40,46.40,46.40,47.25,47.42,47.47,50.58,50.61,50.61,50.61,50.61,50.61,50.61,50.61,50.61,50.61,50.61,50.61,50.61,53.51,54.08,54.32
used_swap(MB): min(39.19) max(54.32) average(46.58)
{'13233'} com.ccos.tv.homepage(MB): 104.28,102.30,99.89,99.78,96.16,96.47,93.78,98.27,130.36,109.16,100.93,103.95,106.93,102.24,104.27,100.77,93.38,100.36,103.11,110.25,108.90,109.05,96.68,107.34,108.56,110.72,110.25,111.92,111.92,110.75,111.57,111.93,100.25,99.32,94.14,96.41,104.48,104.72,104.76,102.68,98.46,95.93
{'13233'} com.ccos.tv.homepage(MB): min(93.38) max(130.36) average(103.99)
{'2896'} com.tianci.movieplatform(MB): 67.82,66.37,66.02,66.04,66.06,66.47,66.45,66.30,62.75,62.70,62.70,62.70,62.74,61.24,60.78,60.78,60.78,60.81,60.88,60.88,60.88,60.88,60.89,60.88,60.81,60.74,60.74,60.16,60.16,60.16,60.17,60.17,60.17,60.17,60.15,60.15,60.15,60.15,60.14,58.97,58.56,58.54
{'2896'} com.tianci.movieplatform(MB): min(58.54) max(67.82) average(61.79)
{'1347'} system(MB): 18.64,18.94,19.21,19.42,19.63,19.84,20.05,19.30,19.48,19.67,19.88,20.02,16.74,15.72,15.87,16.07,16.11,15.75,15.93,16.06,16.12,15.68,15.90,16.15,16.21,15.77,15.82,15.89,15.95,15.97,15.60,15.67,15.69,15.42,15.54,15.57,15.57,15.43,15.51,15.51,15.50,15.31
{'1347'} system(MB): min(15.31) max(20.05) average(16.86)
{'4955'} com.tianci.movieplatform:daemon(MB): 12.60,12.17,12.15,12.15,12.15,11.84,11.84,11.84,11.74,11.74,12.09,12.09,12.08,10.85,10.52,10.52,10.52,10.51,10.52,10.52,10.52,10.52,10.52,10.31,10.25,10.15,9.80,9.15,9.15,9.15,9.14,9.14,9.14,9.14,9.14,9.14,9.14,9.14,9.14,8.37,8.33,8.32
{'4955'} com.tianci.movieplatform:daemon(MB): min(8.32) max(12.6) average(10.41)
{'746'} mediaserver(MB): 12.22,12.22,11.96,11.95,11.95,11.95,11.95,11.95,11.83,11.83,11.83,11.83,11.83,11.09,11.09,11.09,11.09,11.09,11.09,11.09,11.09,11.09,11.09,11.09,11.09,11.09,11.09,11.09,11.09,11.09,11.09,11.09,11.09,11.09,11.09,11.09,11.09,11.09,11.09,10.94,10.94,10.93
{'746'} mediaserver(MB): min(10.93) max(12.22) average(11.34)
{'2474'} com.coocaa.os.ccosservice(MB): 11.45,11.03,11.34,11.33,11.33,11.29,11.28,11.27,11.05,11.05,11.34,11.32,11.33,11.22,11.21,11.21,11.20,11.21,11.23,11.23,11.23,11.22,11.24,11.25,11.13,11.09,11.09,10.31,10.32,10.32,10.32,10.32,10.31,10.32,10.32,10.32,10.32,10.32,10.31,9.91,9.86,9.85
{'2474'} com.coocaa.os.ccosservice(MB): min(9.85) max(11.45) average(10.87)
{'1595'} com.tianci.system(MB): 11.01,10.98,11.24,11.24,11.23,11.24,11.24,11.33,11.11,11.11,11.11,11.11,11.62,11.55,11.24,11.23,11.23,11.26,11.25,11.25,11.25,11.25,11.25,11.26,11.26,11.26,11.07,11.07,11.08,11.08,11.08,11.08,11.08,11.08,11.08,11.08,11.08,11.08,11.08,11.00,10.96,10.96
{'1595'} com.tianci.system(MB): min(10.96) max(11.62) average(11.17)
{'2849'} com.tianci.de(MB): 10.47,10.38,10.37,10.35,10.35,10.35,10.35,10.66,10.73,10.71,10.71,10.71,10.71,10.61,10.61,10.60,10.61,11.09,10.84,10.75,10.73,10.73,10.73,10.54,10.54,10.54,10.52,10.52,10.52,10.52,10.52,10.51,10.51,10.51,10.51,10.51,10.50,10.50,10.50,10.30,10.30,10.30
{'2849'} com.tianci.de(MB): min(10.3) max(11.09) average(10.56)
{'3901'} com.tianci.user(MB): 7.80,7.58,7.50,7.49,7.49,7.48,7.48,7.47
{'3901'} com.tianci.user(MB): min(7.47) max(7.8) average(7.54)
{'3951'} com.coocaa.sysreport(MB): 7.79,7.22,7.20,7.20,7.20,7.19,7.19,7.18,7.15,7.15,7.14,7.14,7.14,7.04,7.04,7.04,7.04,7.04,7.04,7.04,7.04,7.04,7.04,7.04,7.04,7.04,7.04,7.02,7.02,7.02,7.02,7.31,7.31,7.31,7.31,7.31,7.31,7.31,7.31,7.30,7.27,7.26
{'3951'} com.coocaa.sysreport(MB): min(7.02) max(7.79) average(7.16)
{'1736'} com.tianci.push(MB): 7.71,7.68,7.65,7.65,7.65,7.64,7.64,7.61,7.62,7.61,7.62,7.62,7.62,7.56,7.54,7.54,7.54,7.53,7.53,7.53,7.51,7.51,7.51,7.51,7.51,7.51,7.50,7.49,7.49,7.49,7.49,7.49,7.49,7.49,7.49,7.49,7.49,7.49,7.49,7.36,7.24,7.24
{'1736'} com.tianci.push(MB): min(7.24) max(7.71) average(7.53)
{'13488'} com.coocaa.messageprovider(MB): 4.71,4.43,4.37,4.37,4.37,4.36,4.36,4.36,4.47,4.47,4.47,4.47,4.46,4.08,4.08,4.08,4.08,4.08,4.08,4.08,4.08,4.08,4.08,4.08,4.08,4.08,4.08,3.97,3.97,3.97,3.97,3.97,3.97,3.97,3.97,3.97,3.97,3.97,3.97,3.94,3.94,3.94
{'13488'} com.coocaa.messageprovider(MB): min(3.94) max(4.71) average(4.15)
{'1876'} com.coocaa.os.softsettings.provider(MB): 3.15,3.08,3.07,3.07,3.07,3.06,3.06,3.06,2.94,2.94,2.94,2.94,2.94,2.89,2.84,2.84,2.84,2.84,2.84,2.84,2.84,2.84,2.84,2.84,2.43,2.41,2.41,1.75,1.75,1.75,1.75,1.75,1.75,1.75,1.75,1.75,1.75,1.75,1.75,1.72,1.67,1.67
{'1876'} com.coocaa.os.softsettings.provider(MB): min(1.67) max(3.15) average(2.47)
{'1584'} com.skyworth.android.skyRMService(MB): 3.13,3.12,3.12,3.02,3.02,3.02,3.05,3.05,2.98,2.99,2.99,2.99,3.02,3.02,3.09,3.09,2.93,2.93,2.93,2.93,2.94,2.94,2.94,2.95,2.95,2.95,2.94,2.94,2.95,2.95,2.95,2.96,2.96,2.96,2.99,3.00,3.00,3.00,3.00,3.04,3.03,2.92
{'1584'} com.skyworth.android.skyRMService(MB): min(2.92) max(3.13) average(2.99)
{'1575'} com.dunn.instrument(MB): 2.86,2.85,2.85,2.81,2.80,2.80,2.80,2.82,2.81,2.81,2.82,2.82,2.82,2.81,2.82,2.82,2.82,2.83,2.83,2.83,2.83,2.84,2.84,2.84,2.86,2.86,2.84,2.84,2.85,2.85,2.85,2.85,2.87,2.87,2.87,2.88,2.88,2.88,2.88,2.89,2.83,2.83
{'1575'} com.dunn.instrument(MB): min(2.8) max(2.89) average(2.84)
{'743'} zygote(MB): 1.20,1.20,1.19,1.19,1.19,1.19,1.19,1.19,1.17,1.17,1.17,1.17,1.17,1.10,1.10,1.10,1.10,1.10,1.10,1.10,1.10,1.10,1.10,1.10,1.10,1.10,1.10,1.10,1.10,1.10,1.10,1.10,1.10,1.10,1.10,1.10,1.10,1.10,1.10,1.08,1.08,1.08
{'743'} zygote(MB): min(1.08) max(1.2) average(1.12)
{'3037'} android.process.media(MB): 0.94,0.92,0.92,0.92,0.92,0.92,0.92,0.90,0.95,0.95,0.95,0.95,0.95,0.93,0.93,0.93,0.93,0.93,0.93,0.93,0.93,0.93,0.93,0.93,0.93,0.93,0.92,0.92,0.92,0.92,0.92,0.92,0.92,0.92,0.92,0.92,0.92,0.92,0.92,0.91,0.91,0.91
{'3037'} android.process.media(MB): min(0.9) max(0.95) average(0.93)
{'742'} surfaceflinger(MB): 0.92,0.92,0.90,0.90,0.90,0.90,0.90,0.90,0.90,0.90,0.90,0.90,0.90,0.94,0.94,0.94,0.94,0.94,0.94,0.95,0.95,0.95,0.95,0.95,0.95,0.95,0.95,0.95,0.95,0.95,0.95,0.95,0.95,0.95,0.95,0.95,0.95,0.95,0.95,0.94,0.94,0.94
{'742'} surfaceflinger(MB): min(0.9) max(0.95) average(0.93)
{'1149'} TvServer(MB): 0.89,0.92,0.84,0.84,0.84,0.84,0.84,0.84,0.84,0.84,0.84,0.84,0.84,0.82,0.82,0.82,0.82,0.82,0.82,0.82,0.82,0.82,0.82,0.82,0.82,0.82,0.82,0.82,0.82,0.82,0.82,0.82,0.82,0.82,0.82,0.82,0.82,0.82,0.82,0.78,0.78,0.78
{'1149'} TvServer(MB): min(0.78) max(0.92) average(0.83)
{'2014'} logcat(MB): 0.81,0.81,0.11,0.27,0.09,0.71,0.71,0.72,1.07,1.07,1.07,1.07,1.07,1.07,1.07,1.07,1.07,1.19,1.19,1.19,1.19,1.19,0.41,0.76,0.76,0.76,0.76,0.76,0.76,1.21,1.21,1.21,0.88,1.58,1.58,1.58,1.58,1.49,1.49,1.49,1.49,1.49
{'2014'} logcat(MB): min(0.09) max(1.58) average(1.03)
{'1775'} app_process(MB): 0.64,0.64,0.63,0.63,0.63,0.63,0.63,0.61,0.62,0.62,0.62,0.62,0.62,0.56,0.56,0.56,0.56,0.56,0.56,0.56,0.56,0.56,0.56,0.56,0.56,0.56,0.56,0.56,0.56,0.56,0.56,0.56,0.56,0.56,0.56,0.56,0.56,0.56,0.56,0.55,0.55,0.55
{'1775'} app_process(MB): min(0.55) max(0.64) average(0.58)
{'1503'} wpa_supplicant(MB): 0.41,0.41,0.40,0.40,0.40,0.40,0.40,0.40,0.40,0.40,0.40,0.40,0.40,0.39,0.39,0.39,0.39,0.39,0.39,0.39,0.39,0.39,0.39,0.39,0.39,0.39,0.39,0.39,0.39,0.39,0.39,0.39,0.39,0.39,0.39,0.39,0.39,0.39,0.39,0.39,0.39,0.39
{'1503'} wpa_supplicant(MB): min(0.39) max(0.41) average(0.39)
{'756'} sdcard(MB): 0.36,0.36,0.36,0.36,0.36,0.36,0.36,0.36,0.36,0.36,0.36,0.36,0.36,0.36,0.36,0.36,0.36,0.36,0.36,0.36,0.36,0.36,0.36,0.36,0.36,0.36,0.15,0.15,0.15,0.15,0.15,0.15,0.15,0.15,0.15,0.15,0.15,0.15,0.15,0.11,0.11,0.11
{'756'} sdcard(MB): min(0.11) max(0.36) average(0.28)
{'15454', '15942', '14912', '15554', '13805', '14708', '14550', '13663', '13914', '14325', '14017', '15748', '14212', '15161', '14431', '15831', '14099', '15331', '14812', '15038', '15643'} dumpsys(MB): 0.27,0.00,0.27,0.00,0.27,0.00,0.27,0.00,0.27,0.00,0.27,0.00,0.27,0.00,0.27,0.00,0.27,0.00,0.27,0.00,0.27,0.00,0.27,0.00,0.27,0.00,0.27,0.00,0.00,0.27,0.00,0.27,0.00,0.27,0.00,0.27,0.00,0.27,0.00,0.27,0.00,0.27
{'15454', '15942', '14912', '15554', '13805', '14708', '14550', '13663', '13914', '14325', '14017', '15748', '14212', '15161', '14431', '15831', '14099', '15331', '14812', '15038', '15643'} dumpsys(MB): min(0.0) max(0.27) average(0.13)
{'740'} netd(MB): 0.25,0.25,0.24,0.24,0.24,0.24,0.24,0.24,0.24,0.24,0.24,0.24,0.24,0.24,0.24,0.24,0.24,0.24,0.24,0.24,0.24,0.24,0.24,0.24,0.24,0.24,0.25,0.25,0.25,0.25,0.25,0.25,0.25,0.25,0.25,0.25,0.25,0.25,0.25,0.25,0.25,0.25
{'740'} netd(MB): min(0.24) max(0.25) average(0.24)
{'1'} /init(MB): 0.23,0.23,0.23,0.23,0.23,0.23,0.23,0.23,0.23,0.23,0.23,0.23,0.23,0.23,0.23,0.23,0.23,0.23,0.23,0.23,0.23,0.23,0.23,0.23,0.23,0.23,0.23,0.23,0.23,0.23,0.23,0.23,0.23,0.23,0.23,0.23,0.23,0.23,0.23,0.23,0.23,0.23
{'1'} /init(MB): min(0.23) max(0.23) average(0.23)
{'1439'} adbd(MB): 0.20,0.20,0.20,0.20,0.20,0.20,0.20,0.20,0.20,0.20,0.20,0.20,0.20,0.20,0.20,0.20,0.20,0.20,0.20,0.20,0.20,0.20,0.20,0.20,0.20,0.20,0.20,0.20,0.20,0.20,0.20,0.20,0.20,0.20,0.20,0.20,0.20,0.20,0.20,0.20,0.20,0.20
{'1439'} adbd(MB): min(0.2) max(0.2) average(0.2)
{'748'} keystore(MB): 0.18,0.18,0.17,0.17,0.17,0.17,0.17,0.17,0.17,0.17,0.17,0.17,0.17,0.17,0.17,0.17,0.17,0.17,0.17,0.17,0.17,0.17,0.17,0.17,0.17,0.17,0.17,0.17,0.17,0.17,0.17,0.17,0.17,0.17,0.17,0.17,0.16,0.17,0.17,0.16,0.16,0.16
{'748'} keystore(MB): min(0.16) max(0.18) average(0.17)
{'15471', '14441', '734', '1682'} sh(MB): 0.17,0.02,0.17,0.02,0.17,0.02,0.17,0.02,0.17,0.02,0.13,0.02,0.17,0.02,0.17,0.02,0.17,0.02,0.17,0.02,0.17,0.02,0.17,0.02,0.17,0.02,0.13,0.02,0.13,0.02,0.00,0.17,0.02,0.00,0.17,0.02,0.16,0.02,0.16,0.02,0.16,0.02,0.16,0.02,0.16,0.02,0.16,0.02,0.16,0.02,0.16,0.02,0.16,0.02,0.16,0.02,0.16,0.02,0.16,0.02,0.16,0.02,0.16,0.02,0.12,0.02,0.00,0.16,0.02,0.00,0.16,0.02,0.16,0.02,0.16,0.02,0.16,0.02,0.16,0.01,0.16,0.02,0.16,0.02,0.16,0.02,0.11,0.02
{'15471', '14441', '734', '1682'} sh(MB): min(0.0) max(0.17) average(0.09)
{'736'} vold(MB): 0.12,0.12,0.11,0.11,0.11,0.11,0.11,0.11,0.11,0.11,0.11,0.11,0.11,0.08,0.08,0.08,0.08,0.08,0.08,0.08,0.08,0.08,0.08,0.08,0.08,0.08,0.08,0.08,0.08,0.08,0.08,0.08,0.08,0.08,0.08,0.08,0.08,0.08,0.08,0.08,0.08,0.08
{'736'} vold(MB): min(0.08) max(0.12) average(0.09)
{'749'} FileDesc_server(MB): 0.11,0.11,0.11,0.11,0.11,0.11,0.11,0.11,0.11,0.11,0.11,0.11,0.11,0.10,0.10,0.10,0.10,0.10,0.10,0.10,0.10,0.10,0.10,0.10,0.10,0.10,0.10,0.10,0.10,0.10,0.10,0.10,0.10,0.10,0.10,0.10,0.10,0.10,0.10,0.10,0.10,0.10
{'749'} FileDesc_server(MB): min(0.1) max(0.11) average(0.1)
{'733'} healthd(MB): 0.11,0.11,0.11,0.11,0.11,0.11,0.11,0.11,0.11,0.11,0.11,0.11,0.11,0.11,0.11,0.11,0.11,0.11,0.11,0.11,0.11,0.11,0.11,0.11,0.11,0.11,0.11,0.11,0.11,0.11,0.11,0.11,0.11,0.11,0.11,0.11,0.11,0.11,0.11,0.11,0.11,0.11
{'733'} healthd(MB): min(0.11) max(0.11) average(0.11)
{'752'} coocaa_guard(MB): 0.08,0.08,0.08,0.08,0.08,0.08,0.08,0.08,0.08,0.08,0.08,0.08,0.08,0.08,0.08,0.08,0.08,0.08,0.08,0.08,0.08,0.08,0.08,0.08,0.08,0.08,0.08,0.08,0.08,0.08,0.08,0.08,0.08,0.08,0.08,0.08,0.08,0.08,0.08,0.08,0.08,0.08
{'752'} coocaa_guard(MB): min(0.08) max(0.08) average(0.08)
{'512'} ueventd(MB): 0.07,0.07,0.07,0.07,0.07,0.07,0.07,0.07,0.07,0.07,0.07,0.07,0.07,0.07,0.07,0.07,0.07,0.07,0.07,0.07,0.07,0.07,0.07,0.07,0.07,0.07,0.07,0.07,0.07,0.07,0.07,0.07,0.07,0.07,0.07,0.07,0.07,0.07,0.07,0.07,0.07,0.07
{'512'} ueventd(MB): min(0.07) max(0.07) average(0.07)
{'735'} servicemanager(MB): 0.05,0.05,0.05,0.05,0.05,0.05,0.05,0.05,0.05,0.05,0.05,0.05,0.05,0.05,0.05,0.05,0.05,0.05,0.05,0.05,0.05,0.05,0.05,0.05,0.05,0.05,0.05,0.05,0.05,0.05,0.05,0.05,0.05,0.05,0.05,0.05,0.05,0.05,0.05,0.05,0.05,0.05
{'735'} servicemanager(MB): min(0.05) max(0.05) average(0.05)
{'1130'} RootApp(MB): 0.05,0.05,0.05,0.05,0.05,0.05,0.05,0.05,0.05,0.05,0.05,0.05,0.05,0.05,0.05,0.05,0.05,0.05,0.05,0.05,0.05,0.05,0.05,0.05,0.05,0.05,0.05,0.05,0.05,0.05,0.05,0.05,0.05,0.05,0.05,0.05,0.05,0.05,0.05,0.05,0.05,0.05
{'1130'} RootApp(MB): min(0.05) max(0.05) average(0.05)
{'745'} drmserver(MB): 0.04,0.04,0.04,0.04,0.04,0.04,0.04,0.04,0.04,0.04,0.04,0.04,0.04,0.03,0.03,0.03,0.03,0.03,0.03,0.03,0.03,0.03,0.03,0.03,0.03,0.03,0.03,0.03,0.03,0.03,0.03,0.03,0.03,0.03,0.03,0.03,0.03,0.03,0.03,0.03,0.03,0.03
{'745'} drmserver(MB): min(0.03) max(0.04) average(0.03)
{'1126'} logwrapper(MB): 0.04,0.04,0.04,0.04,0.04,0.04,0.04,0.04,0.04,0.04,0.04,0.04,0.04,0.04,0.04,0.04,0.04,0.04,0.04,0.04,0.04,0.04,0.04,0.04,0.04,0.04,0.04,0.04,0.04,0.04,0.04,0.04,0.04,0.04,0.04,0.04,0.04,0.04,0.04,0.04,0.04,0.04
{'1126'} logwrapper(MB): min(0.04) max(0.04) average(0.04)
{'14818', '15756', '1636'} busybox(MB): 0.04,0.04,0.04,0.04,0.04,0.04,0.04,0.04,0.04,0.04,0.04,0.04,0.04,0.04,0.04,0.04,0.04,0.04,0.04,0.04,0.04,0.00,0.04,0.00,0.04,0.04,0.04,0.04,0.04,0.04,0.04,0.04,0.04,0.04,0.04,0.04,0.04,0.04,0.04,0.04,0.00,0.04,0.00,0.04,0.04,0.04
{'14818', '15756', '1636'} busybox(MB): min(0.0) max(0.04) average(0.04)
{'739'} keypad(MB): 0.04,0.04,0.03,0.03,0.03,0.03,0.03,0.03,0.03,0.03,0.03,0.03,0.03,0.03,0.03,0.03,0.03,0.03,0.03,0.03,0.03,0.03,0.03,0.03,0.03,0.03,0.03,0.03,0.03,0.03,0.03,0.03,0.03,0.03,0.03,0.03,0.03,0.03,0.03,0.03,0.03,0.03
{'739'} keypad(MB): min(0.03) max(0.04) average(0.03)
{'1246'} VirtualEvent(MB): 0.03,0.03,0.03,0.03,0.03,0.03,0.03,0.03,0.03,0.03,0.03,0.03,0.03,0.03,0.03,0.03,0.03,0.03,0.03,0.03,0.03,0.03,0.03,0.03,0.03,0.03,0.03,0.03,0.03,0.03,0.03,0.03,0.03,0.03,0.03,0.03,0.03,0.03,0.03,0.03,0.03,0.03
{'1246'} VirtualEvent(MB): min(0.03) max(0.03) average(0.03)
{'737'} hardwared(MB): 0.03,0.03,0.03,0.03,0.03,0.03,0.02,0.03,0.03,0.03,0.03,0.03,0.03,0.02,0.02,0.02,0.02,0.02,0.02,0.02,0.02,0.02,0.02,0.02,0.02,0.02,0.02,0.02,0.02,0.02,0.02,0.02,0.02,0.02,0.02,0.02,0.02,0.02,0.02,0.02,0.02,0.02
{'737'} hardwared(MB): min(0.02) max(0.03) average(0.02)
{'1846'} dhcpcd(MB): 0.01,0.01,0.01,0.01,0.01,0.01,0.01,0.01,0.01,0.01,0.01,0.01,0.01,0.01,0.01,0.01,0.01,0.01,0.01,0.01,0.01,0.01,0.01,0.01,0.01,0.01,0.01,0.01,0.01,0.01,0.01,0.01,0.01,0.01,0.01,0.01,0.01,0.01,0.01,0.01,0.01,0.01
{'1846'} dhcpcd(MB): min(0.01) max(0.01) average(0.01)
{'747'} installd(MB): 0.01,0.01,0.01,0.01,0.01,0.01,0.01,0.01,0.01,0.01,0.01,0.01,0.01,0.01,0.01,0.01,0.01,0.01,0.01,0.01,0.01,0.01,0.01,0.01,0.01,0.01,0.01,0.01,0.01,0.01,0.01,0.01,0.01,0.01,0.01,0.01,0.01,0.01,0.01,0.01,0.01,0.01
{'747'} installd(MB): min(0.01) max(0.01) average(0.01)
{'741'} debuggerd(MB): 0.01,0.01,0.01,0.01,0.01,0.01,0.01,0.01,0.01,0.01,0.01,0.01,0.01,0.01,0.01,0.01,0.01,0.01,0.01,0.01,0.01,0.01,0.01,0.01,0.01,0.01,0.01,0.01,0.01,0.01,0.01,0.01,0.01,0.01,0.01,0.01,0.01,0.01,0.01,0.01,0.01,0.01
{'741'} debuggerd(MB): min(0.01) max(0.01) average(0.01)
{'1249'} smobsd(MB): 0.01,0.01,0.01,0.01,0.01,0.01,0.01,0.01,0.01,0.01,0.01,0.01,0.01,0.01,0.01,0.01,0.01,0.01,0.01,0.01,0.01,0.01,0.01,0.01,0.01,0.01,0.01,0.01,0.01,0.01,0.01,0.01,0.01,0.01,0.01,0.01,0.01,0.01,0.01,0.01,0.01,0.01
{'1249'} smobsd(MB): min(0.01) max(0.01) average(0.01)
