usr: 29,18,60,50,56,50,44,29,58,49,44,54,72,28,60,58,18,48,5,48,5,70,42,38,46,55,50,64,20,53,50,69,47,26,53,4,22,45,16,5,40,50,50,27,22,26,20,26,33,29,3,28,15,2,18,13,16,10,60,50,67,28,50,60,42,33,80,50,51,63,46,44,56,63,55,60,58
usr: min(2.0) max(80.0) average(40.29)
sys: 33,28,30,41,22,40,19,23,37,19,24,14,23,25,36,28,27,34,13,38,11,27,22,18,32,25,22,27,26,24,19,21,26,18,29,14,21,37,11,16,32,32,34,33,23,30,20,21,28,51,13,17,15,22,22,23,22,12,29,13,25,38,17,30,36,26,14,15,25,26,32,30,31,31,35,20,21
sys: min(11.0) max(51.0) average(25.25)
nic: 0,0,0,0,0,0,0,0,0,0,0,0,3,0,0,0,0,0,0,0,0,0,0,0,0,0,0,0,0,0,0,0,0,0,0,0,0,0,0,0,0,0,0,0,0,0,0,0,0,0,0,0,0,0,0,0,0,0,0,0,0,0,0,0,0,0,0,0,0,0,0,0,0,0,0,0,0
nic: min(0.0) max(3.0) average(0.04)
idle: 33,28,1,1,16,1,36,41,0,25,24,29,0,42,1,8,54,15,81,11,83,1,30,40,16,6,22,1,54,22,25,7,19,56,17,80,56,13,72,78,20,12,12,19,45,40,40,47,33,16,82,53,69,75,58,59,57,76,3,27,5,26,30,6,21,39,2,27,16,1,21,22,7,0,3,16,19
idle: min(0.0) max(83.0) average(29.21)
io: 0,22,0,3,0,1,0,3,0,0,0,0,0,3,0,4,0,1,0,0,0,0,0,0,0,8,1,1,0,0,1,0,0,0,0,0,0,0,0,0,0,0,0,13,2,1,14,0,1,0,0,0,0,0,0,0,0,0,0,0,0,0,0,0,0,0,0,0,0,0,0,0,0,0,0,0,0
io: min(0.0) max(22.0) average(1.03)
irq: 0,0,0,0,0,0,0,0,0,0,0,0,0,0,0,0,0,0,0,0,0,0,0,0,0,0,0,0,0,0,0,0,0,0,0,0,0,0,0,0,0,0,0,0,0,0,0,0,0,0,0,0,0,0,0,0,0,0,0,0,0,0,0,0,0,0,0,0,0,0,0,0,0,0,0,0,0
irq: min(0.0) max(0.0) average(0.0)
sirq: 4,1,7,3,3,5,0,1,3,5,8,2,0,0,1,2,0,0,0,1,0,0,6,1,4,4,1,3,0,0,1,1,6,0,0,2,0,3,0,0,6,6,4,5,5,0,4,4,3,3,0,0,0,0,0,3,4,2,6,9,1,5,1,4,0,0,4,5,5,8,0,2,3,4,5,2,0
sirq: min(0.0) max(9.0) average(2.48)
{'1347'} system_server: 23,2,25,0,25,0,24,0,23,0,24,2,31,0,21,23,0,15,0,24,0,16,0,20,2,28,4,25,0,26,0,20,10,12,19,0,19,0,22,0,24,10,12,25,0,21,0,26,0,18,0,21,6,0,21,3,22,0,22,2,24,12,12,24,0,23,0,25,0,26,0,6,23,0,25,0,22
{'1347'} system_server: min(0.0) max(31.0) average(12.21)
{'13233'} com.ccos.tv.homepage: 16,13,40,46,38,48,26,18,37,44,30,47,51,27,45,42,10,40,0,31,0,59,28,20,34,32,39,51,24,39,47,44,35,0,38,0,0,45,0,0,22,38,34,4,17,8,16,4,26,26,0,0,2,2,0,7,4,4,47,43,47,21,29,40,31,19,78,27,44,46,54,24,36,60,34,54,39
{'13233'} com.ccos.tv.homepage: min(0.0) max(78.0) average(28.19)
{'2849'} com.tianci.de: 5,2,6,5,2,5,4,2,0,4,4,4,2,2,2,2,2,4,0,2,2,3,6,2,6,0,4,0,4,2,6,4,2,6,0,2,2,6,2,0,7,6,2,4,4,4,8,4,9,3,2,4,2,2,2,3,4,2,2,5,5,2,2,2,0,2,0,4,6,3,5,3,2,6,0,2,2
{'2849'} com.tianci.de: min(0.0) max(9.0) average(3.16)
{'14097', '14871', '15142', '15176', '13871', '15522', '14115', '15951', '14024', '14003', '14156', '14191', '14305', '13768', '13667', '13810', '14244', '14845', '14939', '14976', '15110', '15210', '15466', '15575', '15734', '14496', '14769', '15049', '15335', '15702', '15805', '15836', '14587', '14710', '14053', '15015', '14217', '15389', '15756', '15648', '14268', '13969', '15366', '15929', '15308', '13944', '15899', '14390', '15499', '13919', '15551', '14335', '15237', '15277', '14071', '14417', '14818', '13849', '15872', '14909', '13899', '14796', '15622', '15431', '13732', '15785', '13691', '14744', '14628', '15602', '14466', '14437', '14368', '14543', '15083'} 1-ntopbusybox: 5,2,4,5,6,4,4,4,2,4,4,4,2,4,3,4,2,4,2,4,2,3,2,2,4,2,6,2,4,4,2,4,6,3,2,2,4,2,2,3,2,2,2,6,2,4,2,4,2,2,2,2,2,2,5,2,4,5,3,3,4,2,4,2,2,2,6,3,5,6,4,5,2,2,2
{'14097', '14871', '15142', '15176', '13871', '15522', '14115', '15951', '14024', '14003', '14156', '14191', '14305', '13768', '13667', '13810', '14244', '14845', '14939', '14976', '15110', '15210', '15466', '15575', '15734', '14496', '14769', '15049', '15335', '15702', '15805', '15836', '14587', '14710', '14053', '15015', '14217', '15389', '15756', '15648', '14268', '13969', '15366', '15929', '15308', '13944', '15899', '14390', '15499', '13919', '15551', '14335', '15237', '15277', '14071', '14417', '14818', '13849', '15872', '14909', '13899', '14796', '15622', '15431', '13732', '15785', '13691', '14744', '14628', '15602', '14466', '14437', '14368', '14543', '15083'} 1-ntopbusybox: min(2.0) max(6.0) average(3.24)
{'742'} /system/bin/surfaceflinger: 4,4,2,4,2,0,2,2,2,2,2,9,2,2,2,4,2,3,0,2,0,0,3,2,8,4,9,3,2,0,2,2,2,4,2,0,1,3,2,3,2,2
{'742'} /system/bin/surfaceflinger: min(0.0) max(9.0) average(2.57)
{'2896'} com.tianci.movieplatform: 2,2,0,2,2,2,0,0,0,2,0,0,0,2,0,0,2,0,2,0,0,2,2,0,4,0,4,2,0,0,0,4,2,2,2,2,0,0,0,2,2,4,0,2,3,0,2,0,2,0,2,2,0,0,2,2,2,2,2,2,0,2,2,0,0,2,2,2,4,1,2,7,0,2,4,2,2
{'2896'} com.tianci.movieplatform: min(0.0) max(7.0) average(1.44)
{'1595'} com.tianci.system: 2,0,0,0,0,0,0,0,0,0,0,0,0,0,0,0,0,2,0,0,0,0,0,0,0,0,0,0,0,2,0,0,0,0,0,0,0,0,0,0,0,0,2,0,0,0,0,0,2,0,0,2,8,0,0,0,0,0,0,0,0,2,6,0,0,0,0,0,0,0,0,0,0,0,0,0,2
{'1595'} com.tianci.system: min(0.0) max(8.0) average(0.39)
{'1149'} 2706104320TvServer: 2,2,4,3,2,4,2,4,2,2,2,2,2,2,2,2,2,2,0,2,2,0,4,2,4,2,2,2,2,6,6,2,3,2,2,2,2,0,3,2,1,0,4,2,4,2,2,0,2,2,0,3,0,2,2,3,3,4,4,0,2,2,4,4,2,4,5,4,2,2
{'1149'} 2706104320TvServer: min(0.0) max(6.0) average(2.37)
{'1439'} /sbin/adbd: 2,8,3,6,7,2,4,9,2,4,2,7,8,2,4,7,3,8,2,8,9,2,4,2,4,4,8,5,2,9,5,8,10,2,1,2,2,2,2,2,2,3,2,2,7,5,5,8,2,6,10,6,2,6,6,4,7,8,8,11,6,4
{'1439'} /sbin/adbd: min(1.0) max(11.0) average(4.89)
{'457'} [mmcqd/0]: 2,9,2,5,5,4,2,5,2,2,6,3,6,2,2,2,2,2,4,6,18,4,6,2,2,3,2,1,2,5
{'457'} [mmcqd/0]: min(1.0) max(18.0) average(3.93)
{'10'} [rcu_preempt]: 2,2,2,2,2,2
{'10'} [rcu_preempt]: min(2.0) max(2.0) average(2.0)
{'1612'} [RTW_CMD_THREAD]: 2,2,2,2,2,2,1
{'1612'} [RTW_CMD_THREAD]: min(1.0) max(2.0) average(1.86)
{'4955'} com.tianci.movieplatform:daemon: 0,0,0,0,0,0,0,0,0,0,0,0,0,0,0,0,0,0,0,0,0,0,0,0,0,0,0,0,0,0,0,0,0,8,0,0,0,0,0,0,0,0,0,0,0,0,0,0,0,0,0,0,0,0,0,0,0,0,0,0,0,0,0,0,0,0,0,0,0,0,0,0,0,0,0,0,0
{'4955'} com.tianci.movieplatform:daemon: min(0.0) max(8.0) average(0.1)
{'3901'} com.tianci.user: 0,0,0,0,0,0,0,0,0,0,0,0,0,0,0
{'3901'} com.tianci.user: min(0.0) max(0.0) average(0.0)
{'2474'} com.coocaa.os.ccosservice: 0,0,0,0,0,0,0,0,0,0,0,0,0,0,0,0,0,0,0,0,0,0,0,0,0,0,0,0,0,0,0,0,0,2,0,0,0,0,0,0,0,0,0,0,0,0,0,0,0,0,0,0,0,0,0,0,0,0,0,0,0,2,0,0,0,0,0,0,0,0,0,0,0,0,0,0,0
{'2474'} com.coocaa.os.ccosservice: min(0.0) max(2.0) average(0.05)
{'1876'} com.coocaa.os.softsettings.provide: 0,0,0,0,0,0,0,0,0,0,0,0,0,0,0,0,0,0,0,0,0,0,0,0,0,0,0,0,0,0,0,0,0,0,0,0,0,0,0,0,0,0,0,0,0,0,0,0,0,0,0,0,0,0,0,0,0,0,0,0,0,0,0,0,0,0,0,0,0,0,0,0,0,0,0,0,0
{'1876'} com.coocaa.os.softsettings.provide: min(0.0) max(0.0) average(0.0)
{'1736'} com.tianci.push: 0,0,0,0,0,0,0,0,0,0,0,0,0,0,0,0,0,0,0,2,0,0,0,0,0,0,0,0,0,0,0,0,0,0,0,0,0,0,0,0,0,0,0,0,0,0,0,0,0,0,0,0,0,0,0,0,0,0,0,0,0,0,0,0,0,0,0,0,0,0,0,0,0,0,0,0,0
{'1736'} com.tianci.push: min(0.0) max(2.0) average(0.03)
{'3951'} com.coocaa.sysreport: 0,0,0,0,0,0,0,0,0,0,0,0,0,0,0,0,0,0,0,0,0,0,0,0,0,0,0,0,0,0,0,0,0,0,0,0,0,0,0,0,0,0,0,0,0,0,0,0,0,0,0,0,0,0,0,0,0,0,0,0,0,0,0,0,0,0,0,0,0,0,0,0,0,0,0,0,0
{'3951'} com.coocaa.sysreport: min(0.0) max(0.0) average(0.0)
{'3037'} android.process.media: 0,0,0,0,0,0,0,0,0,0,0,0,0,0,0,0,0,0,0,0,0,0,0,0,0,0,0,0,0,0,0,0,0,0,0,0,0,0,0,0,0,0,0,0,0,0,0,0,0,0,0,0,0,0,0,0,0,0,0,0,0,0,0,0,0,0,0,0,0,0,0,0,0,0,0,0,0
{'3037'} android.process.media: min(0.0) max(0.0) average(0.0)
{'1575'} com.dunn.instrument: 0,0,0,0,2,0,0,0,0,0,0,0,0,0,0,0,0,0,0,0,0,0,0,0,0,0,0,0,0,0,0,0,0,0,0,0,0,0,0,0,0,0,0,0,0,0,0,0,0,0,0,0,0,0,0,0,0,0,0,0,0,0,0,0,0,0,0,0,0,0,0,0,0
{'1575'} com.dunn.instrument: min(0.0) max(2.0) average(0.03)
{'21'} [ksoftirqd/3]: 2,2
{'21'} [ksoftirqd/3]: min(2.0) max(2.0) average(2.0)
{'1775'} com.dunn.i/system/binapp_process: 0,0,0,0,0,0,0,0,0,0,0,0,0,0,0,0,0,0,0,0,0,0,0,0,0,0,0,0,0,0,0,0,0,0,0,0,0,0,0,0,0,0,0,0,0,0,0,0,0,0,0,0,0,0,0,0,0,0,0,0,0,0,0,0,0
{'1775'} com.dunn.i/system/binapp_process: min(0.0) max(0.0) average(0.0)
{'1584'} com.skyworth.android.skyRMService: 0,0,0,0,0,0,0,0,0,0,0,0,0,0,0,0,0,0,0,0,0,0,0,0,0,0,0,0,0,0,0,0,0,0,0,0,0,0,0,0,0,0,0,0,0,0,0,0,0,2,0
{'1584'} com.skyworth.android.skyRMService: min(0.0) max(2.0) average(0.04)
{'13488'} com.coocaa.messageprovider: 0,0,0,0,0,0,0,0,0,0,0,0,0,0,0,0,0,0,0,0,0,0,0,0,0,0,0,0,0,0,0,0,0,0,0,0,0,0,0
{'13488'} com.coocaa.messageprovider: min(0.0) max(0.0) average(0.0)
{'2014'} long-vlogcat: 8,6,2,7,6,9,11,2,2,5,4,4,6,2,6,9,11,2,2,2,2,6,5,8,3,10,6,2,2,3,2,2,5,3,3,8,10,12,6,7,4,2,4,12,6,11,4
{'2014'} long-vlogcat: min(2.0) max(12.0) average(5.4)
{'1025'} [kworker/0:2]: 4,2,2,2,2,4,2,1,4
{'1025'} [kworker/0:2]: min(1.0) max(4.0) average(2.56)
{'30'} [kworker/1:1]: 2,2,2,2,4,2,2,2,4
{'30'} [kworker/1:1]: min(2.0) max(4.0) average(2.44)
{'17'} [ksoftirqd/2]: 2,2
{'17'} [ksoftirqd/2]: min(2.0) max(2.0) average(2.0)
{'1377'} [kworker/u:3]: 2,2,2,2,2
{'1377'} [kworker/u:3]: min(2.0) max(2.0) average(2.0)
{'349'} [kswapd0]: 11,9,2,19
{'349'} [kswapd0]: min(2.0) max(19.0) average(10.25)
{'13'} [ksoftirqd/1]: 2,2,2
{'13'} [ksoftirqd/1]: min(2.0) max(2.0) average(2.0)
{'13448'} [kworker/3:0]: 2,2,2,2,2,1,2,2,6
{'13448'} [kworker/3:0]: min(1.0) max(6.0) average(2.33)
{'743'} /-Xzygote/bin/app_processzygote: 0,0,0,0,0,0,0,0,0,0,0,0,0,0,0,0,0,0,0,0,0,0,0,0,0
{'743'} /-Xzygote/bin/app_processzygote: min(0.0) max(0.0) average(0.0)
{'31'} [kworker/2:1]: 2,4,2,2,2,2,2,2,2,2,2,2,2,2,2
{'31'} [kworker/2:1]: min(2.0) max(4.0) average(2.13)
{'746'} /system/bin/mediaserver: 0,0,0,0,0,0,0,0,0,0,0,0,0,0,0,0
{'746'} /system/bin/mediaserver: min(0.0) max(0.0) average(0.0)
{'7'} [kworker/u:0]: 2,2
{'7'} [kworker/u:0]: min(2.0) max(2.0) average(2.0)
{'739'} /system/bin/keypad: 2,2
{'739'} /system/bin/keypad: min(2.0) max(2.0) average(2.0)
{'756'} 1023-g1023-u/system/bin/sdcard: 2
{'756'} 1023-g1023-u/system/bin/sdcard: min(2.0) max(2.0) average(2.0)
{'286'} [kworker/u:2]: 2,2,2
{'286'} [kworker/u:2]: min(2.0) max(2.0) average(2.0)
{'12698'} [kworker/u:0H]: 2
{'12698'} [kworker/u:0H]: min(2.0) max(2.0) average(2.0)
{'1503'} -ip2p0/system/bin/wpa_supplicant: 2
{'1503'} -ip2p0/system/bin/wpa_supplicant: min(2.0) max(2.0) average(2.0)
{'2'} [hw_watchdog]: 2
{'2'} [hw_watchdog]: min(2.0) max(2.0) average(2.0)
{'703'} [kworker/2:1H]: 1
{'703'} [kworker/2:1H]: min(1.0) max(1.0) average(1.0)
