total_ram(MB): 452.27,452.27,452.27,452.27,452.27,452.27,452.27,452.27,452.27,452.27,452.27,452.27,452.27,452.27,452.27,452.27,452.27,452.27,452.27,452.27,452.27,452.27,452.27,452.27,452.27,452.27,452.27,452.27,452.27,452.27,452.27,452.27,452.27,452.27,452.27,452.27,452.27,452.27,452.27
total_ram(MB): min(452.27) max(452.27) average(452.27)
free_ram(MB): 91.77,88.60,93.75,94.16,94.41,91.43,91.91,91.73,93.49,94.65,94.34,94.38,94.32,93.79,93.58,93.96,95.75,95.17,95.28,94.21,95.24,94.88,94.51,94.76,94.88,95.99,95.81,95.32,95.70,96.75,97.87,97.70,97.14,95.28,94.73,94.93,95.05,95.01,94.81
free_ram(MB): min(88.6) max(97.87) average(94.54)
used_ram(MB): 197.20,198.98,195.40,194.83,194.21,195.55,196.78,197.13,195.14,193.82,194.53,194.18,194.71,194.96,196.13,195.71,193.48,193.38,193.92,193.76,194.54,194.31,194.56,194.17,194.67,193.00,193.45,193.17,193.56,192.42,191.08,190.22,192.11,192.23,193.13,192.82,195.12,192.64,193.04
used_ram(MB): min(190.22) max(198.98) average(194.21)
lost_ram(MB): 163.30,164.69,163.12,163.28,163.65,165.29,163.58,163.41,163.64,163.80,163.41,163.71,163.25,163.52,162.56,162.61,163.04,163.72,163.07,164.30,162.50,163.09,163.21,163.34,162.73,163.28,163.01,163.79,163.01,163.10,163.33,164.36,163.03,164.76,164.42,164.53,162.10,164.63,164.42
lost_ram(MB): min(162.1) max(165.29) average(163.53)
free(MB): 32.86,51.75,61.53,63.57,63.56,59.52,58.98,58.70,60.14,61.29,60.89,60.93,60.30,59.74,59.48,59.58,61.37,60.79,60.83,59.76,60.01,59.64,59.27,59.52,59.57,60.68,60.48,59.98,60.49,63.84,69.30,70.26,69.43,68.13,67.40,67.70,67.91,67.88,67.67
free(MB): min(32.86) max(70.26) average(61.4)
used_pss(MB): 172.66,175.19,172.46,171.88,171.18,172.42,173.55,173.84,171.78,170.41,171.09,170.73,171.14,171.32,172.44,171.99,169.70,169.56,170.07,169.84,170.56,170.35,170.58,170.13,170.57,168.85,169.17,168.85,169.18,167.95,166.70,166.08,167.93,168.10,168.97,168.75,171.17,168.62,169.01
used_pss(MB): min(166.08) max(175.19) average(170.38)
kernel(MB): 0.00,0.00,0.00,0.00,0.00,0.00,0.00,0.00,0.00,0.00,0.00,0.00,0.00,0.00,0.00,0.00,0.00,0.00,0.00,0.00,0.00,0.00,0.00,0.00,0.00,0.00,0.00,0.00,0.00,0.00,0.00,0.00,0.00,0.00,0.00,0.00,0.00,0.00,0.00
kernel(MB): min(0.0) max(0.0) average(0.0)
buffers(MB): 1.88,1.12,0.29,0.30,0.35,0.40,0.48,0.51,0.57,0.62,0.68,0.71,0.79,0.84,0.90,0.93,0.98,1.04,1.07,1.14,1.19,1.25,1.29,1.36,1.39,1.45,1.54,1.57,1.63,1.72,1.60,1.36,1.40,1.32,1.35,1.27,1.22,1.28,1.31
buffers(MB): min(0.29) max(1.88) average(1.08)
shmem(MB): 0.44,0.44,0.44,0.44,0.44,0.44,0.44,0.44,0.44,0.44,0.44,0.44,0.45,0.45,0.45,0.45,0.45,0.45,0.45,0.45,0.45,0.45,0.45,0.45,0.45,0.45,0.45,0.45,0.45,0.45,0.45,0.45,0.45,0.45,0.45,0.45,0.45,0.45,0.45
shmem(MB): min(0.44) max(0.45) average(0.45)
slab(MB): 22.23,22.22,22.21,22.21,22.25,22.29,22.31,22.35,22.35,22.35,22.32,22.30,22.33,22.35,22.34,22.34,22.34,22.33,22.33,22.33,22.34,22.25,22.24,22.23,22.25,22.25,22.30,22.30,22.30,22.30,22.33,22.33,22.33,22.36,22.36,22.34,22.29,22.29,22.27
slab(MB): min(22.21) max(22.36) average(22.3)
total_swap(MB): 96.00,96.00,96.00,96.00,96.00,96.00,96.00,96.00,96.00,96.00,96.00,96.00,96.00,96.00,96.00,96.00,96.00,96.00,96.00,96.00,96.00,96.00,96.00,96.00,96.00,96.00,96.00,96.00,96.00,96.00,96.00,96.00,96.00,96.00,96.00,96.00,96.00,96.00,96.00
total_swap(MB): min(96.0) max(96.0) average(96.0)
used_swap(MB): 79.65,80.37,81.39,81.57,81.78,81.74,81.72,81.72,81.69,81.66,81.66,81.66,81.66,81.66,81.66,81.66,81.66,81.66,81.66,81.66,81.66,81.66,81.65,81.65,81.65,81.65,81.65,81.65,81.66,82.08,82.79,82.84,82.84,82.86,82.59,82.59,82.64,82.64,82.64
used_swap(MB): min(79.65) max(82.86) average(81.83)
{'12501'} com.tianci.movieplatform(MB): 75.96,74.87,76.99,77.12,76.90,77.38,78.44,78.59,76.23,75.15,75.32,75.33,75.35,75.75,76.47,76.46,76.04,76.36,76.45,76.44,76.44,76.43,76.39,76.40,76.39,75.01,75.01,75.02,75.00,74.95,74.07,73.90,73.92,75.80,75.95,75.96,75.93,75.91,75.91
{'12501'} com.tianci.movieplatform(MB): min(73.9) max(78.59) average(75.95)
{'1351'} system(MB): 16.79,16.58,16.43,16.33,16.14,16.19,16.05,16.16,16.18,16.13,16.24,16.24,16.13,16.24,16.28,16.22,16.22,16.09,16.19,16.25,16.13,16.26,16.25,16.13,16.26,16.26,16.18,16.23,16.22,16.19,16.08,15.98,16.07,16.08,16.05,16.13,16.13,16.06,16.10
{'1351'} system(MB): min(15.98) max(16.79) average(16.2)
{'1834'} com.coocaa.os.ccosservice(MB): 16.13,16.13,15.26,15.11,14.93,14.93,14.93,14.92,14.92,14.91,15.02,14.92,14.91,14.92,14.92,14.92,14.92,14.91,14.92,14.92,14.92,14.92,14.91,14.91,14.92,14.92,14.92,14.91,14.91,14.20,13.74,13.72,13.71,13.72,13.70,13.70,13.69,13.69,13.70
{'1834'} com.coocaa.os.ccosservice(MB): min(13.69) max(16.13) average(14.7)
{'1618'} com.tianci.system(MB): 12.35,12.35,12.31,12.29,12.28,12.28,12.28,12.28,12.28,12.35,12.35,12.35,12.35,12.35,12.39,12.40,12.24,12.24,12.24,12.28,12.28,12.28,12.28,12.28,12.28,12.28,12.28,12.28,12.28,12.25,12.60,12.58,12.58,12.58,12.58,12.58,12.58,12.58,12.58
{'1618'} com.tianci.system(MB): min(12.24) max(12.6) average(12.37)
{'746'} mediaserver(MB): 10.54,14.44,10.83,10.83,10.82,11.83,11.80,11.83,11.83,11.80,11.80,11.83,11.81,11.85,11.85,11.85,9.82,9.82,9.82,9.78,9.82,9.82,9.82,9.81,9.79,9.76,9.82,9.77,9.82,9.81,9.77,9.77,11.19,9.77,9.77,9.77,11.97,9.77,9.77
{'746'} mediaserver(MB): min(9.76) max(14.44) average(10.68)
{'1959'} com.tianci.de(MB): 10.08,10.07,9.87,9.77,9.38,9.38,9.39,9.38,9.38,9.39,9.39,9.39,9.41,9.52,9.52,9.52,9.51,9.51,9.51,9.51,10.01,10.01,9.96,9.96,9.97,9.97,9.97,9.97,9.96,9.94,9.91,9.91,9.91,9.92,10.36,10.36,10.37,10.36,10.36
{'1959'} com.tianci.de(MB): min(9.38) max(10.37) average(9.8)
{'1869'} com.tianci.push(MB): 7.13,7.13,7.11,7.11,7.10,7.10,7.10,7.39,7.39,7.39,7.39,7.39,7.39,7.39,7.39,7.39,7.39,7.39,7.39,7.39,7.39,7.39,7.39,7.39,7.39,7.39,7.39,7.39,7.39,7.39,7.39,7.38,7.38,7.38,7.38,7.38,7.38,7.38,7.38
{'1869'} com.tianci.push(MB): min(7.1) max(7.39) average(7.34)
{'8000'} com.dunn.instrument(MB): 6.58,6.57,6.55,6.54,6.53,6.52,6.54,6.49,6.46,6.46,6.46,6.46,6.46,6.46,6.45,6.46,6.47,6.46,6.46,6.47,6.47,6.46,6.47,6.46,6.46,6.46,6.47,6.47,6.46,6.45,6.38,6.38,6.39,6.39,6.39,6.40,6.41,6.40,6.42
{'8000'} com.dunn.instrument(MB): min(6.38) max(6.58) average(6.46)
{'2032'} com.coocaa.os.softsettings.provider(MB): 4.96,5.21,5.21,5.21,5.21,5.21,5.21,5.21,5.21,5.21,5.21,5.21,5.21,5.21,5.21,5.21,5.21,5.21,5.21,5.21,5.21,5.21,5.21,5.20,5.21,5.21,5.21,5.21,5.21,5.20,4.95,4.95,4.95,4.95,4.95,4.95,4.95,4.95,4.95
{'2032'} com.coocaa.os.softsettings.provider(MB): min(4.95) max(5.21) average(5.14)
{'1609'} com.skyworth.android.skyRMService(MB): 3.04,3.06,3.05,3.05,3.05,3.05,3.05,3.05,3.05,3.08,3.08,3.08,3.08,3.11,3.11,3.03,3.03,3.03,3.04,3.04,3.05,3.05,3.05,3.06,3.06,3.06,3.06,3.06,3.06,3.07,3.04,3.06,3.06,3.07,3.07,3.07,3.07,3.07,3.07
{'1609'} com.skyworth.android.skyRMService(MB): min(3.03) max(3.11) average(3.06)
{'2242'} android.process.media(MB): 2.84,2.84,2.83,2.84,2.82,2.84,2.84,2.84,2.84,2.84,2.84,2.84,2.84,2.83,2.84,2.84,2.84,2.84,2.84,2.84,2.84,2.84,2.84,2.84,2.84,2.84,2.84,2.84,2.84,2.84,2.80,2.80,2.80,2.79,2.80,2.80,2.80,2.80,2.80
{'2242'} android.process.media(MB): min(2.79) max(2.84) average(2.83)
{'744'} zygote(MB): 0.98,0.98,0.98,0.98,0.98,0.98,0.96,0.97,0.97,0.97,0.98,0.98,0.97,0.96,0.98,0.98,0.98,0.98,0.97,0.97,0.97,0.97,0.98,0.98,0.97,0.98,0.97,0.98,0.98,0.95,0.93,0.93,0.93,0.93,0.93,0.93,0.92,0.93,0.93
{'744'} zygote(MB): min(0.92) max(0.98) average(0.96)
{'2086'} logcat(MB): 0.96,0.96,0.96,0.96,0.96,0.96,0.96,0.96,0.96,0.96,0.96,0.96,0.96,0.96,0.96,0.96,0.96,0.96,0.96,0.96,0.96,0.96,0.96,0.96,0.96,0.96,0.96,0.96,0.96,0.96,0.96,0.96,0.96,0.96,0.96,0.96,0.96,0.96,0.96
{'2086'} logcat(MB): min(0.96) max(0.96) average(0.96)
{'743'} surfaceflinger(MB): 0.94,0.94,0.93,0.93,0.93,0.93,0.93,0.93,0.93,0.94,0.93,0.93,1.19,0.93,0.93,0.94,0.93,0.93,0.93,0.93,0.93,0.93,0.94,0.93,0.93,0.93,0.93,0.93,0.93,0.93,0.93,0.93,0.93,0.93,0.93,0.93,0.93,0.93,0.93
{'743'} surfaceflinger(MB): min(0.93) max(1.19) average(0.94)
{'890'} TvServer(MB): 0.72,0.72,0.72,0.72,0.72,0.72,0.72,0.72,0.72,0.72,0.72,0.72,0.72,0.72,0.72,0.72,0.72,0.72,0.72,0.72,0.72,0.72,0.72,0.72,0.72,0.72,0.72,0.72,0.72,0.72,0.72,0.72,0.72,0.72,0.72,0.72,0.72,0.72,0.72
{'890'} TvServer(MB): min(0.72) max(0.72) average(0.72)
{'1519'} wpa_supplicant(MB): 0.38,0.38,0.38,0.38,0.38,0.38,0.38,0.38,0.38,0.38,0.38,0.38,0.38,0.38,0.38,0.38,0.38,0.38,0.38,0.38,0.38,0.38,0.38,0.38,0.38,0.38,0.38,0.38,0.38,0.38,0.38,0.38,0.38,0.38,0.38,0.38,0.38,0.38,0.38
{'1519'} wpa_supplicant(MB): min(0.38) max(0.38) average(0.38)
{'753'} sdcard(MB): 0.35,0.35,0.11,0.11,0.10,0.11,0.11,0.11,0.11,0.11,0.11,0.11,0.11,0.11,0.11,0.11,0.11,0.11,0.11,0.11,0.11,0.11,0.11,0.11,0.11,0.11,0.11,0.11,0.11,0.11,0.10,0.10,0.10,0.10,0.10,0.10,0.10,0.10,0.10
{'753'} sdcard(MB): min(0.1) max(0.35) average(0.12)
{'8117'} app_process(MB): 0.34,0.34,0.34,0.34,0.34,0.34,0.34,0.34,0.34,0.34,0.34,0.34,0.34,0.34,0.34,0.34,0.34,0.34,0.34,0.34,0.34,0.34,0.34,0.34,0.34,0.34,0.34,0.34,0.34,0.34,0.34,0.34,0.34,0.34,0.34,0.34,0.34,0.34,0.34
{'8117'} app_process(MB): min(0.34) max(0.34) average(0.34)
{'1709', '3484', '3922', '1928', '1734', '3007', '1044', '3640', '2555', '2527', '4093', '3147', '2685', '2320', '877', '2556', '3313', '2850', '3788', '1510', '657', '2134', '1247', '908'} dumpsys(MB): 0.32,0.00,0.32,0.00,0.00,0.00,0.32,0.00,0.25,0.00,0.32,0.00,0.30,0.00,0.00,0.00,0.25,0.00,0.32,0.00,0.32,0.00,0.32,0.00,0.00,0.00,0.00,0.00,0.32,0.00,0.32,0.00,0.32,0.00,0.32,0.00,0.32,0.00,0.32,0.00,0.32,0.00,0.32,0.00,0.25,0.00,0.32
{'1709', '3484', '3922', '1928', '1734', '3007', '1044', '3640', '2555', '2527', '4093', '3147', '2685', '2320', '877', '2556', '3313', '2850', '3788', '1510', '657', '2134', '1247', '908'} dumpsys(MB): min(0.0) max(0.32) average(0.13)
{'741'} netd(MB): 0.26,0.26,0.26,0.26,0.26,0.26,0.26,0.26,0.26,0.26,0.26,0.26,0.26,0.26,0.26,0.26,0.26,0.26,0.26,0.26,0.26,0.26,0.26,0.26,0.26,0.26,0.26,0.26,0.26,0.26,0.26,0.26,0.26,0.26,0.26,0.26,0.26,0.26,0.26
{'741'} netd(MB): min(0.26) max(0.26) average(0.26)
{'1'} /init(MB): 0.23,0.23,0.23,0.23,0.23,0.23,0.23,0.23,0.23,0.23,0.23,0.23,0.23,0.23,0.23,0.23,0.23,0.23,0.23,0.23,0.23,0.23,0.23,0.23,0.23,0.23,0.23,0.23,0.23,0.23,0.23,0.23,0.23,0.23,0.23,0.23,0.23,0.23,0.23
{'1'} /init(MB): min(0.23) max(0.23) average(0.23)
{'1409'} adbd(MB): 0.19,0.20,0.20,0.20,0.20,0.20,0.20,0.20,0.20,0.20,0.20,0.20,0.20,0.20,0.20,0.20,0.20,0.20,0.20,0.19,0.20,0.20,0.20,0.20,0.20,0.20,0.20,0.20,0.20,0.20,0.20,0.20,0.20,0.20,0.20,0.20,0.20,0.20,0.20
{'1409'} adbd(MB): min(0.19) max(0.2) average(0.2)
{'733'} healthd(MB): 0.11,0.11,0.11,0.11,0.11,0.11,0.11,0.11,0.11,0.11,0.11,0.11,0.11,0.11,0.11,0.11,0.11,0.11,0.11,0.11,0.11,0.11,0.11,0.11,0.11,0.11,0.11,0.11,0.11,0.11,0.11,0.11,0.11,0.11,0.11,0.11,0.11,0.11,0.11
{'733'} healthd(MB): min(0.11) max(0.11) average(0.11)
{'749'} FileDesc_server(MB): 0.08,0.08,0.08,0.08,0.08,0.08,0.08,0.08,0.08,0.08,0.08,0.08,0.08,0.08,0.08,0.08,0.08,0.08,0.08,0.08,0.08,0.08,0.08,0.08,0.08,0.08,0.08,0.08,0.08,0.08,0.08,0.08,0.08,0.08,0.08,0.08,0.08,0.08,0.08
{'749'} FileDesc_server(MB): min(0.08) max(0.08) average(0.08)
{'752'} coocaa_guard(MB): 0.07,0.07,0.07,0.07,0.07,0.07,0.07,0.07,0.07,0.07,0.07,0.07,0.07,0.07,0.07,0.07,0.07,0.07,0.07,0.07,0.07,0.07,0.07,0.07,0.07,0.07,0.07,0.07,0.07,0.07,0.07,0.07,0.07,0.07,0.07,0.07,0.07,0.07,0.07
{'752'} coocaa_guard(MB): min(0.07) max(0.07) average(0.07)
{'512'} ueventd(MB): 0.07,0.07,0.07,0.07,0.07,0.07,0.07,0.07,0.07,0.07,0.07,0.07,0.07,0.07,0.07,0.07,0.07,0.07,0.07,0.07,0.07,0.07,0.07,0.07,0.07,0.07,0.07,0.07,0.07,0.07,0.07,0.07,0.07,0.07,0.07,0.07,0.07,0.07,0.07
{'512'} ueventd(MB): min(0.07) max(0.07) average(0.07)
{'735'} servicemanager(MB): 0.05,0.05,0.05,0.05,0.05,0.05,0.05,0.05,0.05,0.05,0.05,0.05,0.05,0.05,0.05,0.05,0.05,0.05,0.05,0.05,0.05,0.05,0.05,0.05,0.05,0.05,0.05,0.05,0.05,0.05,0.05,0.05,0.05,0.05,0.05,0.05,0.05,0.05,0.05
{'735'} servicemanager(MB): min(0.05) max(0.05) average(0.05)
{'878'} RootApp(MB): 0.05,0.05,0.05,0.05,0.05,0.05,0.05,0.05,0.05,0.05,0.05,0.05,0.05,0.05,0.05,0.05,0.05,0.05,0.05,0.05,0.05,0.05,0.05,0.05,0.05,0.05,0.05,0.05,0.05,0.05,0.05,0.05,0.05,0.05,0.05,0.05,0.05,0.05,0.05
{'878'} RootApp(MB): min(0.05) max(0.05) average(0.05)
{'3959', '1735', '1690', '912'} busybox(MB): 0.04,0.04,0.04,0.00,0.04,0.00,0.04,0.04,0.04,0.04,0.04,0.04,0.04,0.00,0.04,0.00,0.04,0.04,0.04,0.04,0.04,0.04,0.04,0.04,0.04,0.04,0.04,0.04,0.04,0.04,0.04,0.04,0.04,0.04,0.04,0.04,0.04,0.04,0.04,0.04,0.04,0.00,0.04,0.00,0.04
{'3959', '1735', '1690', '912'} busybox(MB): min(0.0) max(0.04) average(0.03)
{'855'} logwrapper(MB): 0.03,0.03,0.03,0.03,0.03,0.03,0.03,0.03,0.03,0.03,0.03,0.03,0.03,0.03,0.03,0.03,0.03,0.03,0.03,0.03,0.03,0.03,0.03,0.03,0.03,0.03,0.03,0.03,0.03,0.03,0.03,0.03,0.03,0.03,0.03,0.03,0.03,0.03,0.03
{'855'} logwrapper(MB): min(0.03) max(0.03) average(0.03)
{'740'} keypad(MB): 0.02,0.02,0.02,0.02,0.02,0.02,0.02,0.02,0.02,0.02,0.02,0.02,0.02,0.02,0.02,0.02,0.02,0.02,0.02,0.02,0.02,0.02,0.02,0.02,0.02,0.02,0.02,0.02,0.02,0.02,0.02,0.02,0.02,0.02,0.02,0.02,0.02,0.02,0.02
{'740'} keypad(MB): min(0.02) max(0.02) average(0.02)
{'1250'} VirtualEvent(MB): 0.02,0.02,0.02,0.02,0.02,0.02,0.02,0.02,0.02,0.02,0.02,0.02,0.02,0.02,0.02,0.02,0.02,0.02,0.02,0.02,0.02,0.02,0.02,0.02,0.02,0.02,0.02,0.02,0.02,0.02,0.02,0.02,0.02,0.02,0.02,0.02,0.02,0.02,0.02
{'1250'} VirtualEvent(MB): min(0.02) max(0.02) average(0.02)
{'745'} drmserver(MB): 0.01,0.01,0.01,0.01,0.01,0.01,0.01,0.01,0.01,0.01,0.01,0.01,0.01,0.01,0.01,0.01,0.01,0.01,0.01,0.01,0.01,0.01,0.01,0.01,0.01,0.01,0.01,0.01,0.01,0.01,0.01,0.01,0.01,0.01,0.01,0.01,0.01,0.01,0.01
{'745'} drmserver(MB): min(0.01) max(0.01) average(0.01)
{'748'} keystore(MB): 0.01,0.01,0.01,0.01,0.01,0.01,0.01,0.01,0.01,0.01,0.01,0.01,0.01,0.01,0.01,0.01,0.01,0.01,0.01,0.01,0.01,0.01,0.01,0.01,0.01,0.01,0.01,0.01,0.01,0.01,0.01,0.01,0.01,0.01,0.01,0.01,0.01,0.01,0.01
{'748'} keystore(MB): min(0.01) max(0.01) average(0.01)
{'736'} vold(MB): 0.01,0.01,0.01,0.01,0.01,0.01,0.01,0.01,0.01,0.01,0.01,0.01,0.01,0.01,0.01,0.01,0.01,0.01,0.01,0.01,0.01,0.01,0.01,0.01,0.01,0.01,0.01,0.01,0.01,0.01,0.01,0.01,0.01,0.01,0.01,0.01,0.01,0.01,0.01
{'736'} vold(MB): min(0.01) max(0.01) average(0.01)
{'742'} debuggerd(MB): 0.01,0.01,0.01,0.01,0.01,0.01,0.01,0.01,0.01,0.01,0.01,0.01,0.01,0.01,0.01,0.01,0.01,0.01,0.01,0.01,0.01,0.01,0.01,0.01,0.01,0.01,0.01,0.01,0.01,0.01,0.01,0.01,0.01,0.01,0.01,0.01,0.01,0.01,0.01
{'742'} debuggerd(MB): min(0.01) max(0.01) average(0.01)
{'3171', '8065', '2862', '734', '2553'} sh(MB): 0.01,0.00,0.01,0.00,0.01,0.00,0.01,0.00,0.01,0.00,0.01,0.00,0.01,0.00,0.01,0.00,0.01,0.00,0.01,0.00,0.01,0.00,0.01,0.00,0.01,0.00,0.01,0.00,0.01,0.00,0.01,0.00,0.01,0.00,0.01,0.00,0.01,0.00,0.00,0.01,0.00,0.00,0.01,0.00,0.01,0.00,0.01,0.00,0.00,0.01,0.00,0.00,0.01,0.00,0.01,0.00,0.01,0.00,0.00,0.01,0.00,0.00,0.01,0.00,0.01,0.00,0.01,0.00,0.01,0.00,0.01,0.00,0.01,0.00,0.01,0.00,0.01,0.00,0.01,0.00,0.01,0.00,0.01,0.00
{'3171', '8065', '2862', '734', '2553'} sh(MB): min(0.0) max(0.01) average(0.0)
{'738'} hardwared(MB): 0.00,0.00,0.00,0.00,0.00,0.00,0.00,0.00,0.00,0.00,0.00,0.00,0.00,0.00,0.00,0.00,0.00,0.00,0.00,0.00,0.00,0.00,0.00,0.00,0.00,0.00,0.00,0.00,0.00,0.00,0.00,0.00,0.00,0.00,0.00,0.00,0.00,0.00,0.00
{'738'} hardwared(MB): min(0.0) max(0.0) average(0.0)
{'747'} installd(MB): 0.00,0.00,0.00,0.00,0.00,0.00,0.00,0.00,0.00,0.00,0.00,0.00,0.00,0.00,0.00,0.00,0.00,0.00,0.00,0.00,0.00,0.00,0.00,0.00,0.00,0.00,0.00,0.00,0.00,0.00,0.00,0.00,0.00,0.00,0.00,0.00,0.00,0.00,0.00
{'747'} installd(MB): min(0.0) max(0.0) average(0.0)
{'1264'} smobsd(MB): 0.00,0.00,0.00,0.00,0.00,0.00,0.00,0.00,0.00,0.00,0.00,0.00,0.00,0.00,0.00,0.00,0.00,0.00,0.00,0.00,0.00,0.00,0.00,0.00,0.00,0.00,0.00,0.00,0.00,0.00,0.00,0.00,0.00,0.00,0.00,0.00,0.00,0.00,0.00
{'1264'} smobsd(MB): min(0.0) max(0.0) average(0.0)
{'1744'} dhcpcd(MB): 0.00,0.00,0.00,0.00,0.00,0.00,0.00,0.00,0.00,0.00,0.00,0.00,0.00,0.00,0.00,0.00,0.00,0.00,0.00,0.00,0.00,0.00,0.00,0.00,0.00,0.00,0.00,0.00,0.00,0.00,0.00,0.00,0.00,0.00,0.00,0.00,0.00,0.00,0.00
{'1744'} dhcpcd(MB): min(0.0) max(0.0) average(0.0)
{'3174', '2557'} grep(MB): 0.00,0.00,0.00,0.00
{'3174', '2557'} grep(MB): min(0.0) max(0.0) average(0.0)
{'3173'} ps(MB): 0.00,0.00
{'3173'} ps(MB): min(0.0) max(0.0) average(0.0)
{'3175'} awk(MB): 0.00,0.00
{'3175'} awk(MB): min(0.0) max(0.0) average(0.0)
