usr: 62,44,44,53,37,61,45,37,51,39,56,61,46,39,56,39,53,63,46,35,50,29,52,40,54,60,43,55,36,52,47,44,57,49,42,47,45,57,49,50,40,48,44,42,48,45,58,56,51,41,59,64,46,50,53,44,53,50,40,61,52,50,51,52,43,56,36,47,48,63,43,47,43
usr: min(29.0) max(64.0) average(48.62)
sys: 31,21,33,38,6,31,45,23,35,19,35,23,37,24,37,33,25,31,33,19,25,24,24,15,23,36,20,16,28,30,39,29,35,26,26,28,22,32,20,40,16,25,27,22,32,17,20,21,18,32,30,26,27,26,20,30,26,33,27,30,37,26,41,28,11,38,7,27,18,30,13,29,29
sys: min(6.0) max(45.0) average(26.79)
nic: 0,0,0,0,0,0,0,0,0,0,0,0,0,0,0,0,0,0,0,0,0,0,0,0,0,0,0,0,0,0,0,0,0,0,0,0,0,0,0,0,0,0,0,0,0,0,0,0,0,0,0,0,0,0,0,0,0,0,0,0,0,0,0,0,0,0,0,0,0,0,0,0,0
nic: min(0.0) max(0.0) average(0.0)
idle: 3,27,17,1,37,4,1,23,7,39,0,13,12,32,4,20,19,0,12,45,17,44,18,40,20,1,31,25,34,15,9,24,3,16,28,19,30,7,29,5,41,22,25,35,17,34,18,17,30,25,8,7,23,18,24,20,13,16,29,5,5,18,1,14,45,3,56,22,30,5,39,19,25
idle: min(0.0) max(56.0) average(19.73)
io: 0,0,0,0,16,0,3,13,1,0,1,0,0,0,0,3,0,0,0,0,0,0,0,0,0,0,0,0,0,0,0,0,0,0,0,0,0,0,0,0,0,0,0,0,0,0,0,0,0,0,0,0,0,0,0,0,0,0,0,0,0,0,1,0,0,0,0,0,0,0,0,0,0
io: min(0.0) max(16.0) average(0.52)
irq: 0,0,0,0,0,0,0,0,0,0,0,0,0,0,0,0,0,0,0,0,0,0,0,0,0,0,0,0,0,0,0,0,0,0,0,0,0,0,0,0,0,0,0,0,0,0,0,0,0,0,0,0,0,0,0,0,0,0,0,0,0,0,0,0,0,0,0,0,0,0,0,0,0
irq: min(0.0) max(0.0) average(0.0)
sirq: 3,6,3,6,2,2,4,2,3,2,6,1,3,3,1,1,2,4,7,0,7,1,3,2,1,1,4,2,2,2,3,1,3,7,1,5,1,1,1,3,1,3,1,0,1,2,4,3,0,1,2,1,2,4,2,5,6,0,3,1,3,3,3,6,0,1,0,2,2,0,4,3,2
sirq: min(0.0) max(7.0) average(2.51)
{'12501'} com.tianci.movieplatform: 27,21,21,24,27,31,27,22,18,32,32,38,26,28,31,26,22,25,23,27,28,28,27,25,31,24,25,23,26,26,21,26,26,25,25,26,30,27,33,22,27,24,24,24,27,33,26,29,23,27,22,23,23,30,30,24,23,25,29,23,30,22,32,34,28,18,23,28,33,27,34,27,27
{'12501'} com.tianci.movieplatform: min(18.0) max(38.0) average(26.45)
{'1351'} system_server: 19,3,20,11,0,18,0,10,15,0,18,7,24,2,16,2,22,6,20,0,19,0,16,5,19,30,14,23,0,22,2,22,2,21,21,24,0,19,0,27,0,19,22,2,23,2,18,4,23,0,38,19,23,19,21,19,23,21,0,27,2,20,7,19,0,20,0,20,8,18,0,22,19
{'1351'} system_server: min(0.0) max(38.0) average(13.38)
{'743'} /system/bin/surfaceflinger: 12,6,5,8,5,3,5,6,10,5,5,3,6,8,6,7,4,9,9,6,5,6,7,4,7,8,8,4,4,8,5,6,7,8,6,7,8,6,5,10,5,5,4,9,6,7,8,8,6,4,6,9,6,4,6,3,8,8,9,7,8,7,3,6,6,9,5,4,4,9,6,4,8
{'743'} /system/bin/surfaceflinger: min(3.0) max(12.0) average(6.36)
{'746'} /system/bin/mediaserver: 10,11,7,15,4,4,6,4,10,10,17,7,6,8,9,7,8,20,11,6,5,6,11,9,7,11,8,6,10,10,8,4,25,8,6,9,9,12,5,8,5,10,6,4,6,4,10,25,6,5,6,9,11,7,8,7,10,10,7,7,8,7,8,10,10,7,5,8,8,25,8,4,8
{'746'} /system/bin/mediaserver: min(4.0) max(25.0) average(8.71)
{'8000'} com.dunn.instrument: 7,0,4,3,0,0,8,0,5,0,0,0,6,0,3,5,0,8,5,0,0,0,4,0,0,6,0,2,0,4,8,0,7,0,0,0,4,6,0,8,0,0,0,0,6,0,4,0,0,5,0,6,0,1,0,3,0,6,0,9,11,4,8,0,0,13,0,0,0,4,0,0,0
{'8000'} com.dunn.instrument: min(0.0) max(13.0) average(2.51)
{'1959'} com.tianci.de: 6,8,4,5,4,4,3,4,7,5,6,7,6,6,6,5,6,9,5,4,5,6,7,5,7,6,6,4,4,6,7,4,5,8,4,5,4,6,5,7,5,5,6,2,4,4,6,4,4,2,4,4,2,4,6,5,3,4,7,7,8,6,5,4,4,5,3,2,8,4,4,4,2
{'1959'} com.tianci.de: min(2.0) max(9.0) average(5.04)
{'1618'} com.tianci.system: 3,2,0,0,0,0,0,2,10,0,0,0,0,2,2,0,2,9,0,0,2,0,0,2,0,2,0,0,0,0,0,0,2,2,0,0,0,0,0,0,2,0,2,2,2,2,0,0,0,2,0,0,2,1,0,0,0,0,2,2,0,2,0,0,0,0,0,0,0,0,0,0,2
{'1618'} com.tianci.system: min(0.0) max(10.0) average(0.89)
{'657', '3407'} meminfodumpsys: 3,2
{'657', '3407'} meminfodumpsys: min(2.0) max(3.0) average(2.5)
{'890'} 2705530880TvServer: 1,5,4,4,2,4,2,0,2,2,2,3,2,6,5,3,4,3,5,2,3,0,4,4,2,3,0,4,2,2,2,2,4,6,2,5,4,4,4,2,2,2,4,4,4,0,2,4,2,4,2,6,0,3,2,3,5,0,4,4,4,6,3,4,2,2,2,4,4,2,4,2,2
{'890'} 2705530880TvServer: min(0.0) max(6.0) average(2.99)
{'1409'} /sbin/adbd: 1,2,2,2,2,4,2,2,2,2,0,2,2,0,2,0,4,3,0,2,2,2,2,1,2,2,2,2,2,2,2,2,2,2
{'1409'} /sbin/adbd: min(0.0) max(4.0) average(1.85)
{'2086'} long-vlogcat: 1,2,2,2,2,2,2,2,2
{'2086'} long-vlogcat: min(1.0) max(2.0) average(1.89)
{'3959', '1483', '3568', '3125', '1093', '3020', '3089', '3207', '998', '792', '1529', '1630', '3766', '2544', '2234', '3885', '2974', '3307', '1782', '2025', '1154', '2889', '3060', '1926', '3523', '653', '825', '2140', '2279', '1053', '3347', '1693', '1850', '3491', '2179', '2769', '2722', '4017', '2374', '2635', '3161', '4045', '1574', '3449', '3724', '1735', '3797', '1201', '2804', '2848', '3844', '2329', '2594', '873', '2088', '912', '1980', '1251', '2421', '2507', '2929', '3405', '1317', '952', '1395', '3692', '3655', '3615', '2681', '693', '4091', '3919'} 1-ntopbusybox: 1,2,2,3,4,3,3,4,5,2,3,5,6,2,5,3,2,3,4,2,3,4,5,4,3,3,2,4,4,4,5,2,4,4,2,3,2,2,5,3,2,3,2,4,2,2,6,4,2,2,4,6,4,2,5,3,2,2,4,4,4,2,2,2,5,2,2,2,4,2,2,2
{'3959', '1483', '3568', '3125', '1093', '3020', '3089', '3207', '998', '792', '1529', '1630', '3766', '2544', '2234', '3885', '2974', '3307', '1782', '2025', '1154', '2889', '3060', '1926', '3523', '653', '825', '2140', '2279', '1053', '3347', '1693', '1850', '3491', '2179', '2769', '2722', '4017', '2374', '2635', '3161', '4045', '1574', '3449', '3724', '1735', '3797', '1201', '2804', '2848', '3844', '2329', '2594', '873', '2088', '912', '1980', '1251', '2421', '2507', '2929', '3405', '1317', '952', '1395', '3692', '3655', '3615', '2681', '693', '4091', '3919'} 1-ntopbusybox: min(1.0) max(6.0) average(3.17)
{'1363'} [kworker/u:3]: 1,2,2,2,2
{'1363'} [kworker/u:3]: min(1.0) max(2.0) average(1.8)
{'21593'} [kworker/u:1]: 1,2,2,1,2
{'21593'} [kworker/u:1]: min(1.0) max(2.0) average(1.6)
{'1834'} com.coocaa.os.ccosservice: 0,0,0,0,0,4,0,2,0,0,0,0,0,0,0,0,0,0,0,0,0,0,0,0,0,0,0,0,0,0,0,0,0,0,0,0,0,0,0,0,0,0,0,0,0,0,0,0,0,0,0,0,0,0,0,0,0,0,0,0,0,0,0,0,0,0,0,0,0,0,0,0,0
{'1834'} com.coocaa.os.ccosservice: min(0.0) max(4.0) average(0.08)
{'1869'} com.tianci.push: 0,0,0,0,0,0,0,0,0,0,0,0,0,0,0,0,0,0,0,0,0,0,0,0,0,0,0,0,0,0,0,0,0,0,0,0,2,0,0,0,0,0,0,0,0,0,0,0,0,0,2,0,0,0,0,0,0,0,0,0,0,0,0,0,0,0,0,0,0,0,0,0,0
{'1869'} com.tianci.push: min(0.0) max(2.0) average(0.05)
{'2032'} com.coocaa.os.softsettings.provide: 0,0,0,0,0,0,0,0,0,0,0,0,0,0,0,0,0,0,0,0,0,0,0,0,0,0,0,0,0,0,0,0,0,0,0,0,0,0,0,0,0,0,0,0,0,0,0,0,0,0,0,0,0,0,0,0,0,0,0,0,0,0,0,0,0,0,0,0,0,0,0,0,0
{'2032'} com.coocaa.os.softsettings.provide: min(0.0) max(0.0) average(0.0)
{'8117'} com.dunn.i/system/binapp_process: 0,0,0,0,0,0,0,0,0,0,0,0,0,0,0,0,0,0,0,0,0,0,0,0,0,0,0,0,0,0,0,0,0,0,0,0,0,0,0,0,0,0,0,0,0,0,0,0,0,0,0,0,0,0,0,0,0,0,0,0,0,0,0,0,0,0,0,0,0,0,0,0,0
{'8117'} com.dunn.i/system/binapp_process: min(0.0) max(0.0) average(0.0)
{'2242'} android.process.media: 0,0,0,0,0,0,0,0,0,0,0,0,0,0,0,0,0,0,0,0,0,0,0,0,0,0,0,0,0,0,0,0,0,0,0,0,0,0,0,0,0,0,0,0,0,0,0,0,0,0,0,0,0,0,0,0,0,0,0,0,0,0,0,0,0,0,0,0,0,0,0,0,0
{'2242'} android.process.media: min(0.0) max(0.0) average(0.0)
{'1609'} com.skyworth.android.skyRMService: 0,0,0,0,0,0,0,2,0,0,0,0,0,0,0,2,0,0,0,0,0,0,0,0,0,0,0,0,0,0,0,0,0,0,0,0,0,0,0,0,0,0,0,0,0,0,0,0,0,0,0,0,0,0,0,0,0,0,0,0,0,0,0,0,0,0,0,0,0,0,0,0
{'1609'} com.skyworth.android.skyRMService: min(0.0) max(2.0) average(0.06)
{'16322'} [kworker/u:2]: 2,1,2,2,2,2,2,2,2,2,2,2,2,2,2,2
{'16322'} [kworker/u:2]: min(1.0) max(2.0) average(1.94)
{'33'} [kworker/0:1]: 2,2,2,2
{'33'} [kworker/0:1]: min(2.0) max(2.0) average(2.0)
{'744'} /-Xzygote/bin/app_processzygote: 0,0,0,0,0,0,0,0,0,0,0,0,0,0,0,0,0,0,0,0,0,0,0,0,0,0,0,0,0,0,0,0,0,0,0,0,0,0,0,0,0,0,0,0,0,0,0,0,0,0,0,0,0,0,0,0,0,0,0,0,0,0,0,0,0,0,0,0,0,0,0
{'744'} /-Xzygote/bin/app_processzygote: min(0.0) max(0.0) average(0.0)
{'1250'} VirtualEvent: 0,0,0,0,0,0,0,0,0,0,0,0,0,0,0,0,0,0,0,0,0,0,0,0,0,0,0,0,0,0,0,0,0,0,0,0,0,0,0,0,0,0,0,0,0,0,0,0,0,0,0,0,0,0,0,0,0,0,0,0
{'1250'} VirtualEvent: min(0.0) max(0.0) average(0.0)
{'745'} /system/bin/drmserver: 0,0,0,0,0,0,0,0,0,0,0,0,0,0,0,0,0,0,0,0,0,0,0,0,0,0,0,0,0,0,0,0,0,0,0,0,0,0,0,0,0,0,0,0
{'745'} /system/bin/drmserver: min(0.0) max(0.0) average(0.0)
{'741'} /system/bin/netd: 0,0,0,0,0,0,0,0,0,0,0,0,0,0,0,0,0,0,0,0,0,0,0,0,0,0,0,0
{'741'} /system/bin/netd: min(0.0) max(0.0) average(0.0)
{'348'} [kswapd0]: 8,1
{'348'} [kswapd0]: min(1.0) max(8.0) average(4.5)
{'753'} 1023-g1023-u/system/bin/sdcard: 1,2
{'753'} 1023-g1023-u/system/bin/sdcard: min(1.0) max(2.0) average(1.5)
{'740'} /system/bin/keypad: 1,2,2
{'740'} /system/bin/keypad: min(1.0) max(2.0) average(1.67)
{'457'} [mmcqd/0]: 1,3,6,2,3,3,10,2,2,2,2,12,2,4
{'457'} [mmcqd/0]: min(1.0) max(12.0) average(3.86)
{'10'} [rcu_preempt]: 2,2,2,2,2,2,2,2,2,2
{'10'} [rcu_preempt]: min(2.0) max(2.0) average(2.0)
{'4'} [ksoftirqd/0]: 1,2
{'4'} [ksoftirqd/0]: min(1.0) max(2.0) average(1.5)
{'21765'} [kworker/u:1H]: 2,2,2
{'21765'} [kworker/u:1H]: min(2.0) max(2.0) average(2.0)
{'1594'} [RTW_CMD_THREAD]: 2,2,2,1,2,2,2
{'1594'} [RTW_CMD_THREAD]: min(1.0) max(2.0) average(1.86)
{'31'} [kworker/2:1]: 2
{'31'} [kworker/2:1]: min(2.0) max(2.0) average(2.0)
{'749'} /system/bin/FileDesc_server: 2,2,2,2,0,0,2,2,2,0,2,2,2,2,2,2,1,2,2,2,2,2
{'749'} /system/bin/FileDesc_server: min(0.0) max(2.0) average(1.68)
{'699'} [jbd2/mmcblk0p2-]: 2,2,2
{'699'} [jbd2/mmcblk0p2-]: min(2.0) max(2.0) average(2.0)
{'752'} /system/vendor/bin/coocaa_guard: 2,2
{'752'} /system/vendor/bin/coocaa_guard: min(2.0) max(2.0) average(2.0)
{'29182'} [kworker/u:2H]: 2
{'29182'} [kworker/u:2H]: min(2.0) max(2.0) average(2.0)
{'735'} /system/bin/servicemanager: 2,3,2,2,2,2,2
{'735'} /system/bin/servicemanager: min(2.0) max(3.0) average(2.14)
{'436'} [eth0]: 2
{'436'} [eth0]: min(2.0) max(2.0) average(2.0)
{'31178'} [kworker/u:0]: 2,2,2,2,2,2
{'31178'} [kworker/u:0]: min(2.0) max(2.0) average(2.0)
{'12732'} [kworker/1:2]: 2,2
{'12732'} [kworker/1:2]: min(2.0) max(2.0) average(2.0)
{'17'} [ksoftirqd/2]: 2
{'17'} [ksoftirqd/2]: min(2.0) max(2.0) average(2.0)
