usr: 25,18,24,14,39,18,29,24,30,19,24,18,38,24,29,23,14,17,48,25,22,27,28,19,21,40,42,18,28,15,27,28,11,43,20,29,16,21,12,50,24,17,37,33,32,10,26,19,21,47,12,29,16,30,12,28,14,20,28,13,39,12,31,14,26,26,16,23,20,32,20,21,42,24,28,18,28,19,25
usr: min(10.0) max(50.0) average(24.67)
sys: 29,70,38,20,37,20,27,21,28,26,36,20,30,33,31,37,20,39,13,30,24,20,28,28,35,50,20,21,30,21,20,24,27,27,20,29,18,17,18,26,34,27,26,25,32,25,29,23,23,27,21,29,22,17,20,32,26,33,37,25,20,18,20,24,14,37,24,36,28,30,23,28,29,34,30,16,30,21,24
sys: min(13.0) max(70.0) average(26.92)
nic: 0,0,0,0,0,0,0,0,0,0,0,0,0,0,6,0,0,0,0,0,0,0,0,0,0,0,0,0,0,0,0,0,0,0,0,0,0,0,0,0,0,0,0,0,0,0,0,0,0,0,0,0,0,0,0,0,0,0,0,0,0,0,0,0,0,0,0,0,0,0,0,0,0,0,0,0,0,0,0
nic: min(0.0) max(6.0) average(0.08)
idle: 43,6,32,65,21,58,40,54,41,53,36,59,26,42,29,35,64,41,30,44,50,52,42,50,41,2,32,60,36,60,52,45,61,23,56,38,61,60,69,20,40,52,26,39,32,62,40,55,53,16,65,38,60,51,65,36,59,44,27,60,39,68,45,61,59,33,54,40,47,35,55,49,25,38,39,64,36,57,48
idle: min(2.0) max(69.0) average(44.82)
io: 0,4,0,0,0,0,0,0,0,0,0,0,0,0,2,1,0,0,0,0,0,0,0,0,0,0,0,0,0,0,0,0,0,0,0,0,0,0,0,0,0,0,0,0,0,0,0,0,0,0,0,0,0,0,0,0,0,0,3,0,0,0,0,0,0,0,0,0,0,0,0,0,0,0,0,0,0,0,0
io: min(0.0) max(4.0) average(0.13)
irq: 0,0,0,0,0,0,0,0,0,0,0,0,0,0,0,0,0,0,0,0,0,0,0,0,0,0,0,0,0,0,0,0,0,0,0,0,0,0,0,0,0,0,0,0,0,0,0,0,0,0,0,0,0,0,0,0,0,0,0,0,0,0,0,0,0,0,0,0,0,0,0,0,0,0,0,0,0,0,0
irq: min(0.0) max(0.0) average(0.0)
sirq: 1,2,6,0,1,2,1,0,0,0,2,1,3,0,2,1,0,1,6,0,1,0,0,1,1,7,4,0,3,1,0,1,0,5,1,1,4,0,0,1,2,1,8,1,2,1,3,1,1,8,0,1,0,0,2,2,0,1,3,1,0,2,2,0,0,1,3,0,3,1,1,1,1,2,1,0,3,1,1
sirq: min(0.0) max(8.0) average(1.53)
{'15637'} system_server: 22,10,22,0,27,0,22,0,21,0,20,4,2,22,4,20,0,22,0,21,0,25,10,0,23,1,22,0,21,0,23,11,0,24,0,21,2,24,0,21,16,0,23,0,24,0,19,2,2,20,0,22,0,22,0,22,0,7,22,0,25,0,21,0,15,21,0,20,0,19,0,5,19,0,20,0,23,0,13
{'15637'} system_server: min(0.0) max(27.0) average(11.0)
{'15246'} /system/bin/mediaserver: 10,14,8,5,8,11,6,5,6,7,10,6,10,7,6,9,6,10,29,7,9,6,8,6,7,21,9,11,8,8,8,8,7,15,7,9,8,7,8,8,16,6,10,10,8,7,7,8,10,30,5,7,4,7,6,8,5,9,10,5,7,8,8,6,8,5,8,11,3,8,7,7,9,10,7,6,10,9,7
{'15246'} /system/bin/mediaserver: min(3.0) max(30.0) average(8.61)
{'16320'} com.tianci.movieplatform: 4,4,12,2,18,6,4,14,4,5,12,2,23,2,29,4,4,4,15,4,12,6,6,4,4,30,14,2,6,4,6,2,5,13,5,2,6,0,2,25,2,2,13,23,8,2,4,4,2,14,0,4,6,7,6,4,2,7,3,3,13,2,13,4,2,9,2,4,7,11,2,4,22,8,5,2,8,2,2
{'16320'} com.tianci.movieplatform: min(0.0) max(30.0) average(7.14)
{'741'} /system/bin/surfaceflinger: 4,6,6,5,4,4,7,2,6,4,6,4,6,2,4,5,4,2,5,2,4,4,4,6,5,8,7,5,6,6,4,4,5,4,3,5,6,4,4,4,8,6,6,4,6,4,4,4,4,6,4,6,2,4,4,6,5,6,5,3,4,4,4,4,4,4,4,4,5,6,3,4,6,4,5,6,4,5,4
{'741'} /system/bin/surfaceflinger: min(2.0) max(8.0) average(4.65)
{'27888', '27918', '29466', '27688', '28047', '28681', '29011', '29036', '29067', '28384', '29290', '27082', '28188', '28230', '28283', '27272', '27628', '28253', '28831', '28491', '28949', '29187', '27309', '28343', '29262', '28889', '28640', '29163', '29407', '27196', '27717', '29323', '27507', '28306', '27048', '27655', '28567', '27479', '29495', '28077', '29135', '28471', '27814', '27751', '29215', '28018', '28597', '27595', '27239', '27387', '28866', '29347', '29434', '27839', '28800', '27124', '28520', '29372', '27536', '28123', '27165', '28430', '28540', '28735', '28155', '27335', '27782', '29098', '28922', '27444'} 1-ntopbusybox: 4,2,4,2,2,4,4,4,4,4,4,6,4,2,2,3,4,5,2,2,2,4,5,3,2,2,2,2,4,2,2,2,2,2,2,2,4,4,2,2,2,2,2,4,2,4,2,2,4,4,6,5,2,2,2,2,4,4,2,2,3,5,4,4,2,4,2,4,2,2
{'27888', '27918', '29466', '27688', '28047', '28681', '29011', '29036', '29067', '28384', '29290', '27082', '28188', '28230', '28283', '27272', '27628', '28253', '28831', '28491', '28949', '29187', '27309', '28343', '29262', '28889', '28640', '29163', '29407', '27196', '27717', '29323', '27507', '28306', '27048', '27655', '28567', '27479', '29495', '28077', '29135', '28471', '27814', '27751', '29215', '28018', '28597', '27595', '27239', '27387', '28866', '29347', '29434', '27839', '28800', '27124', '28520', '29372', '27536', '28123', '27165', '28430', '28540', '28735', '28155', '27335', '27782', '29098', '28922', '27444'} 1-ntopbusybox: min(2.0) max(6.0) average(3.01)
{'16137'} com.tianci.de: 2,2,6,2,2,6,4,4,4,0,2,4,4,4,4,4,2,4,5,2,7,4,4,8,5,8,3,4,4,4,4,4,2,5,3,5,4,0,2,6,6,4,4,6,4,4,2,0,4,4,4,6,4,4,4,6,2,2,5,0,4,2,2,2,2,2,6,2,5,2,3,5,2,6,4,4,4,4,6
{'16137'} com.tianci.de: min(0.0) max(8.0) average(3.73)
{'457'} [mmcqd/0]: 2,18,2,2,2,5,2,2,5
{'457'} [mmcqd/0]: min(2.0) max(18.0) average(4.44)
{'10822'} [kworker/u:1]: 2,2,2,2,2,2,1,2,2,2,2,2,2
{'10822'} [kworker/u:1]: min(1.0) max(2.0) average(1.92)
{'15834'} com.ccos.tv.homepage: 0,4,0,0,0,0,0,0,0,0,0,0,0,0,0,0,0,0,0,0,0,0,0,0,0,0,0,0,0,0,0,0,0,0,0,0,0,0,0,0,0,0,0,0,0,0,0,0,0,0,0,0,2,0,0,0,0,0,0,0,0,0,0,0,0,0,0,0,0,0,0,0,0,0,0,0,0,0,0
{'15834'} com.ccos.tv.homepage: min(0.0) max(4.0) average(0.08)
{'15820'} com.tianci.system: 0,2,0,0,0,0,2,0,0,0,2,0,2,0,0,0,2,0,2,0,0,0,0,0,0,0,2,0,0,0,0,0,2,0,2,0,2,0,0,2,0,0,0,0,2,0,0,0,0,0,0,0,0,2,0,0,0,0,0,0,0,0,0,0,0,0,0,2,0,0,0,2,0,0,0,0,0,2,0
{'15820'} com.tianci.system: min(0.0) max(2.0) average(0.41)
{'21200'} com.tianci.movieplatform:daemon: 0,0,0,0,0,0,0,0,0,0,0,0,0,0,0,0,0,0,0,0,0,0,0,0,0,1,0,0,0,0,0,0,0,0,0,0,0,0,0,0,0,0,0,0,0,0,0,0,0,0,0,0,0,0,0,0,0,0,0,0,0,0,0,0,0,0,0,0,0,0,3,0,0,0,0,0,0,0,0
{'21200'} com.tianci.movieplatform:daemon: min(0.0) max(3.0) average(0.05)
{'16236'} com.coocaa.os.ccosservice: 0,0,0,0,0,0,0,0,0,0,0,0,0,0,0,0,0,0,0,0,0,0,0,0,0,0,0,0,0,0,0,0,0,0,0,0,0,0,0,0,0,0,0,0,0,0,0,0,0,0,0,0,0,0,0,0,0,0,0,0,0,0,0,0,0,0,0,0,0,0,0,0,0,0,0,0,0,0,0
{'16236'} com.coocaa.os.ccosservice: min(0.0) max(0.0) average(0.0)
{'16450'} com.tianci.ad: 0,0,0,0,0,0,0,0,0,0,0,0,0,0,0,0,0,0,0,0,0,0,0,0,0,0,0,0,0,0,0,0,0,0,0,0,0
{'16450'} com.tianci.ad: min(0.0) max(0.0) average(0.0)
{'15973'} com.tianci.push: 0,0,0,0,0,0,0,0,0,0,0,0,0,0,0,0,0,0,0,0,0,0,0,0,0,0,0,0,0,0,0,0,0,0,0,0,0,0,0,0,0,0,0,0,0,0,0,0,0,0,0,0,0,0,0,0,0,8,0,0,0,0,0,0,0,0,0,0,0,0,0,0,0,0,0,0,0,0
{'15973'} com.tianci.push: min(0.0) max(8.0) average(0.1)
{'17857'} com.coocaa.sysreport: 0,0,0,0,0,0,0,0,0,0,0,0,0,0,0,0,0,0,0,0,0,0,0,0,0,0,0,0,0,0,0,0,0,0,0,0,0,0,0,0,0,0,0,0,0,0,0,0,0,0,0,0,0,0,0,0,0,0,0,0,0,0,0,0,0,0,0,0,0,0,0,0,0,0,0,0,0,0
{'17857'} com.coocaa.sysreport: min(0.0) max(0.0) average(0.0)
{'16039'} com.coocaa.os.softsettings.provide: 0,0,0,0,0,0,0,0,0,0,0,0,0,0,0,0,0,0,0,0,0,0,0,0,0,0,0,0,0,0,0,0,0,0,0,0,0,0,0,0,0,0,0,0,0,0,0,0,0,0,0,0,0,0,0,0,0,0,0,0,0,0,0,0,0,0,0,0,0,0,0,0,0,0,0,0,0,0
{'16039'} com.coocaa.os.softsettings.provide: min(0.0) max(0.0) average(0.0)
{'15811'} com.dunn.instrument: 0,0,0,0,0,0,0,0,0,0,0,0,0,0,0,0,0,0,0,0,0,0,0,0,0,0,0,0,0,0,0,0,0,0,0,0,0,0,0,0,0,0,0,0,0,0,0,0,0,0,0,0,0,0,0,0,0,0,0,0,0,0,0,0,0,0,0,0,0,0,0,0,0,0,0
{'15811'} com.dunn.instrument: min(0.0) max(0.0) average(0.0)
{'15968'} com.dunn.i/system/binapp_process: 0,0,0,0,0,0,0,0,0,0,0,0,0,0,0,0,0,0,0,0,0,0,0,0,0,0,0,0,0,0,0,0,0,0,0,0,0,0,0,0,0,0,0,0,0,0,0,0,0,0,0,0,0,0,0,0,0,0,0,0,0,0,0,0,0,0,0,0,0,0,0,0,0
{'15968'} com.dunn.i/system/binapp_process: min(0.0) max(0.0) average(0.0)
{'15244'} /-Xzygote/bin/app_processzygote: 0,0,0,0,0,0,0,0,0,0,0,0,0,0,0,0,0,0,0,0,0,0,0,0,0,0,0,0,0,0,0,0,0,0,0,0,0,0,0,0,0,0,0,0,0,0,0,0,0,0,0,0,0,0,0,0,0,0,0,0,0,0,0,0,0,0,0,0
{'15244'} /-Xzygote/bin/app_processzygote: min(0.0) max(0.0) average(0.0)
{'1116'} 2706432000TvServer: 0,4,2,4,4,4,2,2,2,2,4,2,4,4,4,2,4,2,2,4,0,2,2,4,2,0,4,4,2,2,2,2,2,4,0,2,2,4,4,0,4,4,4,4,2,4,2,2,0,2,2,2,4,2,2,2,3,0,2,2,2,0,0,2,0,2,3,2,2,2,0,4,4,2,2,2,4
{'1116'} 2706432000TvServer: min(0.0) max(4.0) average(2.39)
{'349'} [kswapd0]: 14,2
{'349'} [kswapd0]: min(2.0) max(14.0) average(8.0)
{'1411'} /sbin/adbd: 2,2,4,4,2,2,2,1,2,2,2,2,2,2,2,2,0,2,6,4,2,2,2,4,2
{'1411'} /sbin/adbd: min(0.0) max(6.0) average(2.36)
{'734'} /system/bin/servicemanager: 2,2,2,2,4,1,2,2,2,2,2,2
{'734'} /system/bin/servicemanager: min(1.0) max(4.0) average(2.08)
{'4'} [ksoftirqd/0]: 2
{'4'} [ksoftirqd/0]: min(2.0) max(2.0) average(2.0)
{'10'} [rcu_preempt]: 2,2,2,2,2,2,2,2,2
{'10'} [rcu_preempt]: min(2.0) max(2.0) average(2.0)
{'1230'} VirtualEvent: 0,0,0,0,0,0,0,0,0,0,0,0,0,0,0,0,0,0,0,0,0,0,0,0,0,0,0,0,0,0,0,0,0,0,0,0,0,0,0,0,0,0,2,0,0,0,0,0,0,0,0
{'1230'} VirtualEvent: min(0.0) max(2.0) average(0.04)
{'749'} /system/bin/FileDesc_server: 2,2,2,2,2,2,2,2,2,2,2,2,2,2,2,2,2
{'749'} /system/bin/FileDesc_server: min(2.0) max(2.0) average(2.0)
{'1552'} [RTW_CMD_THREAD]: 2,2,1,2,2,2
{'1552'} [RTW_CMD_THREAD]: min(1.0) max(2.0) average(1.83)
{'699'} [jbd2/mmcblk0p2-]: 2,2
{'699'} [jbd2/mmcblk0p2-]: min(2.0) max(2.0) average(2.0)
{'24052'} [kworker/u:0]: 2,2,2,2,2,2,2,1,2,2,2,2,2,2
{'24052'} [kworker/u:0]: min(1.0) max(2.0) average(1.93)
{'19022'} [kworker/u:1H]: 2
{'19022'} [kworker/u:1H]: min(2.0) max(2.0) average(2.0)
{'744'} /system/bin/drmserver: 0,0,0,0,0,0,0,0,0,0,0,0,0,0,0,0,0,0,0,0,0,0,0,0,0,0,0,0,0,0,0,0
{'744'} /system/bin/drmserver: min(0.0) max(0.0) average(0.0)
{'15793'} long-vlogcat: 2,2,2,2,2,2
{'15793'} long-vlogcat: min(2.0) max(2.0) average(2.0)
{'15325'} [kworker/0:1]: 2,2
{'15325'} [kworker/0:1]: min(2.0) max(2.0) average(2.0)
{'738'} /system/bin/keypad: 2,2,2,1,2,2,2
{'738'} /system/bin/keypad: min(1.0) max(2.0) average(1.86)
{'15245'} /system/bin/netd: 0,0,0,0,0,0,0,0,0,0,0
{'15245'} /system/bin/netd: min(0.0) max(0.0) average(0.0)
{'286'} [kworker/u:2]: 2,2,2
{'286'} [kworker/u:2]: min(2.0) max(2.0) average(2.0)
{'2874'} [kworker/1:2]: 2,2
{'2874'} [kworker/1:2]: min(2.0) max(2.0) average(2.0)
{'754'} 1023-g1023-u/system/bin/sdcard: 1
{'754'} 1023-g1023-u/system/bin/sdcard: min(1.0) max(1.0) average(1.0)
{'27333'} [kworker/u:0H]: 1,2,2,2
{'27333'} [kworker/u:0H]: min(1.0) max(2.0) average(1.75)
{'22668'} [kworker/u:2H]: 2
{'22668'} [kworker/u:2H]: min(2.0) max(2.0) average(2.0)
{'17'} [ksoftirqd/2]: 2
{'17'} [ksoftirqd/2]: min(2.0) max(2.0) average(2.0)
{'13'} [ksoftirqd/1]: 2
{'13'} [ksoftirqd/1]: min(2.0) max(2.0) average(2.0)
{'32'} [kworker/3:1]: 2,2
{'32'} [kworker/3:1]: min(2.0) max(2.0) average(2.0)
