total_ram(MB): 452.27,452.27,452.27,452.27,452.27,452.27,452.27,452.27,452.27,452.27,452.27,452.27,452.27,452.27,452.27,452.27,452.27,452.27,452.27,452.27,452.27,452.27,452.27,452.27,452.27,452.27,452.27,452.27,452.27,452.27,452.27,452.27,452.27,452.27,452.27,452.27,452.27,452.27,452.27,452.27,452.27,452.27,452.27,452.27
total_ram(MB): min(452.27) max(452.27) average(452.27)
free_ram(MB): 78.45,79.48,79.75,80.16,79.71,78.63,79.16,79.07,79.11,78.11,77.63,79.12,79.13,79.54,78.13,77.91,78.14,78.76,72.56,77.31,89.55,90.10,89.36,90.41,90.84,92.89,92.90,91.68,91.98,94.09,94.00,93.20,92.99,92.79,92.95,92.44,91.21,90.79,90.73,91.09,90.46,90.17,89.99,89.76
free_ram(MB): min(72.56) max(94.09) average(85.6)
used_ram(MB): 224.21,222.73,224.01,223.48,224.02,223.77,224.65,224.44,224.93,224.44,226.06,224.23,224.70,224.45,227.68,225.56,225.87,225.36,228.70,226.28,224.31,211.95,212.48,210.51,212.18,209.40,209.67,210.27,210.88,208.26,208.79,210.23,210.53,210.22,210.70,210.34,211.73,212.06,212.24,211.80,213.69,213.42,213.57,213.38
used_ram(MB): min(208.26) max(228.7) average(217.78)
lost_ram(MB): 149.61,150.06,148.52,148.63,148.54,149.87,148.46,148.75,148.23,149.72,148.59,148.92,148.44,148.29,146.46,148.80,148.26,148.15,151.01,148.68,138.41,150.23,150.43,151.36,149.26,149.98,149.70,150.32,149.40,149.93,149.48,148.84,148.75,149.27,148.63,149.49,149.32,149.42,149.30,149.39,148.12,148.69,148.71,149.13
lost_ram(MB): min(138.41) max(151.36) average(148.9)
free(MB): 21.50,43.17,43.45,43.57,42.89,41.77,42.30,42.21,42.25,41.25,40.76,42.25,41.74,41.80,40.39,40.18,40.40,41.02,34.82,39.52,51.28,51.83,51.08,52.12,52.29,53.77,53.66,51.28,51.58,53.68,53.45,52.65,51.64,51.43,51.10,50.49,49.10,48.67,48.61,48.74,48.11,47.82,47.63,47.39
free(MB): min(21.5) max(53.77) average(46.06)
used_pss(MB): 200.76,200.04,201.31,200.81,201.33,201.06,201.94,201.72,202.12,201.62,203.22,201.38,201.79,201.57,204.74,202.61,202.95,202.44,205.77,203.32,201.34,188.94,189.44,187.43,189.10,186.29,186.55,187.12,187.78,185.18,185.66,187.09,187.26,186.95,187.41,187.05,188.40,188.71,188.88,188.43,190.34,190.10,190.23,190.04
used_pss(MB): min(185.18) max(205.77) average(194.73)
kernel(MB): 0.00,0.00,0.00,0.00,0.00,0.00,0.00,0.00,0.00,0.00,0.00,0.00,0.00,0.00,0.00,0.00,0.00,0.00,0.00,0.00,0.00,0.00,0.00,0.00,0.00,0.00,0.00,0.00,0.00,0.00,0.00,0.00,0.00,0.00,0.00,0.00,0.00,0.00,0.00,0.00,0.00,0.00,0.00,0.00
kernel(MB): min(0.0) max(0.0) average(0.0)
buffers(MB): 1.05,0.27,0.27,0.28,0.30,0.31,0.33,0.33,0.37,0.37,0.38,0.40,0.41,0.41,0.43,0.45,0.45,0.46,0.48,0.49,0.49,0.52,0.55,0.56,0.56,0.58,0.59,0.61,0.61,0.62,0.66,0.66,0.80,0.80,0.82,0.82,0.84,0.87,0.88,0.88,0.90,0.91,0.93,0.93
buffers(MB): min(0.27) max(1.05) average(0.58)
shmem(MB): 0.46,0.46,0.46,0.46,0.46,0.46,0.46,0.46,0.46,0.46,0.46,0.46,0.46,0.46,0.46,0.46,0.46,0.46,0.46,0.46,0.46,0.46,0.46,0.46,0.46,0.46,0.46,0.46,0.46,0.46,0.46,0.46,0.46,0.46,0.46,0.46,0.46,0.46,0.46,0.46,0.46,0.46,0.46,0.46
shmem(MB): min(0.46) max(0.46) average(0.46)
slab(MB): 21.94,21.96,21.97,21.93,21.93,21.93,21.92,21.93,21.98,21.98,21.99,21.99,22.03,22.00,22.04,22.04,22.01,21.99,21.99,22.00,22.01,22.03,22.03,22.05,22.05,22.07,22.06,22.07,22.04,21.98,22.00,22.01,22.01,22.01,22.01,22.01,22.03,22.02,22.01,22.02,21.99,21.94,21.95,21.94
slab(MB): min(21.92) max(22.07) average(22.0)
total_swap(MB): 96.00,96.00,96.00,96.00,96.00,96.00,96.00,96.00,96.00,96.00,96.00,96.00,96.00,96.00,96.00,96.00,96.00,96.00,96.00,96.00,96.00,96.00,96.00,96.00,96.00,96.00,96.00,96.00,96.00,96.00,96.00,96.00,96.00,96.00,96.00,96.00,96.00,96.00,96.00,96.00,96.00,96.00,96.00,96.00
total_swap(MB): min(96.0) max(96.0) average(96.0)
used_swap(MB): 84.52,85.35,85.34,85.34,85.34,85.34,85.34,85.34,85.34,85.34,85.34,85.34,85.33,85.33,85.33,85.33,85.33,85.33,85.33,85.33,83.76,83.76,83.75,83.73,83.72,83.71,83.68,83.67,83.66,83.66,83.65,83.64,83.63,83.62,83.61,83.60,83.59,83.56,83.55,83.55,83.55,83.54,83.53,83.53
used_swap(MB): min(83.53) max(85.35) average(84.39)
{'16320'} com.tianci.movieplatform(MB): 60.82,59.63,60.56,60.36,60.57,60.57,63.42,63.52,63.59,63.47,63.50,61.98,62.06,62.12,62.92,61.09,61.13,61.04,61.31,61.93,59.55,59.85,60.03,58.78,60.04,60.04,59.92,60.56,61.02,58.67,58.73,58.83,59.91,59.91,59.91,59.79,60.67,61.29,61.14,61.16,61.31,62.71,62.46,62.57
{'16320'} com.tianci.movieplatform(MB): min(58.67) max(63.59) average(61.01)
{'15834'} com.ccos.tv.homepage(MB): 33.03,34.62,34.63,34.63,34.66,34.66,34.66,34.66,34.66,34.66,34.66,34.66,34.69,34.69,34.69,34.69,34.69,34.69,34.70,34.70,34.70,34.85,34.87,34.87,34.89,34.90,34.91,34.92,34.93,34.94,34.94,34.95,34.97,34.97,34.98,34.99,35.00,35.01,35.02,35.03,35.03,35.03,35.04,35.04
{'15834'} com.ccos.tv.homepage(MB): min(33.03) max(35.04) average(34.78)
{'15637'} system(MB): 14.22,14.27,14.28,14.28,14.28,14.29,14.29,14.28,14.29,14.29,14.29,14.27,14.27,14.30,14.32,14.32,14.32,14.32,14.32,14.32,14.32,14.38,14.39,13.95,14.01,14.13,14.19,14.20,14.07,14.14,14.23,14.23,14.23,14.23,14.24,14.24,14.26,14.26,14.26,14.09,14.17,14.21,14.24,14.24
{'15637'} system(MB): min(13.95) max(14.39) average(14.24)
{'16450'} com.tianci.ad(MB): 12.96,12.78,12.78,12.78,12.78,12.78,12.78,12.78,12.78,12.78,12.78,12.78,12.78,12.78,12.78,12.78,12.78,12.78,12.78,12.78,12.78,0.00
{'16450'} com.tianci.ad(MB): min(0.0) max(12.96) average(12.21)
{'15246'} mediaserver(MB): 11.84,11.84,11.84,11.84,11.83,11.84,9.55,9.55,9.55,9.55,10.75,10.75,10.75,10.75,12.71,12.71,12.71,12.62,15.39,12.62,12.53,12.53,12.53,12.53,12.53,9.79,9.79,9.79,9.79,9.79,9.78,11.42,9.79,9.79,9.79,9.79,9.79,9.79,9.79,9.79,11.16,9.79,9.79,9.79
{'15246'} mediaserver(MB): min(9.55) max(15.39) average(10.97)
{'15820'} com.tianci.system(MB): 11.26,11.18,11.18,11.19,11.19,11.19,11.19,11.19,11.19,11.19,11.19,11.19,11.19,11.19,11.24,11.24,11.24,11.24,11.24,11.24,11.38,11.23,11.23,11.23,11.23,11.32,11.32,11.32,11.32,11.32,11.33,11.33,11.58,11.58,11.58,11.55,11.53,11.53,11.53,11.53,11.53,11.53,11.55,11.55
{'15820'} com.tianci.system(MB): min(11.18) max(11.58) average(11.32)
{'16137'} com.tianci.de(MB): 10.11,10.10,10.10,10.10,10.11,10.11,10.11,10.11,10.12,10.11,10.11,10.11,10.11,10.11,10.14,10.15,10.13,10.12,10.11,10.11,10.11,10.15,10.15,10.15,10.15,10.15,10.15,10.15,10.15,10.15,10.15,10.15,10.15,10.15,10.15,10.15,10.35,10.35,10.35,10.35,10.35,10.36,10.35,10.35
{'16137'} com.tianci.de(MB): min(10.1) max(10.36) average(10.17)
{'16236'} com.coocaa.os.ccosservice(MB): 8.65,8.58,8.58,8.59,8.59,8.59,8.59,8.58,8.59,8.59,8.59,8.59,8.58,8.58,8.59,8.59,8.59,8.59,8.58,8.59,8.59,8.63,8.63,8.63,8.63,8.63,8.63,8.63,8.63,8.63,8.63,8.63,8.59,8.58,8.58,8.55,8.53,8.53,8.53,8.53,8.52,8.52,8.53,8.53
{'16236'} com.coocaa.os.ccosservice(MB): min(8.52) max(8.65) average(8.59)
{'21200'} com.tianci.movieplatform:daemon(MB): 8.09,8.06,8.06,8.06,8.06,8.06,8.06,8.06,8.06,8.06,8.06,8.06,8.06,8.06,8.06,8.06,8.06,8.06,8.06,8.06,8.06,8.08,8.08,8.08,8.08,8.08,8.08,8.08,8.08,8.08,8.08,8.08,8.08,8.08,8.08,8.08,8.08,8.08,8.08,8.08,8.08,8.08,8.08,8.08
{'21200'} com.tianci.movieplatform:daemon(MB): min(8.06) max(8.09) average(8.07)
{'17857'} com.coocaa.sysreport(MB): 7.77,7.72,7.72,7.72,7.72,7.72,7.72,7.72,7.72,7.72,7.72,7.72,7.72,7.72,7.72,7.72,7.72,7.72,7.72,7.72,7.72,7.84,7.84,7.84,7.84,7.84,7.84,7.84,7.84,7.84,7.84,7.84,7.79,7.79,7.79,7.76,7.73,7.73,7.73,7.73,7.73,7.73,7.73,7.73
{'17857'} com.coocaa.sysreport(MB): min(7.72) max(7.84) average(7.76)
{'15973'} com.tianci.push(MB): 7.51,7.25,7.25,7.25,7.25,7.25,7.25,7.25,7.25,7.25,7.25,7.25,7.25,7.25,7.25,7.25,7.25,7.25,7.25,7.25,7.25,7.29,7.29,7.29,7.29,7.29,7.29,7.51,7.51,7.51,7.51,7.51,7.74,7.74,7.74,7.90,7.87,7.87,7.87,7.87,7.87,7.87,7.87,7.87
{'15973'} com.tianci.push(MB): min(7.25) max(7.9) average(7.45)
{'16039'} com.coocaa.os.softsettings.provider(MB): 5.27,5.13,5.13,5.13,5.13,5.13,5.13,5.13,5.13,5.13,5.13,5.13,5.13,5.13,5.13,5.13,5.13,5.13,5.13,5.13,5.13,5.15,5.15,5.15,5.15,5.15,5.15,5.15,5.15,5.15,5.15,5.15,5.15,5.15,5.29,5.29,5.29,5.29,5.29,5.29,5.29,5.29,5.29,5.29
{'16039'} com.coocaa.os.softsettings.provider(MB): min(5.13) max(5.29) average(5.18)
{'15811'} com.dunn.instrument(MB): 2.93,2.91,2.91,2.91,2.91,2.91,2.91,2.91,2.91,2.91,2.91,2.91,2.91,2.91,2.91,2.91,2.91,2.91,2.91,2.91,2.91,2.94,2.94,2.94,2.95,2.95,2.95,2.95,2.95,2.95,2.95,2.95,2.95,2.95,2.96,2.96,2.96,2.96,2.97,2.97,2.97,2.97,2.97,2.97
{'15811'} com.dunn.instrument(MB): min(2.91) max(2.97) average(2.93)
{'15244'} zygote(MB): 1.26,1.26,1.26,1.26,1.26,1.26,1.26,1.26,1.26,1.26,1.26,1.26,1.26,1.26,1.26,1.26,1.26,1.26,1.26,1.26,1.28,1.29,1.29,1.29,1.29,1.29,1.29,1.29,1.29,1.29,1.29,1.29,1.29,1.29,1.28,1.29,1.29,1.29,1.29,1.29,1.29,1.29,1.29,1.29
{'15244'} zygote(MB): min(1.26) max(1.29) average(1.28)
{'741'} surfaceflinger(MB): 0.98,0.97,0.97,0.97,0.97,0.97,0.97,0.97,0.97,0.97,0.97,0.97,0.97,0.97,0.97,0.97,0.97,0.97,0.97,0.97,0.97,0.97,0.97,0.97,0.97,0.97,0.97,0.97,0.97,0.97,0.97,0.97,0.97,0.97,0.97,0.97,0.97,0.97,0.97,0.97,0.97,0.97,0.97,0.97
{'741'} surfaceflinger(MB): min(0.97) max(0.98) average(0.97)
{'1116'} TvServer(MB): 0.80,0.78,0.78,0.78,0.78,0.78,0.78,0.78,0.78,0.78,0.78,0.78,0.78,0.78,0.78,0.78,0.78,0.78,0.78,0.78,0.78,0.78,0.78,0.78,0.78,0.78,0.78,0.78,0.78,0.78,0.78,0.78,0.78,0.78,0.78,0.78,0.78,0.78,0.78,0.78,0.78,0.78,0.78,0.78
{'1116'} TvServer(MB): min(0.78) max(0.8) average(0.78)
{'15706'} wpa_supplicant(MB): 0.38,0.38,0.38,0.38,0.38,0.38,0.38,0.38,0.38,0.38,0.38,0.38,0.38,0.38,0.38,0.38,0.38,0.38,0.38,0.38,0.38,0.38,0.38,0.38,0.38,0.38,0.38,0.38,0.38,0.38,0.38,0.38,0.38,0.38,0.38,0.38,0.38,0.38,0.38,0.38,0.38,0.38,0.38,0.38
{'15706'} wpa_supplicant(MB): min(0.38) max(0.38) average(0.38)
{'15968'} app_process(MB): 0.34,0.34,0.34,0.34,0.34,0.34,0.34,0.34,0.34,0.34,0.34,0.34,0.34,0.34,0.34,0.34,0.34,0.34,0.34,0.34,0.34,0.34,0.34,0.34,0.34,0.34,0.34,0.34,0.34,0.34,0.34,0.34,0.34,0.34,0.34,0.34,0.34,0.34,0.34,0.34,0.34,0.34,0.34,0.34
{'15968'} app_process(MB): min(0.34) max(0.34) average(0.34)
{'15793'} logcat(MB): 0.32,0.31,0.31,0.31,0.31,0.31,0.31,0.31,0.31,0.31,0.31,0.31,0.31,0.31,0.31,0.31,0.31,0.31,0.31,0.31,0.31,0.31,0.31,0.31,0.31,0.31,0.31,0.31,0.31,0.31,0.31,0.31,0.31,0.31,0.31,0.31,0.31,0.31,0.31,0.31,0.31,0.31,0.31,0.31
{'15793'} logcat(MB): min(0.31) max(0.32) average(0.31)
{'27323', '28348', '29426', '28818', '28120', '27647', '27756', '27879', '28486', '29321', '28034', '29029', '28246', '28570', '27423', '27046', '27529', '29130', '28698', '28919', '27190', '29229'} dumpsys(MB): 0.31,0.00,0.31,0.00,0.28,0.00,0.31,0.00,0.31,0.00,0.31,0.00,0.31,0.00,0.31,0.00,0.31,0.00,0.31,0.00,0.31,0.00,0.31,0.00,0.31,0.00,0.31,0.00,0.31,0.00,0.31,0.00,0.31,0.00,0.31,0.00,0.31,0.00,0.31,0.00,0.31,0.00,0.31,0.00
{'27323', '28348', '29426', '28818', '28120', '27647', '27756', '27879', '28486', '29321', '28034', '29029', '28246', '28570', '27423', '27046', '27529', '29130', '28698', '28919', '27190', '29229'} dumpsys(MB): min(0.0) max(0.31) average(0.15)
{'15245'} netd(MB): 0.25,0.25,0.25,0.25,0.25,0.25,0.25,0.25,0.25,0.25,0.25,0.25,0.25,0.25,0.25,0.25,0.25,0.25,0.25,0.25,0.25,0.25,0.25,0.25,0.25,0.25,0.25,0.25,0.25,0.25,0.25,0.25,0.25,0.25,0.25,0.25,0.25,0.25,0.25,0.25,0.25,0.25,0.25,0.25
{'15245'} netd(MB): min(0.25) max(0.25) average(0.25)
{'748'} keystore(MB): 0.24,0.24,0.24,0.24,0.24,0.24,0.24,0.24,0.24,0.24,0.24,0.24,0.24,0.24,0.24,0.24,0.24,0.24,0.24,0.24,0.24,0.25,0.25,0.25,0.25,0.25,0.25,0.25,0.25,0.24,0.25,0.25,0.25,0.25,0.25,0.25,0.25,0.25,0.25,0.25,0.25,0.25,0.25,0.25
{'748'} keystore(MB): min(0.24) max(0.25) average(0.25)
{'1'} /init(MB): 0.22,0.22,0.22,0.22,0.22,0.22,0.22,0.22,0.22,0.22,0.22,0.22,0.22,0.22,0.22,0.22,0.22,0.22,0.22,0.22,0.22,0.23,0.23,0.23,0.23,0.23,0.23,0.23,0.23,0.23,0.23,0.23,0.23,0.23,0.23,0.23,0.23,0.23,0.23,0.23,0.23,0.23,0.23,0.23
{'1'} /init(MB): min(0.22) max(0.23) average(0.23)
{'733', '15896'} sh(MB): 0.21,0.00,0.21,0.00,0.21,0.00,0.21,0.00,0.21,0.00,0.21,0.00,0.21,0.00,0.21,0.00,0.21,0.00,0.15,0.00,0.21,0.00,0.21,0.00,0.21,0.00,0.21,0.00,0.21,0.00,0.21,0.00,0.21,0.00,0.21,0.00,0.21,0.00,0.21,0.00,0.21,0.00,0.21,0.00,0.21,0.00,0.21,0.00,0.21,0.00,0.21,0.00,0.21,0.00,0.21,0.00,0.21,0.00,0.21,0.00,0.21,0.00,0.21,0.00,0.21,0.00,0.21,0.00,0.21,0.00,0.21,0.00,0.21,0.00,0.21,0.00,0.21,0.00,0.21,0.00,0.21,0.00,0.21,0.00,0.21,0.00,0.21,0.00
{'733', '15896'} sh(MB): min(0.0) max(0.21) average(0.1)
{'1411'} adbd(MB): 0.20,0.20,0.20,0.20,0.20,0.20,0.20,0.20,0.20,0.20,0.20,0.20,0.20,0.20,0.20,0.20,0.20,0.20,0.20,0.20,0.20,0.20,0.20,0.20,0.20,0.20,0.20,0.20,0.20,0.20,0.20,0.20,0.20,0.20,0.20,0.20,0.20,0.20,0.20,0.20,0.20,0.20,0.20,0.20
{'1411'} adbd(MB): min(0.2) max(0.2) average(0.2)
{'754'} sdcard(MB): 0.13,0.13,0.13,0.13,0.13,0.13,0.13,0.13,0.13,0.13,0.13,0.13,0.13,0.13,0.13,0.13,0.13,0.13,0.13,0.13,0.13,0.13,0.13,0.13,0.13,0.13,0.13,0.13,0.13,0.13,0.13,0.13,0.13,0.13,0.13,0.13,0.13,0.13,0.13,0.13,0.13,0.13,0.13,0.13
{'754'} sdcard(MB): min(0.13) max(0.13) average(0.13)
{'732'} healthd(MB): 0.11,0.11,0.11,0.11,0.11,0.11,0.11,0.11,0.11,0.11,0.11,0.11,0.11,0.11,0.11,0.11,0.11,0.11,0.11,0.11,0.11,0.11,0.11,0.11,0.11,0.11,0.11,0.11,0.11,0.11,0.11,0.11,0.11,0.11,0.11,0.11,0.11,0.11,0.11,0.11,0.11,0.11,0.11,0.11
{'732'} healthd(MB): min(0.11) max(0.11) average(0.11)
{'735'} vold(MB): 0.11,0.11,0.11,0.11,0.11,0.11,0.11,0.11,0.11,0.10,0.11,0.11,0.11,0.11,0.11,0.11,0.11,0.11,0.11,0.11,0.11,0.11,0.11,0.11,0.11,0.11,0.11,0.11,0.11,0.11,0.11,0.11,0.11,0.11,0.11,0.11,0.11,0.11,0.11,0.11,0.11,0.11,0.11,0.11
{'735'} vold(MB): min(0.1) max(0.11) average(0.11)
{'749'} FileDesc_server(MB): 0.08,0.08,0.08,0.08,0.08,0.08,0.08,0.08,0.08,0.08,0.08,0.08,0.08,0.08,0.08,0.08,0.08,0.08,0.08,0.08,0.08,0.08,0.08,0.08,0.08,0.08,0.08,0.08,0.08,0.08,0.08,0.08,0.08,0.08,0.08,0.08,0.08,0.08,0.08,0.08,0.08,0.08,0.08,0.08
{'749'} FileDesc_server(MB): min(0.08) max(0.08) average(0.08)
{'512'} ueventd(MB): 0.07,0.07,0.07,0.07,0.07,0.07,0.07,0.07,0.07,0.07,0.07,0.07,0.07,0.07,0.07,0.07,0.07,0.07,0.07,0.07,0.07,0.07,0.07,0.07,0.07,0.07,0.07,0.07,0.07,0.07,0.07,0.07,0.07,0.07,0.07,0.07,0.07,0.07,0.07,0.07,0.07,0.07,0.07,0.07
{'512'} ueventd(MB): min(0.07) max(0.07) average(0.07)
{'751'} coocaa_guard(MB): 0.06,0.06,0.06,0.06,0.06,0.06,0.06,0.06,0.06,0.06,0.06,0.06,0.06,0.06,0.06,0.06,0.06,0.06,0.06,0.06,0.06,0.06,0.06,0.06,0.06,0.06,0.06,0.06,0.06,0.06,0.06,0.06,0.06,0.06,0.06,0.06,0.06,0.06,0.06,0.06,0.06,0.06,0.06,0.06
{'751'} coocaa_guard(MB): min(0.06) max(0.06) average(0.06)
{'734'} servicemanager(MB): 0.05,0.05,0.05,0.05,0.05,0.05,0.05,0.05,0.05,0.05,0.05,0.05,0.05,0.05,0.05,0.05,0.05,0.05,0.05,0.05,0.05,0.05,0.05,0.05,0.05,0.05,0.05,0.05,0.05,0.05,0.05,0.05,0.05,0.05,0.05,0.05,0.05,0.05,0.05,0.05,0.05,0.05,0.05,0.05
{'734'} servicemanager(MB): min(0.05) max(0.05) average(0.05)
{'1088'} RootApp(MB): 0.05,0.05,0.05,0.05,0.05,0.05,0.05,0.05,0.05,0.05,0.05,0.05,0.05,0.05,0.05,0.05,0.05,0.05,0.05,0.05,0.05,0.05,0.05,0.05,0.05,0.05,0.05,0.05,0.05,0.05,0.05,0.05,0.05,0.05,0.05,0.05,0.05,0.05,0.05,0.05,0.05,0.05,0.05,0.05
{'1088'} RootApp(MB): min(0.05) max(0.05) average(0.05)
{'1048'} logwrapper(MB): 0.04,0.04,0.04,0.04,0.04,0.04,0.04,0.04,0.04,0.04,0.04,0.04,0.04,0.04,0.04,0.04,0.04,0.04,0.04,0.04,0.04,0.04,0.04,0.04,0.04,0.04,0.04,0.04,0.04,0.04,0.04,0.04,0.04,0.04,0.04,0.04,0.04,0.04,0.04,0.04,0.04,0.04,0.04,0.04
{'1048'} logwrapper(MB): min(0.04) max(0.04) average(0.04)
{'29236', '27196', '27335', '1626'} busybox(MB): 0.04,0.04,0.04,0.00,0.04,0.00,0.04,0.00,0.04,0.00,0.04,0.04,0.04,0.04,0.04,0.04,0.04,0.04,0.04,0.04,0.04,0.04,0.04,0.04,0.04,0.04,0.04,0.04,0.04,0.04,0.04,0.04,0.04,0.04,0.04,0.04,0.04,0.04,0.04,0.04,0.04,0.04,0.04,0.00,0.04,0.00,0.04,0.04,0.04,0.04
{'29236', '27196', '27335', '1626'} busybox(MB): min(0.0) max(0.04) average(0.04)
{'738'} keypad(MB): 0.02,0.02,0.02,0.02,0.02,0.02,0.02,0.02,0.02,0.02,0.02,0.02,0.02,0.02,0.02,0.02,0.02,0.02,0.02,0.02,0.02,0.02,0.02,0.02,0.02,0.02,0.02,0.02,0.02,0.02,0.02,0.02,0.02,0.02,0.02,0.02,0.02,0.02,0.02,0.02,0.02,0.02,0.02,0.02
{'738'} keypad(MB): min(0.02) max(0.02) average(0.02)
{'1230'} VirtualEvent(MB): 0.02,0.02,0.02,0.02,0.02,0.02,0.02,0.02,0.02,0.02,0.02,0.02,0.02,0.02,0.02,0.02,0.02,0.02,0.02,0.02,0.02,0.02,0.02,0.02,0.02,0.02,0.02,0.02,0.02,0.02,0.02,0.02,0.02,0.02,0.02,0.02,0.02,0.02,0.02,0.02,0.02,0.02,0.02,0.02
{'1230'} VirtualEvent(MB): min(0.02) max(0.02) average(0.02)
{'744'} drmserver(MB): 0.01,0.01,0.01,0.01,0.01,0.01,0.01,0.01,0.01,0.01,0.01,0.01,0.01,0.01,0.01,0.01,0.01,0.01,0.01,0.01,0.01,0.01,0.01,0.01,0.01,0.01,0.01,0.01,0.01,0.01,0.01,0.01,0.01,0.01,0.01,0.01,0.01,0.01,0.01,0.01,0.01,0.01,0.01,0.01
{'744'} drmserver(MB): min(0.01) max(0.01) average(0.01)
{'736'} hardwared(MB): 0.00,0.00,0.00,0.00,0.00,0.00,0.00,0.00,0.00,0.00,0.00,0.00,0.00,0.00,0.00,0.00,0.00,0.00,0.00,0.00,0.00,0.00,0.00,0.00,0.00,0.00,0.00,0.00,0.00,0.00,0.00,0.00,0.00,0.00,0.00,0.00,0.01,0.01,0.01,0.01,0.01,0.01,0.01,0.01
{'736'} hardwared(MB): min(0.0) max(0.01) average(0.0)
{'740'} debuggerd(MB): 0.00,0.00,0.00,0.00,0.00,0.00,0.00,0.00,0.00,0.00,0.00,0.00,0.00,0.00,0.00,0.00,0.00,0.00,0.00,0.00,0.00,0.00,0.00,0.00,0.00,0.00,0.00,0.00,0.00,0.00,0.00,0.00,0.00,0.00,0.00,0.00,0.00,0.00,0.00,0.00,0.00,0.00,0.00,0.00
{'740'} debuggerd(MB): min(0.0) max(0.0) average(0.0)
{'747'} installd(MB): 0.00,0.00,0.00,0.00,0.00,0.00,0.00,0.00,0.00,0.00,0.00,0.00,0.00,0.00,0.00,0.00,0.00,0.00,0.00,0.00,0.00,0.00,0.00,0.00,0.00,0.00,0.00,0.00,0.00,0.00,0.00,0.00,0.00,0.00,0.00,0.00,0.00,0.00,0.00,0.00,0.00,0.00,0.00,0.00
{'747'} installd(MB): min(0.0) max(0.0) average(0.0)
{'1247'} smobsd(MB): 0.00,0.00,0.00,0.00,0.00,0.00,0.00,0.00,0.00,0.00,0.00,0.00,0.00,0.00,0.00,0.00,0.00,0.00,0.00,0.00,0.00,0.00,0.00,0.00,0.00,0.00,0.00,0.00,0.00,0.00,0.00,0.00,0.00,0.00,0.00,0.00,0.00,0.00,0.00,0.00,0.00,0.00,0.00,0.00
{'1247'} smobsd(MB): min(0.0) max(0.0) average(0.0)
{'15708'} dhcpcd(MB): 0.00,0.00,0.00,0.00,0.00,0.00,0.00,0.00,0.00,0.00,0.00,0.00,0.00,0.00,0.00,0.00,0.00,0.00,0.00,0.00,0.00,0.00,0.00,0.00,0.00,0.00,0.00,0.00,0.00,0.00,0.00,0.00,0.00,0.00,0.00,0.00,0.00,0.00,0.00,0.00,0.00,0.00,0.00,0.00
{'15708'} dhcpcd(MB): min(0.0) max(0.0) average(0.0)
