total_ram(MB): 3655.56,3655.56,3655.56,3655.56,3655.56,3655.56,3655.56,3655.56,3655.56,3655.56
total_ram(MB): min(3655.56) max(3655.56) average(3655.56)
free_ram(MB): 1387.41,1291.06,1287.39,1281.95,1279.59,1255.35,1270.77,1267.92,1264.24,1287.45
free_ram(MB): min(1255.35) max(1387.41) average(1287.31)
used_ram(MB): 1974.87,2002.55,2011.35,2010.04,2016.41,2031.75,2028.96,2027.62,2035.70,2008.31
used_ram(MB): min(1974.87) max(2035.7) average(2014.76)
lost_ram(MB): 293.01,361.69,356.55,363.31,359.29,368.19,355.57,359.75,355.36,359.54
lost_ram(MB): min(293.01) max(368.19) average(353.23)
free(MB): 262.79,197.70,191.91,182.27,177.77,136.96,152.29,149.41,145.66,163.71
free(MB): min(136.96) max(262.79) average(176.05)
used_pss(MB): 1540.55,1569.04,1577.95,1576.75,1583.06,1598.56,1595.79,1594.57,1602.54,1574.87
used_pss(MB): min(1540.55) max(1602.54) average(1581.37)
kernel(MB): 434.33,433.51,433.40,433.29,433.35,433.19,433.16,433.05,433.16,433.44
kernel(MB): min(433.05) max(434.33) average(433.39)
buffers(MB): 0.00,0.00,0.00,0.00,0.00,0.00,0.00,0.00,0.00,0.00
buffers(MB): min(0.0) max(0.0) average(0.0)
shmem(MB): 0.00,0.00,0.00,0.00,0.00,0.00,0.00,0.00,0.00,0.00
shmem(MB): min(0.0) max(0.0) average(0.0)
slab(MB): 0.00,0.00,0.00,0.00,0.00,0.00,0.00,0.00,0.00,0.00
slab(MB): min(0.0) max(0.0) average(0.0)
total_swap(MB): 900.00,900.00,900.00,900.00,900.00,900.00,900.00,900.00,900.00,900.00
total_swap(MB): min(900.0) max(900.0) average(900.0)
used_swap(MB): 1.00,1.00,1.00,1.00,1.00,1.00,1.00,1.00,1.00,1.00
used_swap(MB): min(1.0) max(1.0) average(1.0)
{'5476'} com.tianci.movieplatform(MB): 493.53,493.53,347.09,521.34,521.34,375.08,522.93,522.93,376.64,534.34,534.34,388.04,535.74,535.74,389.43,547.02,547.02,400.69,552.50,552.50,406.15,548.23,548.23,401.87,550.57,550.57,404.19,532.72,532.72,386.33
{'5476'} com.tianci.movieplatform(MB): min(347.09) max(552.5) average(485.11)
{'1033'} system(MB): 357.00,357.00,155.60,355.03,355.03,153.58,360.73,360.73,159.28,351.43,351.43,149.97,356.69,356.69,155.22,362.00,362.00,160.54,353.00,353.00,151.53,356.41,356.41,154.94,361.41,361.41,159.94,351.99,351.99,150.52
{'1033'} system(MB): min(149.97) max(362.0) average(289.42)
{'1587'} com.skyworth.angel.voice(MB): 205.75,205.75,89.37,206.39,206.39,90.01,206.94,206.94,90.56,203.52,203.52,87.14,204.04,204.04,87.66,204.62,204.62,88.24,205.14,205.14,88.76,205.68,205.68,89.29,206.19,206.19,89.81,206.72,206.72,90.34
{'1587'} com.skyworth.angel.voice(MB): min(87.14) max(206.94) average(166.71)
{'3844'} com.skyworth.setting(MB): 185.06,185.06,73.45,185.07,185.07,73.46,185.08,185.08,73.46,185.08,185.08,73.47,185.08,185.08,73.47,185.08,185.08,73.47,185.08,185.08,73.47,185.09,185.09,73.47,185.09,185.09,73.47,185.09,185.09,73.48
{'3844'} com.skyworth.setting(MB): min(73.45) max(185.09) average(147.88)
{'367'} zygote(MB): 173.27,173.27,28.54,173.27,173.27,28.54,173.27,173.27,28.54,173.27,173.27,28.54,173.27,173.27,28.54,173.27,173.27,28.54,173.27,173.27,28.54,173.27,173.27,28.54,173.27,173.27,28.54,173.27,173.27,28.54
{'367'} zygote(MB): min(28.54) max(173.27) average(125.03)
{'7835'} com.tianci.user(MB): 161.41,161.41,46.60,161.42,161.42,46.61,161.42,161.42,46.61,161.42,161.42,46.61,161.42,161.42,46.61,161.38,161.38,46.57,161.38,161.38,46.57,161.38,161.38,46.57,161.38,161.38,46.57,161.34,161.34,46.53
{'7835'} com.tianci.user(MB): min(46.53) max(161.42) average(123.13)
{'1619'} com.tianci.system(MB): 158.68,158.68,50.25,158.76,158.76,50.33,158.78,158.78,50.35,158.78,158.78,50.35,158.78,158.78,50.35,158.78,158.78,50.35,158.78,158.78,50.35,159.03,159.03,50.60,159.03,159.03,50.60,159.04,159.04,50.61
{'1619'} com.tianci.system(MB): min(50.25) max(159.04) average(122.7)
{'3053'} com.sogou.inputmethod.iot(MB): 156.90,156.90,62.97,156.95,156.95,63.01,156.95,156.95,63.01,156.96,156.96,63.03,156.98,156.98,63.04,157.00,157.00,63.06,157.02,157.02,63.08,157.02,157.02,63.08,157.03,157.03,63.09,157.04,157.04,63.11
{'3053'} com.sogou.inputmethod.iot(MB): min(62.97) max(157.04) average(125.67)
{'4188'} com.coocaa.simple.launcher(MB): 154.38,154.38,44.68,154.38,154.38,44.68,154.38,154.38,44.68,154.38,154.38,44.68,154.38,154.38,44.68,154.38,154.38,44.68,154.38,154.38,44.68,154.38,154.38,44.68,154.38,154.38,44.68,154.38,154.38,44.68
{'4188'} com.coocaa.simple.launcher(MB): min(44.68) max(154.38) average(117.81)
{'1682'} com.coocaa.os.service(MB): 153.05,153.05,62.42,154.40,154.40,63.77,154.40,154.40,63.77,154.40,154.40,63.77,154.40,154.40,63.77,154.41,154.41,63.78,154.41,154.41,63.78,154.41,154.41,63.78,154.41,154.41,63.78,154.40,154.40,63.77
{'1682'} com.coocaa.os.service(MB): min(62.42) max(154.41) average(124.06)
{'4674'} com.github.uiautomator(MB): 146.52,146.52,36.94,146.54,146.54,36.96,146.54,146.54,36.96,146.54,146.54,36.96,146.54,146.54,36.96,146.54,146.54,36.96,146.54,146.54,36.96,146.54,146.54,36.96,146.54,146.54,36.96,146.54,146.54,36.96
{'4674'} com.github.uiautomator(MB): min(36.94) max(146.54) average(110.01)
{'1880'} com.tianci.de(MB): 135.30,135.30,34.93,135.33,135.33,34.94,135.36,135.36,34.97,135.38,135.38,34.98,135.39,135.39,35.00,135.41,135.41,35.02,135.55,135.55,35.15,135.57,135.57,35.18,135.59,135.59,35.19,135.61,135.61,35.21
{'1880'} com.tianci.de(MB): min(34.93) max(135.61) average(101.99)
{'2370'} com.skyworth.quickcenter(MB): 131.50,131.50,43.17,131.51,131.51,43.18,131.51,131.51,43.18,131.51,131.51,43.18,131.52,131.52,43.19,131.52,131.52,43.19,131.52,131.52,43.19,131.52,131.52,43.19,131.52,131.52,43.20,131.53,131.53,43.20
{'2370'} com.skyworth.quickcenter(MB): min(43.17) max(131.53) average(102.07)
{'8057'} com.tianci.de:core(MB): 125.50,125.50,28.11,125.51,125.51,28.09,125.51,125.51,28.09,125.51,125.51,28.09,125.51,125.51,28.09,125.51,125.51,28.09,125.51,125.51,28.09,125.51,125.51,28.09,125.51,125.51,28.09,125.51,125.51,28.09
{'8057'} com.tianci.de:core(MB): min(28.09) max(125.51) average(93.04)
{'2530'} com.xiaodianshi.tv.yst:stats(MB): 122.54,122.54,41.32,122.54,122.54,41.32,122.54,122.54,41.32,122.54,122.54,41.32,122.54,122.54,41.32,122.54,122.54,41.32,122.54,122.54,41.32,122.54,122.54,41.32,122.55,122.55,41.33,122.55,122.55,41.33
{'2530'} com.xiaodianshi.tv.yst:stats(MB): min(41.32) max(122.55) average(95.47)
{'4793'} com.coocaa.screensaver(MB): 122.46,122.46,37.62,122.48,122.48,37.63,122.48,122.48,37.64,122.48,122.48,37.64,122.48,122.48,37.64,122.48,122.48,37.64,122.48,122.48,37.64,122.48,122.48,37.64,122.48,122.48,37.64,122.48,122.48,37.64
{'4793'} com.coocaa.screensaver(MB): min(37.62) max(122.48) average(94.2)
{'2894'} com.tianci.appstore(MB): 121.61,121.61,35.86,121.69,121.69,35.94,121.76,121.76,36.01,121.83,121.83,36.08,121.89,121.89,36.14,119.17,119.17,33.42,119.24,119.24,33.49,119.30,119.30,33.55,119.37,119.37,33.61,119.42,119.42,33.67
{'2894'} com.tianci.appstore(MB): min(33.42) max(121.89) average(91.94)
{'2202'} com.tianci.de:TianciDaemons(MB): 114.32,114.32,17.85,113.93,113.93,17.38,113.93,113.93,17.38,113.93,113.93,17.38,113.93,113.93,17.38,113.93,113.93,17.38,113.93,113.93,17.38,113.93,113.93,17.38,113.94,113.94,17.38,113.94,113.94,17.38
{'2202'} com.tianci.de:TianciDaemons(MB): min(17.38) max(114.32) average(81.79)
{'7504'} com.android.webview:webview_apk(MB): 111.16,111.16,19.91,111.16,111.16,19.91,111.16,111.16,19.91,111.16,111.16,19.91,111.14,111.14,19.89,111.14,111.14,19.89,111.14,111.14,19.89,111.14,111.14,19.89,111.14,111.14,19.89,111.14,111.14,19.89
{'7504'} com.android.webview:webview_apk(MB): min(19.89) max(111.16) average(80.73)
{'4619'} apkagent.cli(MB): 106.66,106.66,23.42,106.66,106.66,23.42,106.66,106.66,23.41,106.66,106.66,23.42,106.66,106.66,23.42,106.66,106.66,23.42,106.66,106.66,23.42,106.66,106.66,23.42,106.66,106.66,23.42,106.66,106.66,23.42
{'4619'} apkagent.cli(MB): min(23.41) max(106.66) average(78.91)
{'1314'} com.android.bluetooth(MB): 103.75,103.75,21.38,103.76,103.76,21.39,103.76,103.76,21.39,103.76,103.76,21.39,103.76,103.76,21.39,103.76,103.76,21.39,103.76,103.76,21.39,103.76,103.76,21.39,103.76,103.76,21.39,103.76,103.76,21.39
{'1314'} com.android.bluetooth(MB): min(21.38) max(103.76) average(76.3)
{'4651'} app_process(MB): 100.89,100.89,20.77,100.89,100.89,20.77,100.89,100.89,20.77,100.89,100.89,20.77,100.89,100.89,20.77,100.89,100.89,20.77,100.89,100.89,20.77,100.89,100.89,20.77,100.89,100.89,20.77,100.89,100.89,20.77
{'4651'} app_process(MB): min(20.77) max(100.89) average(74.18)
{'1638'} com.android.providers.media.module(MB): 99.37,99.37,16.71,99.37,99.37,16.71,99.37,99.37,16.71,99.37,99.37,16.71,99.37,99.37,16.71,99.37,99.37,16.71,99.37,99.37,16.71,99.37,99.37,16.71,99.37,99.37,16.71,99.37,99.37,16.71
{'1638'} com.android.providers.media.module(MB): min(16.71) max(99.37) average(71.82)
{'1626'} com.skyworth.smartcast(MB): 98.05,98.05,14.92,98.06,98.06,14.94,98.06,98.06,14.94,98.07,98.07,14.95,98.07,98.07,14.95,98.07,98.07,14.95,98.08,98.08,14.96,96.84,96.84,13.71,96.86,96.86,13.73,96.86,96.86,13.73
{'1626'} com.skyworth.smartcast(MB): min(13.71) max(98.08) average(69.99)
{'4096'} com.coocaa.os.control(MB): 95.35,95.35,16.30,95.35,95.35,16.30,95.35,95.35,16.30,95.35,95.35,16.30,95.35,95.35,16.30,95.35,95.35,16.30,95.35,95.35,16.30,95.35,95.35,16.30,95.35,95.35,16.30,95.35,95.35,16.30
{'4096'} com.coocaa.os.control(MB): min(16.3) max(95.35) average(69.0)
{'2434'} com.android.permissioncontroller(MB): 93.51,93.51,16.74,93.51,93.51,16.74,93.51,93.51,16.74,93.51,93.51,16.74,93.51,93.51,16.74,93.51,93.51,16.74,93.51,93.51,16.74,93.51,93.51,16.74,93.51,93.51,16.74,93.51,93.51,16.74
{'2434'} com.android.permissioncontroller(MB): min(16.74) max(93.51) average(67.92)
{'1403'} android.ext.services(MB): 92.67,92.67,12.00,92.67,92.67,12.00,92.67,92.67,12.00,92.67,92.67,12.00,92.67,92.67,12.00,92.67,92.67,12.00,92.67,92.67,12.00,92.67,92.67,12.00,92.67,92.67,12.00,92.67,92.67,12.00
{'1403'} android.ext.services(MB): min(12.0) max(92.67) average(65.78)
{'2802'} com.loostone.tuning(MB): 91.55,91.55,11.49,91.56,91.56,11.50,91.56,91.56,11.50,91.56,91.56,11.50,91.56,91.56,11.50,91.56,91.56,11.50,91.56,91.56,11.50,91.56,91.56,11.50,91.56,91.56,11.50,91.56,91.56,11.50
{'2802'} com.loostone.tuning(MB): min(11.49) max(91.56) average(64.87)
{'2559'} com.android.packageinstaller(MB): 84.29,84.29,11.83,84.29,84.29,11.83,84.29,84.29,11.83,84.29,84.29,11.83,84.29,84.29,11.83,84.29,84.29,11.83,84.29,84.29,11.83,84.29,84.29,11.83,84.29,84.29,11.83,84.29,84.29,11.83
{'2559'} com.android.packageinstaller(MB): min(11.83) max(84.29) average(60.14)
{'7474'} com.android.webview:webview_service(MB): 84.25,84.25,7.27,84.25,84.25,7.27,84.25,84.25,7.27,84.25,84.25,7.27,84.25,84.25,7.27,84.25,84.25,7.27,84.25,84.25,7.27,84.25,84.25,7.27,84.25,84.25,7.27,84.25,84.25,7.27
{'7474'} com.android.webview:webview_service(MB): min(7.27) max(84.25) average(58.59)
{'1770'} com.android.keychain(MB): 83.45,83.45,9.00,83.45,83.45,9.00,83.45,83.45,9.00,83.45,83.45,9.00,83.45,83.45,9.00,83.45,83.45,9.00,83.45,83.45,9.00,83.45,83.45,9.00,83.45,83.45,9.00,83.45,83.45,9.00
{'1770'} com.android.keychain(MB): min(9.0) max(83.45) average(58.63)
{'4424'} com.coocaa.os.perf.monitor(MB): 82.88,82.88,10.39,82.88,82.88,10.39,82.88,82.88,10.39,82.88,82.88,10.39,82.88,82.88,10.39,82.88,82.88,10.39,82.88,82.88,10.39,82.88,82.88,10.39,82.88,82.88,10.39,82.88,82.88,10.39
{'4424'} com.coocaa.os.perf.monitor(MB): min(10.39) max(82.88) average(58.72)
{'1469'} com.android.providers.calendar(MB): 82.45,82.45,7.82,82.45,82.45,7.82,82.45,82.45,7.82,82.45,82.45,7.82,82.45,82.45,7.82,82.45,82.45,7.82,82.45,82.45,7.82,82.45,82.45,7.82,82.45,82.45,7.82,82.45,82.45,7.82
{'1469'} com.android.providers.calendar(MB): min(7.82) max(82.45) average(57.57)
{'2702'} com.android.providers.tv(MB): 81.56,81.56,7.24,81.56,81.56,7.24,81.56,81.56,7.24,81.56,81.56,7.24,81.56,81.56,7.24,81.56,81.56,7.24,81.56,81.56,7.24,81.56,81.56,7.24,81.56,81.56,7.24,81.56,81.56,7.24
{'2702'} com.android.providers.tv(MB): min(7.24) max(81.56) average(56.79)
{'1367'} com.realtek.power(MB): 80.73,80.73,7.24,80.73,80.73,7.24,80.73,80.73,7.24,80.73,80.73,7.24,80.73,80.73,7.24,80.73,80.73,7.24,80.73,80.73,7.24,80.73,80.73,7.24,80.73,80.73,7.24,80.73,80.73,7.24
{'1367'} com.realtek.power(MB): min(7.24) max(80.73) average(56.23)
{'1553'} com.realtek.hw.configprovider(MB): 78.94,78.94,6.58,78.94,78.94,6.58,78.94,78.94,6.58,78.94,78.94,6.58,78.94,78.94,6.58,78.94,78.94,6.58,78.94,78.94,6.58,78.94,78.94,6.58,78.94,78.94,6.58,78.94,78.94,6.58
{'1553'} com.realtek.hw.configprovider(MB): min(6.58) max(78.94) average(54.82)
{'1342'} com.android.se(MB): 78.14,78.14,5.50,78.14,78.14,5.50,78.14,78.14,5.50,78.14,78.14,5.50,78.14,78.14,5.50,78.14,78.14,5.50,78.14,78.14,5.50,78.14,78.14,5.50,78.14,78.14,5.50,78.14,78.14,5.50
{'1342'} com.android.se(MB): min(5.5) max(78.14) average(53.93)
{'1298'} webview_zygote(MB): 74.43,74.43,6.70,74.43,74.43,6.70,74.43,74.43,6.70,74.43,74.43,6.70,74.43,74.43,6.70,74.43,74.43,6.70,74.43,74.43,6.70,74.43,74.43,6.70,74.43,74.43,6.70,74.43,74.43,6.70
{'1298'} webview_zygote(MB): min(6.7) max(74.43) average(51.85)
{'497'} surfaceflinger(MB): 42.50,42.50,21.18,42.57,42.57,21.25,42.57,42.57,21.25,42.57,42.57,21.25,42.57,42.57,21.25,42.57,42.57,21.25,42.57,42.57,21.25,42.57,42.57,21.25,42.57,42.57,21.25,42.57,42.57,21.25
{'497'} surfaceflinger(MB): min(21.18) max(42.57) average(35.46)
{'382'} android.hardware.audio.service(MB): 31.11,31.11,19.32,31.11,31.11,19.32,31.11,31.11,19.32,31.11,31.11,19.32,31.11,31.11,19.32,31.11,31.11,19.32,31.11,31.11,19.32,31.11,31.11,19.32,31.11,31.11,19.32,31.11,31.11,19.32
{'382'} android.hardware.audio.service(MB): min(19.32) max(31.11) average(27.18)
{'451'} vendor.skyworth.hardware.hwtvbase@1.0-service(MB): 27.67,27.67,17.83,27.67,27.67,17.83,27.67,27.67,17.83,27.67,27.67,17.83,27.67,27.67,17.83,27.67,27.67,17.83,27.67,27.67,17.83,27.67,27.67,17.83,27.67,27.67,17.83,27.67,27.67,17.83
{'451'} vendor.skyworth.hardware.hwtvbase@1.0-service(MB): min(17.83) max(27.67) average(24.39)
{'433'} vendor.realtek.tv@1.0-service(MB): 23.50,23.50,7.49,23.50,23.50,7.49,23.50,23.50,7.49,23.50,23.50,7.49,23.50,23.50,7.49,23.50,23.50,7.49,23.50,23.50,7.49,23.50,23.50,7.49,23.50,23.50,7.49,23.50,23.50,7.49
{'433'} vendor.realtek.tv@1.0-service(MB): min(7.49) max(23.5) average(18.16)
{'474'} audioserver(MB): 23.34,23.34,10.55,23.37,23.37,10.57,23.37,23.37,10.57,23.37,23.37,10.57,23.37,23.37,10.57,23.37,23.37,10.57,23.37,23.37,10.57,23.37,23.37,10.57,23.37,23.37,10.57,23.37,23.37,10.57
{'474'} audioserver(MB): min(10.55) max(23.37) average(19.1)
{'626'} tvservice(MB): 23.09,23.09,9.16,23.09,23.09,9.16,23.09,23.09,9.16,23.09,23.09,9.16,23.09,23.09,9.16,23.09,23.09,9.16,23.09,23.09,9.16,23.09,23.09,9.16,23.09,23.09,9.16,23.09,23.09,9.16
{'626'} tvservice(MB): min(9.16) max(23.09) average(18.45)
{'446'} vendor.skyworth.hardware.hwtv@1.0-service(MB): 21.31,21.31,11.72,21.31,21.31,11.72,21.31,21.31,11.72,21.31,21.31,11.72,21.31,21.31,11.72,21.31,21.31,11.72,21.31,21.31,11.72,21.31,21.31,11.72,21.31,21.31,11.72,21.31,21.31,11.72
{'446'} vendor.skyworth.hardware.hwtv@1.0-service(MB): min(11.72) max(21.31) average(18.11)
{'538'} media.extractor(MB): 21.04,21.04,5.91,21.04,21.04,5.91,21.04,21.04,5.91,21.04,21.04,5.91,21.04,21.04,5.91,21.04,21.04,5.91,21.04,21.04,5.91,21.04,21.04,5.91,21.04,21.04,5.91,21.04,21.04,5.91
{'538'} media.extractor(MB): min(5.91) max(21.04) average(16.0)
{'543'} mediaserver(MB): 20.73,20.73,5.44,20.73,20.73,5.44,20.73,20.73,5.44,20.73,20.73,5.44,20.73,20.73,5.44,20.73,20.73,5.44,20.73,20.73,5.44,20.73,20.73,5.44,20.73,20.73,5.44,20.73,20.73,5.44
{'543'} mediaserver(MB): min(5.44) max(20.73) average(15.63)
{'500'} DhcpClientd(MB): 20.52,20.52,6.13,20.52,20.52,6.13,20.52,20.52,6.13,20.52,20.52,6.13,20.52,20.52,6.13,20.52,20.52,6.13,20.52,20.52,6.13,20.52,20.52,6.13,20.52,20.52,6.13,20.52,20.52,6.13
{'500'} DhcpClientd(MB): min(6.13) max(20.52) average(15.72)
{'401'} android.hardware.media.c2@1.2-rtk-service(MB): 20.30,20.30,7.83,20.42,20.42,7.91,20.43,20.43,7.92,20.46,20.46,7.94,20.47,20.47,7.94,20.49,20.49,7.95,20.51,20.51,7.96,20.53,20.53,7.98,20.55,20.55,7.99,20.57,20.57,7.99
{'401'} android.hardware.media.c2@1.2-rtk-service(MB): min(7.83) max(20.57) average(16.3)
{'528'} cameraserver(MB): 19.95,19.95,7.32,19.95,19.95,7.32,19.95,19.95,7.32,19.95,19.95,7.32,19.95,19.95,7.32,19.95,19.95,7.32,19.95,19.95,7.32,19.95,19.95,7.32,19.95,19.95,7.32,19.95,19.95,7.32
{'528'} cameraserver(MB): min(7.32) max(19.95) average(15.74)
{'647'} media.swcodec(MB): 18.82,18.82,8.80,18.82,18.82,8.80,18.82,18.82,8.80,18.82,18.82,8.80,18.82,18.82,8.80,18.82,18.82,8.80,18.82,18.82,8.80,18.82,18.82,8.80,18.82,18.82,8.80,18.82,18.82,8.80
{'647'} media.swcodec(MB): min(8.8) max(18.82) average(15.48)
{'429'} vendor.realtek.media@1.0-service(MB): 18.78,18.78,6.27,18.78,18.78,6.27,18.78,18.78,6.27,18.78,18.78,6.27,18.78,18.78,6.27,18.78,18.78,6.27,18.78,18.78,6.27,18.78,18.78,6.27,18.78,18.78,6.27,18.78,18.78,6.27
{'429'} vendor.realtek.media@1.0-service(MB): min(6.27) max(18.78) average(14.61)
{'399'} android.hardware.graphics.composer-rtk@2.4-service(MB): 16.96,16.96,5.34,17.02,17.02,5.39,17.02,17.02,5.39,17.02,17.02,5.39,17.02,17.02,5.39,17.02,17.02,5.39,17.02,17.02,5.39,17.02,17.02,5.39,17.02,17.02,5.39,17.02,17.02,5.39
{'399'} android.hardware.graphics.composer-rtk@2.4-service(MB): min(5.34) max(17.02) average(13.14)
{'4593'} atx-agent(MB): 14.97,14.97,14.97,14.97,14.97,14.97,14.97,14.97,14.97,14.97,14.97,14.97,14.97,14.97,14.97,14.97,14.97,14.97,14.97,14.97,14.97,14.97,14.97,14.97,14.97,14.97,14.97,14.97,14.97,14.97
{'4593'} atx-agent(MB): min(14.97) max(14.97) average(14.97)
{'3959'} adbd(MB): 14.39,14.39,10.78,14.39,14.39,10.77,15.40,15.40,11.78,15.39,15.39,11.77,14.39,14.39,10.78,15.39,15.39,11.77,15.39,15.39,11.77,15.39,15.39,11.77,15.39,15.39,11.77,14.39,14.39,10.78
{'3959'} adbd(MB): min(10.77) max(15.4) average(13.79)
{'545'} mediatuner(MB): 13.45,13.45,3.89,13.45,13.45,3.89,13.45,13.45,3.89,13.45,13.45,3.89,13.45,13.45,3.89,13.45,13.45,3.89,13.45,13.45,3.89,13.45,13.45,3.89,13.45,13.45,3.89,13.45,13.45,3.89
{'545'} mediatuner(MB): min(3.89) max(13.45) average(10.26)
{'309'} vendor.skyworth.hardware.hwdevice@1.0-service(MB): 13.30,13.30,4.43,13.30,13.30,4.43,13.30,13.30,4.43,13.30,13.30,4.43,13.30,13.30,4.43,13.30,13.30,4.43,13.30,13.30,4.43,13.30,13.30,4.43,13.30,13.30,4.43,13.30,13.30,4.43
{'309'} vendor.skyworth.hardware.hwdevice@1.0-service(MB): min(4.43) max(13.3) average(10.34)
{'556'} media.codec(MB): 12.32,12.32,3.30,12.32,12.32,3.30,12.32,12.32,3.30,12.32,12.32,3.30,12.32,12.32,3.30,12.32,12.32,3.30,12.32,12.32,3.30,12.32,12.32,3.30,12.32,12.32,3.30,12.32,12.32,3.30
{'556'} media.codec(MB): min(3.3) max(12.32) average(9.31)
{'436'} vendor.skyworth.hardware.hwpanelUsb@1.0-service(MB): 12.05,12.05,3.39,12.05,12.05,3.39,12.05,12.05,3.39,12.05,12.05,3.39,12.05,12.05,3.39,12.05,12.05,3.39,12.05,12.05,3.39,12.05,12.05,3.39,12.05,12.05,3.39,12.05,12.05,3.39
{'436'} vendor.skyworth.hardware.hwpanelUsb@1.0-service(MB): min(3.39) max(12.05) average(9.16)
{'302'} keystore2(MB): 11.08,11.08,4.33,11.08,11.08,4.33,11.08,11.08,4.33,11.08,11.08,4.33,11.08,11.08,4.33,11.08,11.08,4.33,11.08,11.08,4.33,11.08,11.08,4.33,11.08,11.08,4.33,11.08,11.08,4.33
{'302'} keystore2(MB): min(4.33) max(11.08) average(8.83)
{'472'} vendor.skyworth.hardware.screenrecord@1.0-service(MB): 10.54,10.54,2.66,10.54,10.54,2.66,10.54,10.54,2.66,10.54,10.54,2.66,10.54,10.54,2.66,10.54,10.54,2.66,10.54,10.54,2.66,10.54,10.54,2.66,10.54,10.54,2.66,10.54,10.54,2.66
{'472'} vendor.skyworth.hardware.screenrecord@1.0-service(MB): min(2.66) max(10.54) average(7.91)
{'366'} netd(MB): 9.66,9.66,4.49,9.67,9.67,4.49,9.67,9.67,4.49,9.67,9.67,4.49,9.67,9.67,4.49,9.67,9.67,4.49,9.67,9.67,4.49,9.67,9.67,4.49,9.67,9.67,4.49,9.67,9.67,4.49
{'366'} netd(MB): min(4.49) max(9.67) average(7.94)
{'417'} android.hardware.tv.cec@1.0-service(MB): 9.66,9.66,2.17,9.66,9.66,2.17,9.66,9.66,2.17,9.66,9.66,2.17,9.66,9.66,2.17,9.66,9.66,2.17,9.66,9.66,2.17,9.66,9.66,2.17,9.66,9.66,2.17,9.66,9.66,2.17
{'417'} android.hardware.tv.cec@1.0-service(MB): min(2.17) max(9.66) average(7.16)
{'561'} audioserver_sky(MB): 9.63,9.63,2.62,9.64,9.64,2.62,9.64,9.64,2.62,9.64,9.64,2.62,9.64,9.64,2.62,9.64,9.64,2.62,9.64,9.64,2.62,9.64,9.64,2.62,9.64,9.64,2.62,9.64,9.64,2.62
{'561'} audioserver_sky(MB): min(2.62) max(9.64) average(7.3)
{'308'} rtkd(MB): 9.18,9.18,2.27,9.18,9.18,2.27,9.18,9.18,2.27,9.18,9.18,2.27,9.18,9.18,2.27,9.18,9.18,2.27,9.18,9.18,2.27,9.18,9.18,2.27,9.18,9.18,2.27,9.18,9.18,2.27
{'308'} rtkd(MB): min(2.27) max(9.18) average(6.88)
{'1', '227'} init(MB): 9.12,6.46,9.12,6.46,4.96,2.49,9.12,6.46,9.12,6.46,4.96,2.49,9.12,6.46,9.12,6.46,4.96,2.49,9.12,6.46,9.12,6.46,4.96,2.49,9.12,6.46,9.12,6.46,4.96,2.49,9.12,6.46,9.12,6.46,4.96,2.49,9.12,6.46,9.12,6.46,4.96,2.49,9.12,6.46,9.12,6.46,4.96,2.49,9.12,6.46,9.12,6.46,4.96,2.49,9.12,6.46,9.12,6.46,4.96,2.49
{'1', '227'} init(MB): min(2.49) max(9.12) average(6.43)
{'641'} vscserver(MB): 9.05,9.05,2.28,9.05,9.05,2.28,9.05,9.05,2.28,9.05,9.05,2.28,9.05,9.05,2.28,9.05,9.05,2.28,9.05,9.05,2.28,9.05,9.05,2.28,9.05,9.05,2.28,9.05,9.05,2.28
{'641'} vscserver(MB): min(2.28) max(9.05) average(6.79)
{'1382'} wpa_supplicant(MB): 8.73,8.73,4.16,8.73,8.73,4.16,8.73,8.73,4.16,8.73,8.73,4.16,8.73,8.73,4.16,8.73,8.73,4.16,8.73,8.73,4.16,8.73,8.73,4.16,8.73,8.73,4.16,8.73,8.73,4.16
{'1382'} wpa_supplicant(MB): min(4.16) max(8.73) average(7.21)
{'392'} android.hardware.drm-service.widevine(MB): 7.68,7.68,3.53,7.68,7.68,3.53,7.68,7.68,3.53,7.68,7.68,3.53,7.68,7.68,3.53,7.68,7.68,3.53,7.68,7.68,3.53,7.68,7.68,3.53,7.68,7.68,3.53,7.68,7.68,3.53
{'392'} android.hardware.drm-service.widevine(MB): min(3.53) max(7.68) average(6.3)
{'539'} media.metrics(MB): 7.62,7.62,3.05,7.64,7.64,3.07,7.64,7.64,3.07,7.64,7.64,3.07,7.64,7.64,3.07,7.64,7.64,3.07,7.64,7.64,3.07,7.64,7.64,3.07,7.64,7.64,3.07,7.64,7.64,3.08
{'539'} media.metrics(MB): min(3.05) max(7.64) average(6.11)
{'420'} android.hardware.tv.input@1.0-service(MB): 7.20,7.20,1.30,7.20,7.20,1.30,7.20,7.20,1.30,7.20,7.20,1.30,7.20,7.20,1.30,7.20,7.20,1.30,7.20,7.20,1.30,7.20,7.20,1.30,7.20,7.20,1.30,7.20,7.20,1.30
{'420'} android.hardware.tv.input@1.0-service(MB): min(1.3) max(7.2) average(5.23)
{'1230'} android.hardware.wifi@1.0-service-lazy(MB): 7.18,7.18,4.06,7.18,7.18,4.06,7.18,7.18,4.06,7.18,7.18,4.06,7.18,7.18,4.06,7.18,7.18,4.06,7.18,7.18,4.06,7.18,7.18,4.06,7.18,7.18,4.06,7.18,7.18,4.06
{'1230'} android.hardware.wifi@1.0-service-lazy(MB): min(4.06) max(7.18) average(6.14)
{'254'} vold(MB): 6.98,6.98,2.45,6.98,6.98,2.45,6.98,6.98,2.45,6.98,6.98,2.45,6.98,6.98,2.45,6.98,6.98,2.45,6.98,6.98,2.45,6.98,6.98,2.45,6.98,6.98,2.45,6.98,6.98,2.45
{'254'} vold(MB): min(2.45) max(6.98) average(5.47)
{'307'} android.hardware.power-service.realtek(MB): 6.77,6.77,1.22,6.77,6.77,1.22,6.77,6.77,1.22,6.77,6.77,1.22,6.77,6.77,1.22,6.77,6.77,1.22,6.77,6.77,1.22,6.77,6.77,1.22,6.77,6.77,1.22,6.77,6.77,1.22
{'307'} android.hardware.power-service.realtek(MB): min(1.22) max(6.77) average(4.92)
{'398'} android.hardware.graphics.allocator@4.0-service(MB): 6.77,6.77,1.70,6.77,6.77,1.70,6.77,6.77,1.70,6.77,6.77,1.70,6.77,6.77,1.70,6.77,6.77,1.70,6.77,6.77,1.70,6.77,6.77,1.70,6.77,6.77,1.70,6.77,6.77,1.70
{'398'} android.hardware.graphics.allocator@4.0-service(MB): min(1.7) max(6.77) average(5.08)
{'229'} ueventd(MB): 6.73,6.73,2.74,6.73,6.73,2.74,6.73,6.73,2.74,6.73,6.73,2.74,6.73,6.73,2.74,6.73,6.73,2.74,6.73,6.73,2.74,6.73,6.73,2.74,6.73,6.73,2.74,6.73,6.73,2.74
{'229'} ueventd(MB): min(2.74) max(6.73) average(5.4)
{'477'} credstore(MB): 6.22,6.22,1.89,6.22,6.22,1.89,6.22,6.22,1.89,6.22,6.22,1.89,6.22,6.22,1.89,6.22,6.22,1.89,6.22,6.22,1.89,6.22,6.22,1.89,6.22,6.22,1.89,6.22,6.22,1.89
{'477'} credstore(MB): min(1.89) max(6.22) average(4.78)
{'256'} android.hardware.security.keymint-rtk-service(MB): 6.20,6.20,1.78,6.20,6.20,1.78,6.20,6.20,1.78,6.20,6.20,1.78,6.20,6.20,1.78,6.20,6.20,1.78,6.20,6.20,1.78,6.20,6.20,1.78,6.20,6.20,1.78,6.20,6.20,1.78
{'256'} android.hardware.security.keymint-rtk-service(MB): min(1.78) max(6.2) average(4.73)
{'479'} gpuservice(MB): 6.17,6.17,1.80,6.17,6.17,1.80,6.17,6.17,1.80,6.17,6.17,1.80,6.17,6.17,1.80,6.17,6.17,1.80,6.17,6.17,1.80,6.17,6.17,1.80,6.17,6.17,1.80,6.17,6.17,1.80
{'479'} gpuservice(MB): min(1.8) max(6.17) average(4.71)
{'391'} android.hardware.drm-service.playready(MB): 6.11,6.11,1.82,6.11,6.11,1.82,6.11,6.11,1.82,6.11,6.11,1.82,6.11,6.11,1.82,6.11,6.11,1.82,6.11,6.11,1.82,6.11,6.11,1.82,6.11,6.11,1.82,6.11,6.11,1.82
{'391'} android.hardware.drm-service.playready(MB): min(1.82) max(6.11) average(4.68)
{'555'} wificond(MB): 6.07,6.07,2.08,6.07,6.07,2.08,6.07,6.07,2.08,6.07,6.07,2.08,6.07,6.07,2.08,6.07,6.07,2.08,6.07,6.07,2.08,6.07,6.07,2.08,6.07,6.07,2.08,6.07,6.07,2.08
{'555'} wificond(MB): min(2.08) max(6.07) average(4.74)
{'240'} logd(MB): 5.98,5.98,3.14,6.00,6.00,3.16,6.00,6.00,3.16,5.96,5.96,3.12,6.00,6.00,3.16,6.02,6.02,3.19,6.02,6.02,3.19,6.04,6.04,3.20,6.04,6.04,3.20,6.02,6.02,3.19
{'240'} logd(MB): min(3.12) max(6.04) average(5.06)
{'435'} vendor.skyworth.hardware.hwem@1.0-service(MB): 5.94,5.94,1.33,5.94,5.94,1.33,5.94,5.94,1.33,5.94,5.94,1.33,5.94,5.94,1.33,5.94,5.94,1.33,5.94,5.94,1.33,5.94,5.94,1.33,5.94,5.94,1.33,5.94,5.94,1.33
{'435'} vendor.skyworth.hardware.hwem@1.0-service(MB): min(1.33) max(5.94) average(4.4)
{'536'} installd(MB): 5.79,5.79,1.91,5.79,5.79,1.91,5.79,5.79,1.91,5.79,5.79,1.91,5.79,5.79,1.91,5.79,5.79,1.91,5.79,5.79,1.91,5.79,5.79,1.91,5.79,5.79,1.91,5.79,5.79,1.91
{'536'} installd(MB): min(1.91) max(5.79) average(4.5)
{'416'} android.hardware.thermal@2.0-service.realtek(MB): 5.20,5.20,1.35,5.20,5.20,1.35,5.20,5.20,1.35,5.20,5.20,1.35,5.20,5.20,1.35,5.20,5.20,1.35,5.20,5.20,1.35,5.20,5.20,1.35,5.20,5.20,1.35,5.20,5.20,1.35
{'416'} android.hardware.thermal@2.0-service.realtek(MB): min(1.35) max(5.2) average(3.92)
{'243'} hwservicemanager(MB): 5.13,5.13,1.29,5.13,5.13,1.29,5.13,5.13,1.29,5.13,5.13,1.29,5.13,5.13,1.29,5.13,5.13,1.29,5.13,5.13,1.29,5.13,5.13,1.29,5.13,5.13,1.29,5.13,5.13,1.29
{'243'} hwservicemanager(MB): min(1.29) max(5.13) average(3.85)
{'388'} android.hardware.drm-service.clearkey(MB): 5.08,5.08,0.99,5.08,5.08,0.99,5.08,5.08,0.99,5.08,5.08,0.99,5.08,5.08,0.99,5.08,5.08,0.99,5.08,5.08,0.99,5.08,5.08,0.99,5.08,5.08,0.99,5.08,5.08,0.99
{'388'} android.hardware.drm-service.clearkey(MB): min(0.99) max(5.08) average(3.72)
{'390'} android.hardware.drm-service.mgkid(MB): 5.02,5.02,0.88,5.02,5.02,0.88,5.02,5.02,0.88,5.02,5.02,0.88,5.02,5.02,0.88,5.02,5.02,0.88,5.02,5.02,0.88,5.02,5.02,0.88,5.02,5.02,0.88,5.02,5.02,0.88
{'390'} android.hardware.drm-service.mgkid(MB): min(0.88) max(5.02) average(3.64)
{'548'} storaged(MB): 4.99,4.99,1.47,4.99,4.99,1.47,4.99,4.99,1.47,4.99,4.99,1.47,4.99,4.99,1.47,4.99,4.99,1.47,4.99,4.99,1.47,4.99,4.99,1.47,4.99,4.99,1.47,4.99,4.99,1.47
{'548'} storaged(MB): min(1.47) max(4.99) average(3.82)
{'513'} drmserver(MB): 4.95,4.95,1.03,4.95,4.95,1.03,4.95,4.95,1.03,4.95,4.95,1.03,4.95,4.95,1.03,4.95,4.95,1.03,4.95,4.95,1.03,4.95,4.95,1.03,4.95,4.95,1.03,4.95,4.95,1.03
{'513'} drmserver(MB): min(1.03) max(4.95) average(3.64)
{'431'} vendor.realtek.rtkconfigs@1.0-service(MB): 4.88,4.88,1.24,4.88,4.88,1.24,4.88,4.88,1.24,4.88,4.88,1.24,4.88,4.88,1.24,4.88,4.88,1.24,4.88,4.88,1.24,4.88,4.88,1.24,4.88,4.88,1.24,4.88,4.88,1.24
{'431'} vendor.realtek.rtkconfigs@1.0-service(MB): min(1.24) max(4.88) average(3.67)
{'621'} securetimeservice(MB): 4.86,4.86,0.92,4.86,4.86,0.92,4.86,4.86,0.92,4.86,4.86,0.92,4.86,4.86,0.92,4.86,4.86,0.92,4.86,4.86,0.92,4.86,4.86,0.92,4.86,4.86,0.92,4.86,4.86,0.92
{'621'} securetimeservice(MB): min(0.92) max(4.86) average(3.55)
{'432'} vendor.realtek.system@1.0-service(MB): 4.82,4.82,1.06,4.82,4.82,1.06,4.82,4.82,1.06,4.82,4.82,1.06,4.82,4.82,1.06,4.82,4.82,1.06,4.82,4.82,1.06,4.82,4.82,1.06,4.82,4.82,1.06,4.82,4.82,1.06
{'432'} vendor.realtek.system@1.0-service(MB): min(1.06) max(4.82) average(3.57)
{'365'} statsd(MB): 4.74,4.74,1.76,4.73,4.73,1.75,4.73,4.73,1.75,4.73,4.73,1.75,4.73,4.73,1.75,4.73,4.73,1.75,4.73,4.73,1.75,4.73,4.73,1.75,4.73,4.73,1.75,4.73,4.73,1.75
{'365'} statsd(MB): min(1.75) max(4.74) average(3.74)
{'650'} gatekeeperd(MB): 4.72,4.72,0.93,4.72,4.72,0.93,4.72,4.72,0.93,4.72,4.72,0.93,4.72,4.72,0.93,4.72,4.72,0.93,4.72,4.72,0.93,4.72,4.72,0.93,4.72,4.72,0.93,4.72,4.72,0.93
{'650'} gatekeeperd(MB): min(0.93) max(4.72) average(3.46)
{'384'} android.hardware.cas@1.2-service(MB): 4.69,4.69,1.25,4.69,4.69,1.25,4.69,4.69,1.25,4.69,4.69,1.25,4.69,4.69,1.25,4.69,4.69,1.25,4.69,4.69,1.25,4.69,4.69,1.25,4.69,4.69,1.25,4.69,4.69,1.25
{'384'} android.hardware.cas@1.2-service(MB): min(1.25) max(4.69) average(3.54)
{'400'} android.hardware.health-service.example(MB): 4.68,4.68,0.92,4.68,4.68,0.92,4.68,4.68,0.92,4.68,4.68,0.92,4.68,4.68,0.92,4.68,4.68,0.92,4.68,4.68,0.92,4.68,4.68,0.92,4.68,4.68,0.92,4.68,4.68,0.92
{'400'} android.hardware.health-service.example(MB): min(0.92) max(4.68) average(3.43)
{'428'} vendor.realtek.hwconfigmanager@1.0-service(MB): 4.68,4.68,0.84,4.68,4.68,0.84,4.68,4.68,0.84,4.68,4.68,0.84,4.68,4.68,0.84,4.68,4.68,0.84,4.68,4.68,0.84,4.68,4.68,0.84,4.68,4.68,0.84,4.68,4.68,0.84
{'428'} vendor.realtek.hwconfigmanager@1.0-service(MB): min(0.84) max(4.68) average(3.4)
{'237'} prng_seeder(MB): 4.58,4.58,1.94,4.58,4.58,1.94,4.58,4.58,1.94,4.58,4.58,1.94,4.58,4.58,1.94,4.58,4.58,1.94,4.58,4.58,1.94,4.58,4.58,1.94,4.58,4.58,1.94,4.58,4.58,1.94
{'237'} prng_seeder(MB): min(1.94) max(4.58) average(3.7)
{'389'} android.hardware.drm-service.hdcp2(MB): 4.57,4.57,0.79,4.57,4.57,0.79,4.57,4.57,0.79,4.57,4.57,0.79,4.57,4.57,0.79,4.57,4.57,0.79,4.57,4.57,0.79,4.57,4.57,0.79,4.57,4.57,0.79,4.57,4.57,0.79
{'389'} android.hardware.drm-service.hdcp2(MB): min(0.79) max(4.57) average(3.31)
{'394'} android.hardware.gatekeeper@1.0-service(MB): 4.54,4.54,0.84,4.54,4.54,0.84,4.54,4.54,0.84,4.54,4.54,0.84,4.54,4.54,0.84,4.54,4.54,0.84,4.54,4.54,0.84,4.54,4.54,0.84,4.54,4.54,0.84,4.54,4.54,0.84
{'394'} android.hardware.gatekeeper@1.0-service(MB): min(0.84) max(4.54) average(3.31)
{'413'} android.hardware.skybt-service(MB): 4.53,4.53,0.75,4.53,4.53,0.75,4.53,4.53,0.75,4.53,4.53,0.75,4.53,4.53,0.75,4.53,4.53,0.75,4.53,4.53,0.75,4.53,4.53,0.75,4.53,4.53,0.75,4.53,4.53,0.75
{'413'} android.hardware.skybt-service(MB): min(0.75) max(4.53) average(3.27)
{'415'} android.hardware.skywifi-service(MB): 4.52,4.52,0.79,4.52,4.52,0.79,4.52,4.52,0.79,4.52,4.52,0.79,4.52,4.52,0.79,4.52,4.52,0.79,4.52,4.52,0.79,4.52,4.52,0.79,4.52,4.52,0.79,4.52,4.52,0.79
{'415'} android.hardware.skywifi-service(MB): min(0.79) max(4.52) average(3.28)
{'421'} android.hardware.lights-service.realtek(MB): 4.50,4.50,0.74,4.50,4.50,0.74,4.50,4.50,0.74,4.50,4.50,0.74,4.50,4.50,0.74,4.50,4.50,0.74,4.50,4.50,0.74,4.50,4.50,0.74,4.50,4.50,0.74,4.50,4.50,0.74
{'421'} android.hardware.lights-service.realtek(MB): min(0.74) max(4.5) average(3.25)
{'242'} servicemanager(MB): 4.46,4.46,1.22,4.46,4.46,1.22,4.46,4.46,1.22,4.46,4.46,1.22,4.46,4.46,1.22,4.46,4.46,1.22,4.46,4.46,1.22,4.46,4.46,1.22,4.46,4.46,1.22,4.46,4.46,1.22
{'242'} servicemanager(MB): min(1.22) max(4.46) average(3.38)
{'383'} android.hardware.bluetooth@1.1-service(MB): 4.36,4.36,1.26,4.36,4.36,1.26,4.36,4.36,1.26,4.36,4.36,1.26,4.36,4.36,1.26,4.36,4.36,1.26,4.36,4.36,1.26,4.36,4.36,1.26,4.36,4.36,1.26,4.36,4.36,1.26
{'383'} android.hardware.bluetooth@1.1-service(MB): min(1.26) max(4.36) average(3.33)
{'426'} vendor.realtek.dongled@1.0-service(MB): 4.33,4.33,0.93,4.33,4.33,0.93,4.33,4.33,0.93,4.33,4.33,0.93,4.33,4.33,0.93,4.33,4.33,0.93,4.33,4.33,0.93,4.33,4.33,0.93,4.33,4.33,0.93,4.33,4.33,0.93
{'426'} vendor.realtek.dongled@1.0-service(MB): min(0.93) max(4.33) average(3.2)
{'530'} incidentd(MB): 4.29,4.29,1.00,4.29,4.29,1.00,4.29,4.29,1.00,4.29,4.29,1.00,4.29,4.29,1.00,4.29,4.29,1.00,4.29,4.29,1.00,4.29,4.29,1.00,4.29,4.29,1.00,4.29,4.29,1.00
{'530'} incidentd(MB): min(1.0) max(4.29) average(3.19)
{'301'} android.system.suspend@1.0-service(MB): 4.27,4.27,1.06,4.27,4.27,1.06,4.27,4.27,1.06,4.27,4.27,1.06,4.27,4.27,1.06,4.27,4.27,1.06,4.27,4.27,1.06,4.27,4.27,1.06,4.27,4.27,1.06,4.27,4.27,1.06
{'301'} android.system.suspend@1.0-service(MB): min(1.06) max(4.27) average(3.2)
{'424'} android.hardware.power.stats-service.example(MB): 3.89,3.89,0.70,3.89,3.89,0.70,3.89,3.89,0.70,3.89,3.89,0.70,3.89,3.89,0.70,3.89,3.89,0.70,3.89,3.89,0.70,3.89,3.89,0.70,3.89,3.89,0.70,3.89,3.89,0.70
{'424'} android.hardware.power.stats-service.example(MB): min(0.7) max(3.89) average(2.83)
{'1010'} VirtualEvent(MB): 3.88,3.88,1.85,3.88,3.88,1.85,3.88,3.88,1.85,3.88,3.88,1.85,3.88,3.88,1.85,3.88,3.88,1.85,3.88,3.88,1.85,3.88,3.88,1.85,3.88,3.88,1.85,3.88,3.88,1.85
{'1010'} VirtualEvent(MB): min(1.85) max(3.88) average(3.2)
{'244'} vndservicemanager(MB): 3.86,3.86,0.72,3.86,3.86,0.72,3.86,3.86,0.72,3.86,3.86,0.72,3.86,3.86,0.72,3.86,3.86,0.72,3.86,3.86,0.72,3.86,3.86,0.72,3.86,3.86,0.72,3.86,3.86,0.72
{'244'} vndservicemanager(MB): min(0.72) max(3.86) average(2.81)
{'422'} android.hardware.memtrack-service.example(MB): 3.75,3.75,0.66,3.75,3.75,0.66,3.75,3.75,0.66,3.75,3.75,0.66,3.75,3.75,0.66,3.75,3.75,0.66,3.75,3.75,0.66,3.75,3.75,0.66,3.75,3.75,0.66,3.75,3.75,0.66
{'422'} android.hardware.memtrack-service.example(MB): min(0.66) max(3.75) average(2.72)
{'303'} android.hardware.atrace@1.0-service(MB): 3.66,3.66,0.68,3.66,3.66,0.68,3.66,3.66,0.68,3.66,3.66,0.68,3.66,3.66,0.68,3.66,3.66,0.68,3.66,3.66,0.68,3.66,3.66,0.68,3.66,3.66,0.68,3.66,3.66,0.68
{'303'} android.hardware.atrace@1.0-service(MB): min(0.68) max(3.66) average(2.67)
{'4080'} abb(MB): 3.63,3.63,0.73,3.63,3.63,0.73,3.63,3.63,0.72,3.63,3.63,0.73,3.63,3.63,0.73,3.63,3.63,0.73,3.63,3.63,0.73,3.63,3.63,0.73,3.63,3.63,0.73,3.63,3.63,0.73
{'4080'} abb(MB): min(0.72) max(3.63) average(2.66)
{'588'} cuscontrollerserver(MB): 3.59,3.59,0.65,3.59,3.59,0.65,3.59,3.59,0.65,3.59,3.59,0.65,3.59,3.59,0.65,3.59,3.59,0.65,3.59,3.59,0.65,3.59,3.59,0.65,3.59,3.59,0.65,3.59,3.59,0.65
{'588'} cuscontrollerserver(MB): min(0.65) max(3.59) average(2.61)
{'589'} mediaservice(MB): 3.57,3.57,0.65,3.57,3.57,0.65,3.57,3.57,0.65,3.57,3.57,0.65,3.57,3.57,0.65,3.57,3.57,0.65,3.57,3.57,0.65,3.57,3.57,0.65,3.57,3.57,0.65,3.57,3.57,0.65
{'589'} mediaservice(MB): min(0.65) max(3.57) average(2.6)
{'558'} audio_codec(MB): 3.45,3.45,0.70,3.45,3.45,0.70,3.45,3.45,0.70,3.45,3.45,0.70,3.45,3.45,0.70,3.45,3.45,0.70,3.45,3.45,0.70,3.45,3.45,0.70,3.45,3.45,0.70,3.45,3.45,0.70
{'558'} audio_codec(MB): min(0.7) max(3.45) average(2.53)
{'523'} mdnsd(MB): 3.31,3.31,1.35,3.31,3.31,1.35,3.31,3.31,1.35,3.31,3.31,1.35,3.31,3.31,1.35,3.31,3.31,1.35,3.31,3.31,1.35,3.31,3.31,1.35,3.31,3.31,1.35,3.31,3.31,1.35
{'523'} mdnsd(MB): min(1.35) max(3.31) average(2.66)
{'9275', '9557', '9459', '9737', '9596', '9789', '9643', '9508', '9692', '9412'} dumpsys(MB): 3.28,3.28,0.64,3.22,3.22,0.63,3.29,3.29,0.65,3.27,3.27,0.64,3.29,3.29,0.64,3.20,3.20,0.64,3.28,3.28,0.64,3.25,3.25,0.64,3.21,3.21,0.63,3.27,3.27,0.64
{'9275', '9557', '9459', '9737', '9596', '9789', '9643', '9508', '9692', '9412'} dumpsys(MB): min(0.63) max(3.29) average(2.38)
{'381'} android.hidl.allocator@1.0-service(MB): 3.22,3.22,0.61,3.22,3.22,0.61,3.22,3.22,0.61,3.22,3.22,0.61,3.22,3.22,0.61,3.22,3.22,0.61,3.22,3.22,0.61,3.22,3.22,0.61,3.22,3.22,0.61,3.22,3.22,0.61
{'381'} android.hidl.allocator@1.0-service(MB): min(0.61) max(3.22) average(2.35)
{'255'} tee-supplicant(MB): 3.11,3.11,0.58,3.11,3.11,0.58,3.11,3.11,0.58,3.11,3.11,0.58,3.11,3.11,0.58,3.11,3.11,0.58,3.11,3.11,0.58,3.11,3.11,0.58,3.11,3.11,0.58,3.11,3.11,0.58
{'255'} tee-supplicant(MB): min(0.58) max(3.11) average(2.27)
{'241'} lmkd(MB): 3.05,3.05,0.72,3.05,3.05,0.72,3.05,3.05,0.72,3.05,3.05,0.72,3.05,3.05,0.72,3.05,3.05,0.72,3.05,3.05,0.72,3.05,3.05,0.72,3.05,3.05,0.72,3.05,3.05,0.72
{'241'} lmkd(MB): min(0.72) max(3.05) average(2.27)
{'499'} cmdexecutor(MB): 2.99,2.99,0.51,2.99,2.99,0.51,2.99,2.99,0.51,2.99,2.99,0.51,2.99,2.99,0.51,2.99,2.99,0.51,2.99,2.99,0.51,2.99,2.99,0.51,2.99,2.99,0.51,2.99,2.99,0.51
{'499'} cmdexecutor(MB): min(0.51) max(2.99) average(2.16)
{'527'} socketsys(MB): 2.97,2.97,0.73,2.97,2.97,0.73,2.97,2.97,0.73,2.97,2.97,0.73,2.97,2.97,0.73,2.97,2.97,0.73,2.97,2.97,0.73,2.97,2.97,0.73,2.97,2.97,0.73,2.97,2.97,0.73
{'527'} socketsys(MB): min(0.73) max(2.97) average(2.22)
{'385'} iptables-restore(MB): 2.96,2.96,1.01,2.96,2.96,1.01,2.96,2.96,1.01,2.96,2.96,1.01,2.96,2.96,1.01,2.96,2.96,1.01,2.96,2.96,1.01,2.96,2.96,1.01,2.96,2.96,1.01,2.96,2.96,1.01
{'385'} iptables-restore(MB): min(1.01) max(2.96) average(2.31)
{'386'} ip6tables-restore(MB): 2.94,2.94,1.01,2.94,2.94,1.01,2.94,2.94,1.01,2.94,2.94,1.01,2.94,2.94,1.01,2.94,2.94,1.01,2.94,2.94,1.01,2.94,2.94,1.01,2.94,2.94,1.01,2.94,2.94,1.01
{'386'} ip6tables-restore(MB): min(1.01) max(2.94) average(2.3)
{'4449', '253'} sh(MB): 2.70,2.63,2.70,2.63,0.74,0.71,2.70,2.63,2.70,2.63,0.74,0.71,2.70,2.63,2.70,2.63,0.71,0.70,2.70,2.63,2.70,2.63,0.74,0.71,2.70,2.63,2.70,2.63,0.74,0.71,2.70,2.63,2.70,2.63,0.74,0.71,2.70,2.63,2.70,2.63,0.74,0.71,2.70,2.63,2.70,2.63,0.74,0.71,2.70,2.63,2.70,2.63,0.74,0.71,2.70,2.63,2.70,2.63,0.74,0.71
{'4449', '253'} sh(MB): min(0.7) max(2.7) average(2.02)
{'4043', '4041'} process-tracker(MB): 2.68,2.58,2.68,2.58,0.68,0.66,2.68,2.58,2.68,2.58,0.68,0.66,2.68,2.58,2.68,2.58,0.67,0.66,2.68,2.58,2.68,2.58,0.68,0.66,2.68,2.58,2.68,2.58,0.68,0.66,2.68,2.58,2.68,2.58,0.68,0.66,2.68,2.58,2.68,2.58,0.68,0.66,2.68,2.58,2.68,2.58,0.68,0.66,2.68,2.58,2.68,2.58,0.68,0.66,2.68,2.58,2.68,2.58,0.68,0.66
{'4043', '4041'} process-tracker(MB): min(0.66) max(2.68) average(1.98)
{'525'} coocaa_guard(MB): 2.59,2.59,0.66,2.59,2.59,0.66,2.59,2.59,0.66,2.59,2.59,0.66,2.59,2.59,0.66,2.59,2.59,0.66,2.59,2.59,0.66,2.59,2.59,0.66,2.59,2.59,0.66,2.59,2.59,0.66
{'525'} coocaa_guard(MB): min(0.66) max(2.59) average(1.95)
{'345'} tombstoned(MB): 2.32,2.32,0.53,2.32,2.32,0.53,2.32,2.32,0.53,2.32,2.32,0.53,2.32,2.32,0.53,2.32,2.32,0.53,2.32,2.32,0.53,2.32,2.32,0.53,2.32,2.32,0.53,2.32,2.32,0.53
{'345'} tombstoned(MB): min(0.53) max(2.32) average(1.72)
{'4447'} busybox(MB): 1.11,1.11,1.10,1.11,1.11,1.10,1.11,1.11,1.10,1.11,1.11,1.10,1.11,1.11,1.10,1.11,1.11,1.10,1.11,1.11,1.10,1.11,1.11,1.10,1.11,1.11,1.10,1.11,1.11,1.10
{'4447'} busybox(MB): min(1.1) max(1.11) average(1.11)
