usr: 36.4,42.1,46.4,48.0,45.9,47.5,41.2,42.1,40.9,34.4,38.3,44.6,35.1,37.2,41.1,45.0,46.9,36.1,41.1,33.3,45.2,39.0,54.8,46.5,44.2,47.0,49.6,49.5,40.5,41.1,45.9,42.0,48.4,40.2,28.5,17.5,11.2,21.1,69.6,58.3,62.0,45.4,45.0,27.6,23.6,20.8,21.3,21.1,31.9,34.0,30.3,32.2,17.5,3.2,8.6,8.7,26.0,18.2,9.5,22.9,13.9,20.0,25.8,19.7,13.7,25.2,22.9,27.1,15.4,17.3,18.3,14.2,23.1,22.5,19.5,19.1,23.9,20.0,20.8,28.2,16.1,23.6,21.7,21.1,23.6,16.3,22.8,20.6,17.3,20.6,21.2,22.1,26.0,30.7,36.7
usr: min(3.2) max(69.6) average(30.78)
sys: 48.9,47.3,42.1,43.1,43.8,41.5,51.5,47.3,44.5,45.1,46.4,46.4,43.9,45.0,45.5,41.4,46.0,47.8,50.4,47.0,45.2,49.0,37.6,46.5,49.5,42.1,40.9,41.5,50.9,43.9,44.8,47.0,38.6,41.3,31.6,20.8,20.2,25.5,25.2,22.9,29.0,37.3,48.5,22.3,22.5,27.4,23.5,38.4,24.4,21.9,40.1,24.4,14.2,7.6,11.8,12.0,25.0,26.8,15.4,22.9,20.4,20.0,28.0,28.1,18.3,18.6,23.9,19.5,14.4,26.0,19.3,16.4,26.3,23.6,14.1,24.7,21.8,13.3,20.8,18.4,18.2,22.5,19.5,22.2,22.5,28.2,19.5,22.8,17.3,19.5,24.4,15.7,34.3,20.8,28.5
sys: min(7.6) max(51.5) average(30.81)
nic: 4.1,2.6,6.1,1.9,3.0,0.0,0.0,0.0,0.0,0.0,0.0,0.0,0.0,0.0,0.0,0.0,0.0,0.0,0.0,0.0,0.0,0.0,1.0,0.9,0.0,0.0,0.0,0.0,0.0,5.6,1.0,2.0,6.0,0.0,0.0,0.0,0.0,0.0,2.0,3.1,1.0,0.0,2.1,2.1,0.0,0.0,6.7,0.0,0.0,0.0,1.9,0.0,0.0,0.0,0.0,0.0,0.0,0.0,0.0,0.0,0.0,0.0,0.0,2.0,0.0,0.0,0.0,0.0,58.7,19.5,45.9,13.1,0.0,0.0,0.0,0.0,0.0,0.0,0.0,0.0,0.0,0.0,0.0,0.0,0.0,0.0,0.0,0.0,0.0,0.0,0.0,0.0,0.0,0.0,2.0
nic: min(0.0) max(58.7) average(2.05)
idle: 6.2,2.6,2.6,1.9,2.0,6.9,3.0,5.2,8.1,15.0,12.1,4.4,15.3,12.7,10.0,9.9,1.7,10.6,4.2,14.7,4.2,7.0,3.2,0.9,1.7,6.8,4.7,2.9,4.7,4.6,4.0,4.0,2.2,13.0,37.7,58.2,65.1,51.1,0.0,12.5,5.0,14.1,0.7,44.6,49.4,48.3,44.9,36.5,40.4,40.6,22.5,41.1,67.0,87.9,78.4,78.0,46.8,51.6,72.6,51.0,63.4,55.7,41.5,46.8,64.3,52.7,48.9,51.0,9.2,33.6,12.2,52.7,47.3,50.5,64.1,53.9,52.0,63.3,56.0,50.0,62.3,50.5,55.4,52.2,51.6,54.3,53.2,55.4,61.9,57.6,51.0,60.0,37.5,45.0,29.5
idle: min(0.0) max(87.9) average(32.69)
io: 0.0,0.0,0.0,0.0,0.0,0.0,0.0,0.0,0.0,0.0,0.0,0.0,0.0,0.0,0.0,0.0,0.0,0.0,0.0,0.0,0.0,0.0,0.0,0.0,0.0,0.0,0.0,0.0,0.0,0.0,0.0,0.0,0.0,0.0,0.0,0.0,0.0,0.0,0.0,0.0,0.0,0.0,0.0,0.0,0.0,0.0,0.0,0.0,0.0,0.0,0.0,0.0,0.0,0.0,0.0,0.0,0.0,0.0,0.0,0.0,0.0,1.0,1.1,0.0,0.0,0.0,0.0,0.0,0.0,0.0,0.0,0.0,0.0,0.0,0.0,0.0,0.0,0.0,0.0,0.0,0.0,0.0,0.0,0.0,0.0,0.0,0.0,0.0,0.0,0.0,0.0,0.0,0.0,0.0,0.0
io: min(0.0) max(1.1) average(0.02)
irq: 3.1,3.5,2.6,2.9,4.0,3.9,4.1,4.2,4.5,4.3,3.0,3.5,4.3,3.9,3.3,3.6,4.4,4.2,3.3,3.9,4.2,4.0,3.2,3.9,4.4,3.9,3.9,3.9,2.8,3.7,3.0,4.0,3.7,4.3,2.0,2.1,2.2,2.2,2.0,3.1,3.0,2.0,3.5,3.1,3.2,3.2,3.3,2.8,3.1,2.1,3.9,2.2,1.0,1.0,1.0,1.0,2.0,3.2,2.3,3.1,2.1,2.1,2.2,2.0,2.2,2.1,2.0,2.1,2.0,2.1,3.0,2.1,2.1,2.1,2.1,2.2,1.0,2.2,2.1,2.1,2.1,2.1,2.1,2.2,2.1,1.0,2.1,1.0,2.1,1.0,2.1,2.1,2.0,2.1,3.0
irq: min(1.0) max(4.5) average(2.76)
sirq: 1.0,1.7,0.0,1.9,1.0,0.0,0.0,1.0,1.8,1.0,0.0,0.8,1.0,0.9,0.0,0.0,0.8,1.0,0.8,0.9,1.0,1.0,0.0,0.9,0.0,0.0,0.7,1.9,0.9,0.9,1.0,1.0,0.7,1.0,0.0,1.0,1.1,0.0,1.0,0.0,0.0,1.0,0.0,0.0,1.0,0.0,0.0,0.9,0.0,1.0,0.9,0.0,0.0,0.0,0.0,0.0,0.0,0.0,0.0,0.0,0.0,1.0,1.1,1.0,1.1,1.0,2.0,0.0,0.0,1.0,1.0,1.0,1.0,1.0,0.0,0.0,1.0,1.1,0.0,1.0,1.0,1.0,1.0,2.2,0.0,0.0,2.1,0.0,1.0,1.0,1.0,0.0,0.0,1.0,0.0
sirq: min(0.0) max(2.2) average(0.64)
{'1155'} system_server: 20.8,9.6,7.0,3.9,7.9,8.2,6.3,0.9,9.6,9.0,3.5,1.1,8.8,6.2,10.8,2.6,8.5,10.0,10.7,7.0,8.6,6.9,5.3,8.8,6.2,6.9,9.5,13.0,9.1,6.0,8.3,1.0,14.2,10.9,12.2,9.0,9.9,12.1,4.9,4.2,11.8,8.2,10.1,10.5,13.5,16.3,2.9,11.1,12.7,0.0,10.7,1.1,11.4,8.6,0.0,10.7,8.4,0.0,14.6,11.4,9.2,8.3,8.2,6.5,11.2,1.0,11.5,8.6,0.0,10.7,12.4,10.9,13.0,0.0,10.7,7.2,9.1,8.6,0.0,10.8,9.7,2.1,11.9,10.4,0.0,15.3,16.1,5.1
{'1155'} system_server: min(0.0) max(20.8) average(8.2)
{'12558'} com.coocaa.study.aicoach: 10.4,14.9,22.7,23.5,21.4,20.7,17.5,17.8,17.2,17.2,13.1,31.2,18.6,16.6,16.5,15.3,25.6,14.8,25.1,10.7,28.3,19.0,27.9,27.6,23.8,23.5,24.3,21.7,18.1,21.4,25.5,24.0,31.7,28.2,9.1,5.9,8.4,11.1,49.4,33.7,47.9,29.2,23.2,7.4,8.6,11.3,15.7,18.2,13.5,14.3,21.5,21.1,1.0,1.9,9.3,4.3,6.5,12.7,6.5,15.7,10.1,9.3,6.6,6.1,8.3,6.5,4.1,5.4,7.1,7.1,8.4,9.6,6.5,6.4,6.2,7.1,6.5,8.6,7.5,5.3,7.2,8.1,8.6,7.6,6.5,7.6,8.6,6.5,6.2,7.3,9.2,7.5,9.1
{'12558'} com.coocaa.study.aicoach: min(1.0) max(49.4) average(14.69)
{'3056'} com.jxw.download: 10.4,11.4,11.4,6.8,10.2
{'3056'} com.jxw.download: min(6.8) max(11.4) average(10.04)
{'17516'} com.android.documentsui: 5.2,1.0
{'17516'} com.android.documentsui: min(1.0) max(5.2) average(3.1)
{'2236'} com.android.printspooler: 5.2
{'2236'} com.android.printspooler: min(5.2) max(5.2) average(5.2)
{'717', '722'} /vendor/bin/hw/android.hardware.me: 5.2,0.8,5.2,2.6,7.8,7.1,5.9,1.9,6.1,1.0,5.2,4.2,5.4,6.4,2.1,10.0,2.0,7.1,4.4,12.0,6.8,1.9,7.2,4.1,4.5,5.3,4.2,3.1,5.8,0.8,9.8,5.2,10.0,2.0,5.3,1.0,4.9,6.1,4.9,0.9,3.9,1.5,5.9,3.9,7.7,5.6,7.1,5.0,4.0,3.0,6.5,3.0,1.0,2.9,1.9,4.2,2.2,2.2,3.0,1.0,1.0,1.0,2.8,2.1,3.1,3.2,1.0,3.1,2.0,4.4,3.8,3.1,2.0,3.0,0.9,2.2,0.9,1.0,1.0,3.2,1.0,3.2,4.8,1.9,3.7,2.8,5.2,1.1,1.1,4.1,1.0,1.1,2.0,2.0,3.1,3.1,1.0,1.0,1.0,4.3,1.0,2.0,1.0,2.1,1.0,2.1,2.1,2.1,2.1,2.1,2.0,2.0,1.1,1.1,2.1,2.1,2.1,2.1,2.0,2.0,2.0,2.1,2.1,1.0,2.1,1.0,4.3,2.1,2.1,2.1,1.0,3.1,2.0,2.1,7.1,1.0,4.3
{'717', '722'} /vendor/bin/hw/android.hardware.me: min(0.8) max(12.0) average(3.23)
{'737'} /system/bin/surfaceflinger: 3.1,7.0,0.8,1.9,3.0,2.9,2.0,2.1,2.7,2.1,1.0,3.5,2.2,2.9,3.1,2.7,1.7,1.0,2.5,1.9,2.1,1.0,3.2,0.9,2.6,1.9,2.3,2.9,1.7,2.8,2.0,3.0,2.2,2.1,6.1,0.9,3.1,3.3,2.0,0.9,2.9,1.0,11.9,3.1,1.0,3.1,3.3,2.8,2.0,3.0,1.9,3.3,0.0,0.0,0.0,0.0,2.0,1.0,2.1,3.9,1.8,3.1,1.1,1.0,2.2,1.0,2.0,2.1,1.0,1.0,2.0,1.0,2.1,1.0,1.0,1.0,2.0,2.0,2.2,2.1,2.1,2.1,2.0,1.0,2.1,2.1,1.0,1.0,1.0,2.1,2.0,2.1,4.0,3.2,9.1
{'737'} /system/bin/surfaceflinger: min(0.0) max(11.9) average(2.26)
{'2495'} com.android.calendar: 3.1
{'2495'} com.android.calendar: min(3.1) max(3.1) average(3.1)
{'715', '714'} /vendor/bin/hw/android.hardware.gr: 2.0,2.6,0.8,0.9,0.9,3.0,0.9,2.0,2.1,1.8,1.0,1.0,1.7,2.2,2.9,2.0,1.8,2.6,2.1,0.8,2.1,2.0,1.0,1.9,1.7,1.9,1.5,1.9,1.7,0.9,2.0,2.0,1.5,2.1,3.0,0.9,2.1,2.2,2.0,1.9,1.9,1.0,7.7,1.0,1.0,2.0,1.1,3.8,2.0,2.0,1.9,2.2,0.0,0.0,1.0,1.0,1.9,1.8,2.1,2.0,1.1,2.0,1.0,2.1,1.0,2.1,1.0,2.0,3.1,2.1,2.1,2.1,2.0,2.0,2.2,1.0,2.1,1.0,2.0,3.0,1.0,2.1,2.1,1.0,2.1,1.0,3.1,2.1,2.1,4.0
{'715', '714'} /vendor/bin/hw/android.hardware.gr: min(0.0) max(7.7) average(1.85)
{'381'} /system/bin/logd: 2.0,6.1,6.1,3.9,6.1,6.9,5.1,7.3,6.3,6.4,6.0,7.1,6.5,6.8,6.2,5.4,4.4,6.3,5.8,5.8,6.3,6.0,7.5,5.9,5.3,5.8,5.5,5.9,6.0,5.6,6.1,5.0,3.7,7.6,3.0,1.9,3.1,2.2,4.0,4.9,2.9,4.0,4.9,2.1,2.1,2.0,2.2,2.8,2.0,1.0,3.9,1.1,2.1,1.1,0.9,1.1,2.0,1.0,2.1,0.9,0.9,1.1,1.0,1.1,1.0,2.0,2.1,1.0,2.0,2.1,1.0,1.0,2.1,1.0,2.0,1.1,1.0,2.1,2.1,1.0,1.0,2.1,1.0,1.0,1.0,1.0,1.0,1.0,1.0,2.0,1.0,2.0
{'381'} /system/bin/logd: min(0.9) max(7.6) average(3.3)
{'929'} /system_ext/bin/mobile_log_d: 2.0,1.7,2.6,1.9,2.0,2.9,3.0,2.1,2.7,1.0,1.0,1.7,2.2,2.9,3.1,1.8,1.7,3.1,3.3,1.9,2.1,3.0,2.1,1.9,1.7,0.9,1.5,1.9,2.6,1.8,2.0,1.0,2.2,2.1,2.0,1.9,1.1,1.0,1.9,1.9,2.0,1.4,1.0,1.0,1.1,0.9,1.0,0.9,1.0,1.0,0.9,1.1,1.0,1.0,1.0,1.0,1.0,1.0,1.1,2.1,1.0,1.0,1.0,1.0,1.0,1.0
{'929'} /system_ext/bin/mobile_log_d: min(0.9) max(3.3) average(1.66)
{'2767'} com.android.rkpdapp: 2.0
{'2767'} com.android.rkpdapp: min(2.0) max(2.0) average(2.0)
{'2976'} com.android.externalstorage: 2.0
{'2976'} com.android.externalstorage: min(2.0) max(2.0) average(2.0)
{'2209'} com.android.traceur: 2.0,1.0
{'2209'} com.android.traceur: min(1.0) max(2.0) average(1.5)
{'2114'} com.mediatek.batterywarning: 2.0
{'2114'} com.mediatek.batterywarning: min(2.0) max(2.0) average(2.0)
{'709'} /vendor/bin/hw/android.hardware.au: 2.0,4.3,5.2,8.8,10.2,7.9,9.2,7.3,3.6,3.2,5.0,1.7,2.2,0.9,6.2,5.4,7.0,7.4,3.3,2.9,3.1,2.0,7.5,6.9,4.4,4.9,6.2,8.9,6.9,4.6,6.1,6.0,6.8,1.0,1.0,0.9,2.1,3.3,3.0,6.9,6.8,6.0,6.3,7.4,6.4,4.1,1.1,2.8,7.3,7.1,7.8,6.6,8.5,3.3,1.9,2.2,6.2,6.4,2.1,1.9,0.9,4.2,7.8,6.2,7.7,7.1,6.2,6.5,4.1,4.3,4.0,7.1,6.3,6.4,6.5,6.4,5.2,7.1,5.4,6.5,6.4,5.3,5.1,6.0,6.4,5.4,6.5,5.4,7.6,5.4,6.2,7.3,6.1,7.5,5.1
{'709'} /vendor/bin/hw/android.hardware.au: min(0.9) max(10.2) average(5.33)
{'12297'} --/apex/com.android.adbd/bin/adbd: 1.0,3.5,2.6,2.9,3.0,2.9,3.0,3.1,3.6,3.2,4.0,2.6,3.3,3.9,4.1,2.7,2.6,3.1,3.3,3.9,3.1,4.0,3.2,2.9,2.6,2.9,3.9,2.9,3.4,2.8,3.0,3.0,2.2,3.2,2.0,2.9,1.0,2.2,2.0,2.9,2.9,4.0,2.1,2.1,2.1,2.0,3.3,2.8,1.0,1.0,1.9,1.1,3.1,2.2,0.9,2.2,1.0,2.1,2.1,0.9,1.8,2.2,1.0,2.2,2.0,1.0,2.1,1.0,1.0,1.0,3.0,2.1,1.0,2.1,2.1,2.0,3.0,2.2,1.0,2.1,2.1,2.0,2.0,1.0,1.0,1.0,2.1,2.1,1.0,2.0,1.0,2.0,2.1,2.0
{'12297'} --/apex/com.android.adbd/bin/adbd: min(0.9) max(4.1) average(2.32)
{'701'} /apex/com.android.os.statsd/bin/st: 1.0,1.0,0.9,1.0
{'701'} /apex/com.android.os.statsd/bin/st: min(0.9) max(1.0) average(0.97)
{'2744'} com.android.providers.calendar: 1.0
{'2744'} com.android.providers.calendar: min(1.0) max(1.0) average(1.0)
{'956'} -f/vendor/bin/v3avpud: 1.0,1.7,2.9,1.0,1.9,2.0,2.1,1.8,1.0,3.0,0.8,3.3,1.9,2.0,0.9,1.7,1.0,2.5,1.9,1.0,3.0,0.9,1.7,0.9,1.5,0.9,2.6,0.9,1.0,2.0,1.0,2.0,1.0,1.1,0.7,1.0,1.1,1.0,1.0,1.0,1.0,1.0,0.9,2.1,2.2,1.0,1.0,1.0,1.0,1.0,1.0,1.0,1.1,1.0,2.0,1.0,1.0,1.0,1.0,1.0,1.0,1.0,1.0,1.0,1.0
{'956'} -f/vendor/bin/v3avpud: min(0.7) max(3.3) average(1.38)
{'32321'} com.android.systemui: 6.1,1.0,2.0,2.1,1.0,2.0,1.4,5.3,1.0,4.1,1.0,1.0,2.0
{'32321'} com.android.systemui: min(1.0) max(6.1) average(2.31)
{'946'} /vendor/bin/hw/camerahalserver: 5.2,12.2,8.8,12.2,12.8,12.3,15.7,13.6,12.9,12.1,14.2,14.2,13.7,13.4,11.7,12.3,14.8,14.2,14.7,12.6,13.0,12.9,14.8,14.1,12.7,12.5,12.8,14.7,11.2,14.2,13.0,11.3,13.0,0.0,0.0,8.0,8.9,9.7,10.0,11.2,0.0,0.0,0.0,0.0,0.0,0.0,0.0,0.0,0.0,0.0,0.0,0.0,0.0,0.0,0.0,0.0,0.0,0.0,0.0,0.0,0.0,0.0,0.0,0.0,0.0,0.0,0.0,0.0,0.0,0.0,0.0,0.0,0.0,0.0,0.0,0.0,0.0
{'946'} /vendor/bin/hw/camerahalserver: min(0.0) max(15.7) average(6.12)
{'12038'} epoch-vlong-vlogcat: 3.5,2.6,2.9,3.0,1.9,4.1,3.1,3.6,4.3,4.0,2.6,3.3,1.9,3.1,2.7,1.7,4.2,3.3,1.9,2.1,2.0,4.3,3.9,2.6,1.9,2.3,2.9,3.4,2.8,3.0,2.0,2.2,3.2,2.0,1.9,1.1,3.0,2.9,2.9,2.0,2.1,1.0,2.0,1.1,0.9,0.9,1.0,1.0,0.9,0.9,2.2,1.1,1.0,1.0,1.0,1.0,1.0,1.0,1.0,1.0,1.0,2.1,1.0,1.0,1.0,1.0,1.0,1.0
{'12038'} epoch-vlong-vlogcat: min(0.9) max(4.3) average(2.12)
{'14252', '15075', '13492', '14222', '16076', '14787', '13464', '13422', '14126', '15527', '15642', '14917', '15872', '13953', '15408', '15585', '13758', '15367', '15845', '14084', '14542', '13896', '15756', '15885', '15986', '15310', '13920', '15969', '14517', '13165', '14954', '15700', '15381', '13827', '15717', '15943', '15324', '16108', '14868', '15276', '13730', '15908', '15191', '15060', '14319', '16026', '15660', '15257', '15829', '13690', '13557', '15556', '13870', '15789', '14983', '15214', '13664', '13387', '15348', '14567', '13640', '15773', '13606', '14587', '14698', '14349', '16043', '15733', '14819', '15513', '15930', '15494', '15812', '14741', '14968', '15454', '15618', '14448', '14278', '14409', '14023', '15101', '16000', '14196', '15043', '15600', '14057', '15471', '13795', '14375', '13531', '15675', '15240', '14168'} 1-ntopbusybox: 3.5,0.8,1.9,1.0,1.9,2.0,2.1,3.6,2.1,2.0,3.5,2.2,2.9,1.0,2.7,1.7,2.1,3.3,1.9,1.0,2.0,2.1,1.9,2.6,1.9,3.9,1.9,2.6,1.8,2.0,2.0,3.0,2.1,3.0,1.9,2.1,2.2,2.0,2.9,2.9,3.0,3.5,2.1,2.1,2.0,2.2,3.8,2.0,2.0,2.9,3.3,1.0,1.1,1.9,2.2,2.0,2.1,1.0,1.9,1.8,3.1,1.1,1.0,1.1,2.0,2.0,2.1,1.0,3.2,3.0,2.0,1.0,2.1,2.1,1.0,2.0,2.0,2.2,2.1,2.1,1.0,2.0,2.0,2.1,2.1,2.1,1.0,2.1,2.1,3.1,2.1,3.0,2.1,2.0
{'14252', '15075', '13492', '14222', '16076', '14787', '13464', '13422', '14126', '15527', '15642', '14917', '15872', '13953', '15408', '15585', '13758', '15367', '15845', '14084', '14542', '13896', '15756', '15885', '15986', '15310', '13920', '15969', '14517', '13165', '14954', '15700', '15381', '13827', '15717', '15943', '15324', '16108', '14868', '15276', '13730', '15908', '15191', '15060', '14319', '16026', '15660', '15257', '15829', '13690', '13557', '15556', '13870', '15789', '14983', '15214', '13664', '13387', '15348', '14567', '13640', '15773', '13606', '14587', '14698', '14349', '16043', '15733', '14819', '15513', '15930', '15494', '15812', '14741', '14968', '15454', '15618', '14448', '14278', '14409', '14023', '15101', '16000', '14196', '15043', '15600', '14057', '15471', '13795', '14375', '13531', '15675', '15240', '14168'} 1-ntopbusybox: min(0.8) max(3.9) average(2.14)
{'659', '13603', '13861'} [kfps]: 1.7,0.9,1.0,1.0,9.9,0.9,1.0,1.0,1.7,0.9,1.0,6.1,1.0,0.8,0.9,1.0,1.0,0.9,0.8,0.9,0.7,1.0,1.0,0.7,1.0,0.9,1.0,1.0,0.9,0.7,1.0,0.9,1.0,0.9,1.1,1.0,0.9,0.9,1.0,1.0,1.0,1.0
{'659', '13603', '13861'} [kfps]: min(0.7) max(9.9) average(1.31)
{'729'} /system/bin/audioserver: 0.8,0.8,1.9,2.0,1.9,1.0,1.0,0.0,2.0,0.9,1.0,1.0,0.9,2.6,0.9,1.5,0.9,1.7,0.9,2.0,1.0,0.0,0.0,2.0,1.9,2.9,1.0,1.4,0.0,0.0,1.0,0.0,2.0,1.0,1.9,0.0,0.0,0.0,0.0,0.0,1.0,1.0,0.0,0.0,0.0,4.4,3.1,1.1,1.0,1.0,1.0,1.0,1.0,1.0,1.0,1.0,1.0,1.0,1.0,2.0,1.0,1.1,2.1,2.1,2.1,1.0,2.0,1.0,2.1,2.1,2.1,1.0,2.1,1.0,1.0,1.0,1.0,2.0
{'729'} /system/bin/audioserver: min(0.0) max(4.4) average(1.19)
{'901'} /system/bin/cameraserver: 0.8,0.8,0.9,2.0,0.9,1.0,2.1,1.8,2.1,2.0,1.7,2.2,1.9,1.0,1.8,0.8,2.1,2.5,0.9,1.0,2.0,1.0,1.9,1.7,1.9,1.5,1.9,2.6,1.8,2.0,2.0,0.7,2.1,2.0,2.9,2.9,2.0,2.1,0.0,0.0,0.0,0.0,0.0,0.0,0.0,0.0
{'901'} /system/bin/cameraserver: min(0.0) max(2.9) average(1.42)
{'702'} /system/bin/netd: 0.8,8.8,1.0
{'702'} /system/bin/netd: min(0.8) max(8.8) average(3.53)
{'718'} /vendor/bin/hw/android.hardware.se: 0.8,1.0,1.0,0.9
{'718'} /vendor/bin/hw/android.hardware.se: min(0.8) max(1.0) average(0.92)
{'215'} [irq/120-musb-hd]: 1.7,1.0,0.9,1.0,1.0,0.9,1.0,1.0,0.8,1.1,0.9,0.8,1.0,1.6,0.9,1.0,1.0,0.9,0.7,0.9,0.8,0.9,1.0,1.0,1.0,1.0,1.0,0.9,1.1,1.0,0.9,1.0,1.0,1.0,1.0,1.0,1.0,1.0,1.0,1.0,1.0,1.0,1.0,1.0
{'215'} [irq/120-musb-hd]: min(0.7) max(1.7) average(0.99)
{'1518'} com.android.networkstack.process: 0.8,1.1
{'1518'} com.android.networkstack.process: min(0.8) max(1.1) average(0.95)
{'143'} [kswapd0]: 0.8,2.9,2.6,1.0
{'143'} [kswapd0]: min(0.8) max(2.9) average(1.83)
{'12043'} [kworker/u16:5-g]: 0.8
{'12043'} [kworker/u16:5-g]: min(0.8) max(0.8) average(0.8)
{'73'} [kcompactd0]: 2.9,3.1
{'73'} [kcompactd0]: min(2.9) max(3.1) average(3.0)
{'12'} [ksoftirqd/0]: 0.9,1.0,1.0
{'12'} [ksoftirqd/0]: min(0.9) max(1.0) average(0.97)
{'7636'} [kworker/u16:0+c]: 1.0,1.0,1.1,1.0
{'7636'} [kworker/u16:0+c]: min(1.0) max(1.1) average(1.02)
{'12043'} [kworker/u16:5-m]: 1.0
{'12043'} [kworker/u16:5-m]: min(1.0) max(1.0) average(1.0)
{'2893'} com.jxw.pushservice: 0.9,0.8,0.8,1.0,2.1,1.0,1.0,1.1,1.0
{'2893'} com.jxw.pushservice: min(0.8) max(2.1) average(1.08)
{'7636'} [kworker/u16:0-e]: 0.9,1.0,0.8,0.9,1.0,0.9,1.0,1.0,1.0
{'7636'} [kworker/u16:0-e]: min(0.8) max(1.0) average(0.94)
{'11544'} [kworker/u16:3-a]: 0.9,0.7,1.0,1.0,1.1,0.9,1.1,1.1,1.0,1.0,1.0
{'11544'} [kworker/u16:3-a]: min(0.7) max(1.1) average(0.98)
{'716'} /vendor/bin/hw/android.hardware.he: 2.0,0.9,1.0
{'716'} /vendor/bin/hw/android.hardware.he: min(0.9) max(2.0) average(1.3)
{'264'} /system/bin/ueventd: 1.0,0.9,0.8,0.9
{'264'} /system/bin/ueventd: min(0.8) max(1.0) average(0.9)
{'185'} [cmdq_irq_thread]: 1.0,1.0,1.0
{'185'} [cmdq_irq_thread]: min(1.0) max(1.0) average(1.0)
{'13604', '13862'} com.coocaa.study.aicoachgrep: 2.7,1.7
{'13604', '13862'} com.coocaa.study.aicoachgrep: min(1.7) max(2.7) average(2.2)
{'7636'} [kworker/u16:0-g]: 0.9,0.9
{'7636'} [kworker/u16:0-g]: min(0.9) max(0.9) average(0.9)
{'12043'} [kworker/u16:5+m]: 0.9
{'12043'} [kworker/u16:5+m]: min(0.9) max(0.9) average(0.9)
{'11544'} [kworker/u16:3-e]: 1.0,1.1,0.9,1.0,1.0,0.9,0.9,1.0,1.0
{'11544'} [kworker/u16:3-e]: min(0.9) max(1.1) average(0.98)
{'12921'} [kworker/u16:6-e]: 1.0
{'12921'} [kworker/u16:6-e]: min(1.0) max(1.0) average(1.0)
{'10870'} [kworker/u16:4-a]: 1.0,0.9,0.9,0.7,1.0,0.9,1.0,1.0
{'10870'} [kworker/u16:4-a]: min(0.7) max(1.0) average(0.93)
{'10870'} [kworker/u16:4+c]: 0.8,0.8,1.0
{'10870'} [kworker/u16:4+c]: min(0.8) max(1.0) average(0.87)
{'12043'} [kworker/u16:5-a]: 0.8,0.8
{'12043'} [kworker/u16:5-a]: min(0.8) max(0.8) average(0.8)
{'12921'} [kworker/u16:6-c]: 1.1,0.9,1.0,0.9
{'12921'} [kworker/u16:6-c]: min(0.9) max(1.1) average(0.97)
{'3557', '3710'} com.tencent.wetype:hld: 0.0,0.0,0.0,0.0,0.0,0.0,0.0,0.0,0.0,0.0,0.0,0.0,0.0,0.0,0.0,0.0,0.0,0.0,0.0,0.0,0.0,0.0,0.0,0.0,0.0,0.0,0.0,0.0,0.0,0.0,0.0,0.0,0.0,0.0,0.0,0.0,0.0,0.0,0.0,0.0,0.0,0.0,0.0,0.0,0.0,0.0,0.0,0.0,0.0,0.0,0.0,0.0,0.0,0.0,0.0,0.0,0.0,0.0,0.0,0.0,0.0,0.0,0.0,0.0,0.0,0.0,0.0,0.0,0.0,0.0,0.0,0.0,0.0,0.0,0.0,0.0,0.0,0.0,0.0,0.0,0.0,0.0,0.0,0.0,0.0,0.0,0.0,0.0,0.0,0.0,0.0,0.0,0.0,0.0,0.0,0.0,0.0,0.0,0.0,0.0,0.0,0.0,0.0,0.0,0.0,0.0,0.0,0.0,0.0,0.0,0.0,0.0
{'3557', '3710'} com.tencent.wetype:hld: min(0.0) max(0.0) average(0.0)
{'33'} [ksoftirqd/3]: 0.9,1.1
{'33'} [ksoftirqd/3]: min(0.9) max(1.1) average(1.0)
{'12043'} [kworker/u16:5+c]: 0.9
{'12043'} [kworker/u16:5+c]: min(0.9) max(0.9) average(0.9)
{'10933'} /data/local/tmp/.studio/process-tr: 1.0,1.0,2.2,1.0,1.0,2.1
{'10933'} /data/local/tmp/.studio/process-tr: min(1.0) max(2.2) average(1.38)
{'7636'} [kworker/u16:0-a]: 1.0,1.0,0.9,1.1,1.0,0.9,1.1,1.0,1.0
{'7636'} [kworker/u16:0-a]: min(0.9) max(1.1) average(1.0)
{'57'} [ksoftirqd/7]: 0.9,1.0,1.0
{'57'} [ksoftirqd/7]: min(0.9) max(1.0) average(0.97)
{'583'} [chre_kthread]: 0.9
{'583'} [chre_kthread]: min(0.9) max(0.9) average(0.9)
{'7636'} [kworker/u16:0+m]: 0.9
{'7636'} [kworker/u16:0+m]: min(0.9) max(0.9) average(0.9)
{'10735'} [kworker/u17:1-m]: 0.9,1.0,1.1
{'10735'} [kworker/u17:1-m]: min(0.9) max(1.1) average(1.0)
{'1'} second_stage/system/bin/init: 1.7,0.9,2.0,1.0
{'1'} second_stage/system/bin/init: min(0.9) max(2.0) average(1.4)
{'1806'} com.android.launcher3: 0.8,0.0,0.0,0.0,0.0,1.0,0.0,0.0,0.0,0.0,0.0,0.0,0.0,0.0,0.0,0.0,0.0,0.0,0.0,0.0,0.0,0.0,0.0,0.0,0.0,4.0
{'1806'} com.android.launcher3: min(0.0) max(4.0) average(0.22)
{'6102'} [rx_thread]: 0.8,1.0,1.0,1.0,1.1
{'6102'} [rx_thread]: min(0.8) max(1.1) average(0.98)
{'6101'} [hif_thread]: 0.9,1.0,0.9,0.9,0.9,1.1,1.1,1.0,1.1,1.0,2.0,1.0,1.0,2.0,1.0
{'6101'} [hif_thread]: min(0.9) max(2.0) average(1.13)
{'7636'} [kworker/u16:0-c]: 0.9,1.0,1.0,1.0,1.0
{'7636'} [kworker/u16:0-c]: min(0.9) max(1.0) average(0.98)
{'1020'} /system_ext/bin/connsyslogger: 1.0,1.0
{'1020'} /system_ext/bin/connsyslogger: min(1.0) max(1.0) average(1.0)
{'6100'} [main_thread]: 1.0,1.0,1.0,0.9,1.1,1.0,1.1,2.0,1.0,1.0,1.0,1.0,1.0,1.0,1.0
{'6100'} [main_thread]: min(0.9) max(2.0) average(1.07)
{'12342'} [kworker/u17:4-k]: 1.0
{'12342'} [kworker/u17:4-k]: min(1.0) max(1.0) average(1.0)
{'9556'} [kworker/u16:1-e]: 1.0,0.9,1.0,1.0,1.0
{'9556'} [kworker/u16:1-e]: min(0.9) max(1.0) average(0.98)
{'2153'} com.coocaa.systemservice: 1.0,0.8,1.0,1.0,0.0,0.0
{'2153'} com.coocaa.systemservice: min(0.0) max(1.0) average(0.63)
{'2135'} com.android.providers.media.module: 1.0,0.8,0.9,1.1,1.0
{'2135'} com.android.providers.media.module: min(0.8) max(1.1) average(0.96)
{'685'} [sugov:6]: 1.0,0.8,1.0,1.1
{'685'} [sugov:6]: min(0.8) max(1.1) average(0.97)
{'12921'} [kworker/u16:6-a]: 0.9,0.9,1.1,1.0,1.0,1.0,1.0
{'12921'} [kworker/u16:6-a]: min(0.9) max(1.1) average(0.99)
{'45'} [ksoftirqd/5]: 0.8,0.9,1.0,1.1
{'45'} [ksoftirqd/5]: min(0.8) max(1.1) average(0.95)
{'10870'} [kworker/u16:4-c]: 0.8,0.9,1.0
{'10870'} [kworker/u16:4-c]: min(0.8) max(1.0) average(0.9)
{'11544'} [kworker/u16:3+m]: 0.9,1.0
{'11544'} [kworker/u16:3+m]: min(0.9) max(1.0) average(0.95)
{'10870'} [kworker/u16:4+m]: 0.7
{'10870'} [kworker/u16:4+m]: min(0.7) max(0.7) average(0.7)
{'9556'} [kworker/u16:1-a]: 0.7,0.9,0.9,1.0,1.0,1.0,1.1
{'9556'} [kworker/u16:1-a]: min(0.7) max(1.1) average(0.94)
{'8555'} [kworker/0:2-eve]: 0.9,0.7,0.9,1.0,1.0,1.0,1.0
{'8555'} [kworker/0:2-eve]: min(0.7) max(1.0) average(0.93)
{'10870'} [kworker/u16:4-e]: 1.0,1.0,1.0,1.0,1.0
{'10870'} [kworker/u16:4-e]: min(1.0) max(1.0) average(1.0)
{'11544'} [kworker/u16:3-c]: 1.0,1.0
{'11544'} [kworker/u16:3-c]: min(1.0) max(1.0) average(1.0)
{'49'} [migration/6]: 0.7
{'49'} [migration/6]: min(0.7) max(0.7) average(0.7)
{'9556'} [kworker/u16:1-g]: 0.7,1.0,1.0
{'9556'} [kworker/u16:1-g]: min(0.7) max(1.0) average(0.9)
{'12342'} [kworker/u17:4-m]: 0.7,1.0
{'12342'} [kworker/u17:4-m]: min(0.7) max(1.0) average(0.85)
{'8928'} [kworker/u17:0+k]: 1.0
{'8928'} [kworker/u17:0+k]: min(1.0) max(1.0) average(1.0)
{'490'} [kworker/2:2-eve]: 1.0,0.9,0.9
{'490'} [kworker/2:2-eve]: min(0.9) max(1.0) average(0.93)
{'927'} /system/bin/mediaserver: 1.0
{'927'} /system/bin/mediaserver: min(1.0) max(1.0) average(1.0)
{'684'} [sugov:0]: 0.9,1.0,1.0,0.9,1.1,1.0,0.9,1.0,1.1,1.0,1.0,1.0,1.0,1.0,1.0,1.0,1.0,1.0,1.0
{'684'} [sugov:0]: min(0.9) max(1.1) average(0.99)
{'10870'} [kworker/u16:4-g]: 0.9
{'10870'} [kworker/u16:4-g]: min(0.9) max(0.9) average(0.9)
{'8928'} [kworker/u17:0-m]: 1.0,0.9,1.0,1.0,1.1
{'8928'} [kworker/u17:0-m]: min(0.9) max(1.1) average(1.0)
{'11544'} [kworker/u16:3-g]: 1.1,1.0,0.9
{'11544'} [kworker/u16:3-g]: min(0.9) max(1.1) average(1.0)
{'914'} aextractormedia.extractor: 0.0,0.0,0.0,0.0,0.0,0.0,0.0,0.0,0.0,0.0,0.0,0.0,0.0,0.0,0.0,0.0,0.0
{'914'} aextractormedia.extractor: min(0.0) max(0.0) average(0.0)
{'7636'} [kworker/u16:0-f]: 1.0
{'7636'} [kworker/u16:0-f]: min(1.0) max(1.0) average(1.0)
{'723'} /vendor/bin/hw/vendor.mediatek.har: 0.7
{'723'} /vendor/bin/hw/vendor.mediatek.har: min(0.7) max(0.7) average(0.7)
{'154'} [dmabuf-deferred]: 0.7
{'154'} [dmabuf-deferred]: min(0.7) max(0.7) average(0.7)
{'603'} [ipi_cpu_dvfs_rt]: 1.0,1.0
{'603'} [ipi_cpu_dvfs_rt]: min(1.0) max(1.0) average(1.0)
{'12921'} [kworker/u16:6+c]: 1.0,1.0
{'12921'} [kworker/u16:6+c]: min(1.0) max(1.0) average(1.0)
{'4208'} [kworker/5:0-ged]: 1.0,1.1
{'4208'} [kworker/5:0-ged]: min(1.0) max(1.1) average(1.05)
{'13'} [rcu_preempt]: 1.1,0.9,1.0,0.9,1.0,1.0
{'13'} [rcu_preempt]: min(0.9) max(1.1) average(0.98)
{'923'} /system_ext/bin/lbs_dbg_ext: 1.0
{'923'} /system_ext/bin/lbs_dbg_ext: min(1.0) max(1.0) average(1.0)
{'390'} /system/bin/servicemanager: 1.0,2.1,1.0,1.0
{'390'} /system/bin/servicemanager: min(1.0) max(2.1) average(1.27)
{'27'} [ksoftirqd/2]: 0.9
{'27'} [ksoftirqd/2]: min(0.9) max(0.9) average(0.9)
{'961'} oid.media.swcodec/bimedia.swcodec: 0.0,0.0,0.0,0.0,2.2,1.0,2.0,2.0,2.1,1.0,1.0,1.0,1.0,1.0,1.0,1.0,1.1,3.2,0.0,1.0,2.0,3.0,1.0,1.0,2.1,2.1,1.0,2.1,2.0,2.1,0.0
{'961'} oid.media.swcodec/bimedia.swcodec: min(0.0) max(3.2) average(1.29)
{'3175'} com.coocaa.os.upgrade: 0.0,0.0,0.0,0.0,0.0,0.0
{'3175'} com.coocaa.os.upgrade: min(0.0) max(0.0) average(0.0)
{'895'} /vendor/bin/hw/android.hardware.ne: 0.0,0.0
{'895'} /vendor/bin/hw/android.hardware.ne: min(0.0) max(0.0) average(0.0)
{'9556'} [kworker/u16:1+c]: 1.0
{'9556'} [kworker/u16:1+c]: min(1.0) max(1.0) average(1.0)
{'12921'} [kworker/u16:6+m]: 0.9
{'12921'} [kworker/u16:6+m]: min(0.9) max(0.9) average(0.9)
{'470'} [f2fs_discard-25]: 1.0
{'470'} [f2fs_discard-25]: min(1.0) max(1.0) average(1.0)
{'8928'} [kworker/u17:0-k]: 1.0,1.0
{'8928'} [kworker/u17:0-k]: min(1.0) max(1.0) average(1.0)
{'12937'} [kworker/0:4H-kv]: 1.0
{'12937'} [kworker/0:4H-kv]: min(1.0) max(1.0) average(1.0)
{'39'} [ksoftirqd/4]: 1.0,1.0
{'39'} [ksoftirqd/4]: min(1.0) max(1.0) average(1.0)
{'15555'} /apex/com.android.art/bin/profman: 11.9
{'15555'} /apex/com.android.art/bin/profman: min(11.9) max(11.9) average(11.9)
{'15566'} /apex/com.android.art/bin/dex2oat3: 59.7,26.0,47.9,12.3
{'15566'} /apex/com.android.art/bin/dex2oat3: min(12.3) max(59.7) average(36.48)
{'51'} [ksoftirqd/6]: 1.0
{'51'} [ksoftirqd/6]: min(1.0) max(1.0) average(1.0)
{'1266'} [kworker/4:0-eve]: 1.0,1.0
{'1266'} [kworker/4:0-eve]: min(1.0) max(1.0) average(1.0)
{'9556'} [kworker/u16:1-c]: 1.0,1.0
{'9556'} [kworker/u16:1-c]: min(1.0) max(1.0) average(1.0)
{'11540'} [kworker/3:2-eve]: 1.0
{'11540'} [kworker/3:2-eve]: min(1.0) max(1.0) average(1.0)
{'11544'} [kworker/u16:3+c]: 1.0
{'11544'} [kworker/u16:3+c]: min(1.0) max(1.0) average(1.0)
{'11544'} [kworker/u16:3-m]: 1.0
{'11544'} [kworker/u16:3-m]: min(1.0) max(1.0) average(1.0)
{'3015'} /tc-w111111-c0-sany-itrace: 1.0
{'3015'} /tc-w111111-c0-sany-itrace: min(1.0) max(1.0) average(1.0)
{'12921'} [kworker/u16:6-m]: 1.0
{'12921'} [kworker/u16:6-m]: min(1.0) max(1.0) average(1.0)
{'13960'} com.android.settings: 9.1
{'13960'} com.android.settings: min(9.1) max(9.1) average(9.1)
