total_ram(MB): 5878.05,5878.05,5878.05,5878.05,5878.05,5878.05,5878.05,5878.05,5878.05,5878.05,5878.05,5878.05,5878.05,5878.05,5878.05,5878.05,5878.05,5878.05,5878.05,5878.05,5878.05,5878.05,5878.05,5878.05,5878.05,5878.05,5878.05,5878.05,5878.05
total_ram(MB): min(5878.05) max(5878.05) average(5878.05)
free_ram(MB): 2061.20,2064.23,2039.26,2015.85,2013.50,2020.95,2005.28,2027.27,3347.27,3046.88,3234.31,3212.41,3265.71,3227.90,3243.89,3186.53,3175.64,3171.30,3156.11,2965.80,3139.48,3131.78,3144.48,3141.11,3131.87,3144.41,3151.59,3179.59,3129.56
free_ram(MB): min(2005.28) max(3347.27) average(2854.32)
used_ram(MB): 3569.99,3626.55,3642.47,3702.96,3699.15,3712.10,3694.15,3700.79,2505.91,2649.98,2555.76,2602.52,2508.94,2487.41,2533.78,2612.41,2623.24,2584.64,2585.04,2576.09,2574.41,2611.00,2596.90,2606.78,2607.69,2597.18,2531.10,2576.23,2626.98
used_ram(MB): min(2487.41) max(3712.1) average(2879.38)
lost_ram(MB): 513.41,453.47,462.52,425.44,431.36,422.56,453.86,424.37,298.95,455.27,362.06,337.18,377.47,436.80,374.44,353.17,353.24,395.85,410.58,609.84,437.84,408.94,410.34,403.83,412.11,410.07,468.98,395.75,395.07
lost_ram(MB): min(298.95) max(609.84) average(417.06)
free(MB): 77.12,125.61,103.68,95.04,110.98,99.84,85.35,214.16,394.91,243.71,294.39,285.51,356.17,254.54,270.09,258.87,247.49,259.94,236.55,64.15,155.15,146.25,157.53,153.82,142.69,153.68,161.53,178.99,150.01
free(MB): min(64.15) max(394.91) average(188.89)
used_pss(MB): 1611.36,1624.01,1588.45,1655.14,1642.19,1647.75,1604.20,1625.31,1309.67,1504.07,1369.19,1395.53,1322.13,1345.53,1392.27,1375.49,1386.29,1387.75,1389.42,1376.60,1373.86,1410.00,1396.35,1407.70,1406.76,1395.77,1390.95,1378.51,1447.28
used_pss(MB): min(1309.67) max(1655.14) average(1453.78)
kernel(MB): 1958.62,2002.54,2054.02,2047.82,2056.96,2064.35,2089.95,2075.48,1196.24,1145.90,1186.57,1207.00,1186.80,1141.88,1141.52,1236.92,1236.94,1196.90,1195.62,1199.49,1200.55,1201.01,1200.55,1199.08,1200.93,1201.41,1140.15,1197.73,1179.70
kernel(MB): min(1140.15) max(2089.95) average(1425.61)
buffers(MB): 0.00,0.00,0.00,0.00,0.00,0.00,0.00,0.00,0.00,0.00,0.00,0.00,0.00,0.00,0.00,0.00,0.00,0.00,0.00,0.00,0.00,0.00,0.00,0.00,0.00,0.00,0.00,0.00,0.00
buffers(MB): min(0.0) max(0.0) average(0.0)
shmem(MB): 0.00,0.00,0.00,0.00,0.00,0.00,0.00,0.00,0.00,0.00,0.00,0.00,0.00,0.00,0.00,0.00,0.00,0.00,0.00,0.00,0.00,0.00,0.00,0.00,0.00,0.00,0.00,0.00,0.00
shmem(MB): min(0.0) max(0.0) average(0.0)
slab(MB): 0.00,0.00,0.00,0.00,0.00,0.00,0.00,0.00,0.00,0.00,0.00,0.00,0.00,0.00,0.00,0.00,0.00,0.00,0.00,0.00,0.00,0.00,0.00,0.00,0.00,0.00,0.00,0.00,0.00
slab(MB): min(0.0) max(0.0) average(0.0)
total_swap(MB): 3232.92,3232.92,3232.92,3232.92,3232.92,3232.92,3232.92,3232.92,3232.92,3232.92,3232.92,3232.92,3232.92,3232.92,3232.92,3232.92,3232.92,3232.92,3232.92,3232.92,3232.92,3232.92,3232.92,3232.92,3232.92,3232.92,3232.92,3232.92,3232.92
total_swap(MB): min(3232.92) max(3232.92) average(3232.92)
used_swap(MB): 369.96,371.46,371.46,371.46,371.46,388.71,386.46,385.96,385.71,385.71,385.71,385.71,385.71,385.71,385.71,385.71,385.71,385.46,385.46,385.46,385.46,385.46,385.46,385.46,385.46,385.46,385.46,385.46,385.46
used_swap(MB): min(369.96) max(388.71) average(383.24)
{'717'} android.hardware.media.c2@1.2-mediatek(MB): 997.19,997.19,994.19,942.74,942.74,939.77,922.82,922.82,919.82,922.88,922.88,919.83,908.80,908.80,905.83,908.86,908.86,905.85,922.89,922.89,919.86,922.95,922.95,919.89,206.70,206.70,203.72,206.33,206.33,203.35,206.11,206.11,203.28,224.18,224.18,221.33,224.14,224.14,221.30,224.15,224.15,221.28,224.15,224.15,221.28,206.01,206.01,203.19,224.06,224.06,221.22,245.16,245.16,242.32,243.18,243.18,240.33,243.20,243.20,240.32,243.21,243.21,240.35,243.23,243.23,240.36,243.24,243.24,240.36,243.26,243.26,240.37,243.27,243.27,240.38,243.29,243.29,240.38,243.30,243.30,240.39,206.20,206.20,203.29,206.17,206.17,203.25
{'717'} android.hardware.media.c2@1.2-mediatek(MB): min(203.19) max(997.19) average(421.15)
{'12558'} com.coocaa.study.aicoach(MB): 677.08,677.08,602.23,1409.77,1409.77,1333.66,1436.01,1436.01,1359.89,1474.63,1474.63,1398.42,1494.23,1494.23,1417.93,1484.23,1484.23,1406.15,1469.86,1469.86,1391.57,1492.71,1492.71,1414.35,1475.38,1475.38,1396.78,684.14,684.14,605.43,811.51,811.51,732.63,834.82,834.82,756.05,793.79,793.79,714.74,807.91,807.91,728.77,827.36,827.36,747.65,881.64,881.64,801.96,856.00,856.00,776.31,890.18,890.18,810.39,870.53,870.53,790.41,873.06,873.06,768.83,878.76,878.76,772.97,879.50,879.50,799.11,880.52,880.52,800.05,881.21,881.21,800.69,882.17,882.17,801.58,883.35,883.35,802.70,809.02,809.02,728.31,810.22,810.22,729.44,757.25,757.25,675.06
{'12558'} com.coocaa.study.aicoach(MB): min(602.23) max(1494.23) average(980.2)
{'1155'} system(MB): 285.88,285.88,194.09,299.30,299.30,207.47,288.01,288.01,196.18,299.28,299.28,207.43,289.39,289.39,197.51,300.14,300.14,208.37,291.72,291.72,199.95,277.93,277.93,186.17,288.58,288.58,196.43,297.47,297.47,205.29,286.08,286.08,193.91,295.51,295.51,203.33,281.83,281.83,189.64,291.72,291.72,199.51,298.97,298.97,206.77,284.70,284.70,192.51,293.00,293.00,200.80,279.32,279.32,187.21,288.37,288.37,196.24,297.38,297.38,204.63,285.67,285.67,193.52,293.76,293.76,201.61,280.11,280.11,187.95,287.03,287.03,194.88,295.79,295.79,203.64,282.31,282.31,190.16,290.55,290.55,198.39,277.81,277.81,185.66,284.94,284.94,190.96
{'1155'} system(MB): min(185.66) max(300.14) average(258.68)
{'1806'} com.android.launcher3(MB): 254.74,254.74,166.19,253.87,253.87,166.09,253.87,253.87,166.09,253.87,253.87,166.09,253.92,253.92,166.14,253.92,253.92,165.91,253.93,253.93,165.91,253.91,253.91,165.90,253.93,253.93,165.82,253.95,253.95,165.82,254.00,254.00,165.88,254.07,254.07,165.94,254.07,254.07,165.93,254.25,254.25,166.12,254.30,254.30,166.16,254.36,254.36,166.21,254.38,254.38,166.23,254.43,254.43,166.28,254.42,254.42,166.28,254.42,254.42,166.21,254.42,254.42,166.10,254.42,254.42,166.27,254.42,254.42,166.27,254.42,254.42,166.27,254.42,254.42,166.27,254.42,254.42,166.27,254.42,254.42,166.27,254.42,254.42,166.27,253.66,253.66,164.99
{'1806'} com.android.launcher3(MB): min(164.99) max(254.74) average(224.82)
{'32321'} com.android.systemui(MB): 246.65,246.65,146.22,242.26,242.26,142.66,241.83,241.83,142.24,242.66,242.66,143.07,242.86,242.86,143.26,243.56,243.56,143.43,243.75,243.75,143.61,244.38,244.38,144.24,243.49,243.49,143.01,247.00,247.00,146.50,236.98,236.98,136.49,236.92,236.92,136.43,236.93,236.93,136.39,238.07,238.07,137.38,238.17,238.17,137.62,239.02,239.02,138.47,239.43,239.43,138.88,239.49,239.49,138.94,239.49,239.49,138.94,240.02,240.02,139.13,239.65,239.65,139.07,239.65,239.65,139.07,239.65,239.65,139.06,239.66,239.66,139.07,240.01,240.01,139.43,239.95,239.95,139.37,240.09,240.09,139.51,241.11,241.11,140.52,235.98,235.98,134.53
{'32321'} com.android.systemui(MB): min(134.53) max(247.0) average(207.17)
{'946'} camerahalserver(MB): 209.67,209.67,217.52,225.72,225.72,233.01,227.69,227.69,234.54,228.88,228.88,235.28,231.20,231.20,237.13,232.15,232.15,237.64,233.10,233.10,238.11,234.36,234.36,238.89,47.85,47.85,55.79,239.15,239.15,247.00,46.42,46.42,54.35,46.42,46.42,54.35,46.42,46.42,54.35,46.42,46.42,54.35,46.42,46.42,54.35,46.42,46.42,54.35,46.42,46.42,54.35,46.42,46.42,54.35,46.42,46.42,54.35,46.42,46.42,54.35,46.42,46.42,54.35,46.42,46.42,54.35,46.42,46.42,54.35,46.42,46.42,54.35,46.42,46.42,54.35,46.42,46.42,54.35,46.42,46.42,54.35,46.42,46.42,54.35,46.42,46.42,54.33
{'946'} camerahalserver(MB): min(46.42) max(247.0) average(105.64)
{'737'} surfaceflinger(MB): 132.30,132.30,131.68,132.64,132.64,131.98,132.64,132.64,131.98,132.65,132.65,131.99,132.65,132.65,131.99,132.65,132.65,131.99,132.65,132.65,131.99,132.65,132.65,131.99,132.29,132.29,131.64,136.87,136.87,136.20,141.87,141.87,141.21,141.55,141.55,140.89,141.55,141.55,140.89,113.93,113.93,113.28,113.93,113.93,113.28,132.35,132.35,131.69,132.34,132.34,131.68,135.92,135.92,135.26,135.91,135.91,135.25,135.91,135.91,135.25,135.91,135.91,135.25,135.91,135.91,135.25,135.91,135.91,135.25,135.91,135.91,135.25,135.91,135.91,135.25,135.91,135.91,135.25,135.91,135.91,135.25,132.41,132.41,131.75,129.21,129.21,128.35
{'737'} surfaceflinger(MB): min(113.28) max(141.87) average(133.17)
{'2153'} com.coocaa.systemservice(MB): 119.65,119.65,35.48,119.31,119.31,35.14,119.38,119.38,35.21,119.39,119.39,35.22,119.53,119.53,35.36,119.67,119.67,35.38,119.70,119.70,35.42,119.01,119.01,34.70,119.12,119.12,34.77,119.14,119.14,34.78,119.15,119.15,34.79,119.23,119.23,34.87,119.28,119.28,34.92,119.28,119.28,34.86,119.29,119.29,34.93,119.29,119.29,34.93,119.30,119.30,34.94,119.08,119.08,34.73,119.09,119.09,34.74,119.09,119.09,34.69,119.09,119.09,34.72,119.09,119.09,34.72,119.09,119.09,34.72,119.09,119.09,34.72,119.09,119.09,34.72,119.09,119.09,34.72,119.10,119.10,34.73,119.11,119.11,34.70,119.12,119.12,34.17
{'2153'} com.coocaa.systemservice(MB): min(34.17) max(119.7) average(91.12)
{'3175'} com.coocaa.os.upgrade(MB): 118.86,118.86,36.37,118.73,118.73,36.20,118.74,118.74,36.20,118.73,118.73,36.20,118.74,118.74,36.20,118.84,118.84,36.19,118.84,118.84,36.18,118.84,118.84,36.19,118.84,118.84,36.08,117.11,117.11,34.35,117.11,117.11,34.35,117.13,117.13,34.37,117.13,117.13,34.37,117.13,117.13,34.26,117.14,117.14,34.38,117.14,117.14,34.38,117.15,117.15,34.39,117.13,117.13,34.38,117.01,117.01,34.26,117.01,117.01,34.19,117.01,117.01,34.25,117.01,117.01,34.25,117.01,117.01,34.25,117.01,117.01,34.25,117.01,117.01,34.25,117.01,117.01,34.24,117.01,117.01,34.25,117.02,117.02,34.25,117.02,117.02,33.74
{'3175'} com.coocaa.os.upgrade(MB): min(33.74) max(118.86) average(90.02)
{'715'} android.hardware.graphics.composer@2.1-service(MB): 110.08,110.08,107.56,118.53,118.53,115.98,118.53,118.53,115.98,118.53,118.53,115.98,118.53,118.53,115.98,118.53,118.53,115.98,118.53,118.53,115.98,118.53,118.53,115.98,99.85,99.85,97.30,109.93,109.93,107.39,100.23,100.23,97.68,109.00,109.00,106.46,108.98,108.98,106.44,64.31,64.31,61.77,64.31,64.31,61.77,99.83,99.83,97.29,99.83,99.83,97.29,108.73,108.73,106.05,108.75,108.75,106.05,108.75,108.75,106.05,108.75,108.75,106.05,108.75,108.75,106.05,108.75,108.75,106.05,108.75,108.75,106.05,108.75,108.75,106.05,108.75,108.75,106.05,108.75,108.75,106.05,100.43,100.43,97.73,100.44,100.44,97.74
{'715'} android.hardware.graphics.composer@2.1-service(MB): min(61.77) max(118.53) average(105.49)
{'2893'} com.jxw.pushservice(MB): 109.89,109.89,73.16,110.52,110.52,73.78,111.43,111.43,74.69,112.16,112.16,75.42,112.91,112.91,76.17,113.83,113.83,76.99,114.08,114.08,77.24,114.82,114.82,77.98,97.68,97.68,60.77,98.30,98.30,61.37,99.05,99.05,62.11,99.60,99.60,62.66,100.16,100.16,63.22,100.71,100.71,63.77,101.32,101.32,64.39,101.70,101.70,64.76,102.25,102.25,65.31,102.62,102.62,65.69,103.16,103.16,66.23,103.71,103.71,66.77,104.51,104.51,67.54,105.07,105.07,68.14,105.44,105.44,68.51,105.80,105.80,68.88,97.68,97.68,60.75,98.31,98.31,61.38,98.87,98.87,61.94,99.24,99.24,62.31,99.80,99.80,62.79
{'2893'} com.jxw.pushservice(MB): min(60.75) max(114.82) average(92.0)
{'3557'} com.tencent.wetype:hld(MB): 107.45,107.45,39.47,107.45,107.45,39.53,107.50,107.50,39.57,107.54,107.54,39.62,107.58,107.58,39.66,107.61,107.61,39.61,107.64,107.64,39.65,107.68,107.68,39.69,107.73,107.73,39.66,107.75,107.75,39.69,107.79,107.79,39.72,107.84,107.84,39.77,107.86,107.86,39.79,107.89,107.89,39.82,107.92,107.92,39.85,107.95,107.95,39.88,107.98,107.98,39.91,108.00,108.00,39.94,108.02,108.02,39.97,108.04,108.04,39.95,108.07,108.07,40.01,108.09,108.09,40.03,108.12,108.12,40.05,108.13,108.13,40.07,108.16,108.16,40.09,108.18,108.18,40.11,108.20,108.20,40.13,108.22,108.22,40.16,108.28,108.28,40.11
{'3557'} com.tencent.wetype:hld(MB): min(39.47) max(108.28) average(85.21)
{'2724'} com.android.permissioncontroller(MB): 85.36,85.36,25.36,86.31,86.31,25.37,86.32,86.32,25.37,86.32,86.32,25.37,86.32,86.32,25.38,86.32,86.32,25.28,86.35,86.35,25.29,86.35,86.35,25.29,86.35,86.35,25.21,86.35,86.35,25.21,86.36,86.36,25.22,86.36,86.36,25.22,86.36,86.36,25.22,86.36,86.36,25.22,86.37,86.37,25.21,86.37,86.37,25.21,86.37,86.37,25.21,86.39,86.39,25.23,86.39,86.39,25.23,86.39,86.39,25.16,86.39,86.39,25.14,86.40,86.40,25.24,86.40,86.40,25.24,86.40,86.40,25.24,86.40,86.40,25.24,86.40,86.40,25.24,86.40,86.40,25.24,86.41,86.41,25.24,86.41,86.41,25.10
{'2724'} com.android.permissioncontroller(MB): min(25.1) max(86.41) average(65.97)
{'2135'} com.android.providers.media.module(MB): 85.20,85.20,19.37,85.23,85.23,19.38,85.23,85.23,19.39,85.23,85.23,19.39,85.25,85.25,19.41,85.21,85.21,19.32,85.22,85.22,19.32,85.23,85.23,19.33,85.24,85.24,19.28,85.24,85.24,19.27,85.26,85.26,19.29,85.27,85.27,19.30,85.27,85.27,19.30,85.27,85.27,19.30,85.27,85.27,19.30,85.27,85.27,19.30,85.27,85.27,19.30,85.25,85.25,19.30,85.25,85.25,19.30,85.25,85.25,19.28,85.25,85.25,19.29,85.25,85.25,19.29,85.25,85.25,19.29,85.25,85.25,19.29,85.25,85.25,19.30,85.25,85.25,19.30,85.25,85.25,19.30,85.25,85.25,19.30,85.25,85.25,19.29
{'2135'} com.android.providers.media.module(MB): min(19.27) max(85.27) average(63.27)
{'3710'} com.tencent.wetype(MB): 83.17,83.17,23.27,83.22,83.22,23.30,83.26,83.26,23.34,83.29,83.29,23.37,83.33,83.33,23.41,83.36,83.36,23.40,83.39,83.39,23.43,83.43,83.43,23.47,83.46,83.46,23.45,83.49,83.49,23.47,83.52,83.52,23.50,83.55,83.55,23.53,83.57,83.57,23.55,82.68,82.68,22.66,82.70,82.70,22.68,82.71,82.71,22.70,82.74,82.74,22.72,82.75,82.75,22.75,82.77,82.77,22.76,82.79,82.79,22.78,82.82,82.82,22.81,82.84,82.84,22.84,82.86,82.86,22.86,82.88,82.88,22.88,82.90,82.90,22.89,82.92,82.92,22.91,82.95,82.95,22.94,82.96,82.96,22.96,82.98,82.98,22.97
{'3710'} com.tencent.wetype(MB): min(22.66) max(83.57) average(63.08)
{'703'} zygote64(MB): 82.57,82.57,6.24,82.57,82.57,6.24,82.57,82.57,6.24,82.57,82.57,6.24,82.57,82.57,6.24,82.57,82.57,6.15,82.57,82.57,6.15,82.57,82.57,6.18,82.57,82.57,6.10,82.57,82.57,6.10,82.57,82.57,6.12,82.57,82.57,6.12,82.57,82.57,6.12,82.57,82.57,6.12,82.57,82.57,6.12,82.57,82.57,6.12,82.57,82.57,6.12,82.56,82.56,6.12,82.56,82.56,6.12,82.56,82.56,6.09,82.56,82.56,6.12,82.56,82.56,6.12,82.56,82.56,6.12,82.56,82.56,6.12,82.56,82.56,6.12,82.56,82.56,6.12,82.56,82.56,6.12,82.56,82.56,6.12,82.56,82.56,6.01
{'703'} zygote64(MB): min(6.01) max(82.57) average(57.09)
{'1597'} com.android.phone(MB): 81.37,81.37,16.75,81.39,81.39,16.78,81.42,81.42,16.81,81.46,81.46,16.84,81.49,81.49,16.87,81.51,81.51,16.80,81.54,81.54,16.82,81.56,81.56,16.84,81.57,81.57,16.78,81.58,81.58,16.79,81.60,81.60,16.81,81.63,81.63,16.84,81.63,81.63,16.84,81.64,81.64,16.84,81.68,81.68,16.89,81.70,81.70,16.91,81.72,81.72,16.93,82.00,82.00,17.22,82.01,82.01,17.22,82.02,82.02,17.16,82.03,82.03,17.24,82.04,82.04,17.24,82.04,82.04,17.25,82.05,82.05,17.26,82.06,82.06,17.27,82.06,82.06,17.27,82.08,82.08,17.29,82.11,82.11,17.31,82.12,82.12,17.19
{'1597'} com.android.phone(MB): min(16.75) max(82.12) average(60.18)
{'3056'} com.jxw.download(MB): 80.37,80.37,34.23,78.66,78.66,32.38,78.68,78.68,32.40,78.68,78.68,32.40,78.69,78.69,32.41,71.20,71.20,32.43,71.69,71.69,32.46,72.02,72.02,32.41,72.03,72.03,32.39,72.03,72.03,32.39,72.04,72.04,32.40,72.04,72.04,32.40,72.05,72.05,32.41,72.05,72.05,32.40,72.05,72.05,32.41,72.06,72.06,32.41,72.06,72.06,32.42,72.09,72.09,32.43,72.12,72.12,32.42,72.13,72.13,32.23,72.14,72.14,32.13,72.14,72.14,32.43,72.14,72.14,32.43,72.14,72.14,32.44,72.17,72.17,32.45,72.17,72.17,32.45,72.17,72.17,32.45,72.21,72.21,32.46,72.21,72.21,32.46
{'3056'} com.jxw.download(MB): min(32.13) max(80.37) average(59.66)
{'1518'} com.android.networkstack.process(MB): 78.65,78.65,13.58,78.73,78.73,13.66,78.74,78.74,13.67,78.87,78.87,13.80,78.92,78.92,13.85,79.01,79.01,13.87,79.03,79.03,13.89,79.05,79.05,13.91,79.13,79.13,13.91,79.16,79.16,13.94,79.19,79.19,13.97,79.29,79.29,14.07,79.29,79.29,14.07,79.30,79.30,14.05,79.45,79.45,14.22,79.46,79.46,14.24,79.50,79.50,14.28,79.52,79.52,14.31,79.62,79.62,14.40,79.62,79.62,14.38,79.62,79.62,14.40,79.62,79.62,14.41,79.73,79.73,14.52,79.73,79.73,14.52,79.77,79.77,14.55,79.77,79.77,14.55,79.86,79.86,14.64,79.89,79.89,14.67,79.93,79.93,14.69
{'1518'} com.android.networkstack.process(MB): min(13.58) max(79.93) average(57.63)
{'2856'} com.jxw.launcher(MB): 72.36,72.36,25.18,72.37,72.37,25.19,72.38,72.38,25.21,72.39,72.39,25.21,72.39,72.39,25.22,72.40,72.40,25.20,72.41,72.41,25.22,72.42,72.42,25.22,72.44,72.44,25.20,72.44,72.44,25.19,72.46,72.46,25.21,72.46,72.46,25.22,72.47,72.47,25.22,72.47,72.47,25.22,72.48,72.48,25.22,72.48,72.48,25.23,72.49,72.49,25.23,72.50,72.50,25.24,72.50,72.50,25.25,72.50,72.50,25.04,72.52,72.52,24.97,72.52,72.52,25.27,72.52,72.52,25.27,72.53,72.53,25.27,72.53,72.53,25.28,72.54,72.54,25.29,72.54,72.54,25.29,72.55,72.55,25.30,72.55,72.55,25.30
{'2856'} com.jxw.launcher(MB): min(24.97) max(72.55) average(56.72)
{'704'} zygote(MB): 71.80,71.80,17.32,71.80,71.80,17.32,71.80,71.80,17.32,71.80,71.80,17.32,71.80,71.80,17.32,71.80,71.80,17.30,71.80,71.80,17.30,71.80,71.80,17.30,71.80,71.80,17.29,71.80,71.80,17.29,71.80,71.80,17.29,71.80,71.80,17.29,71.80,71.80,17.29,71.80,71.80,17.29,71.80,71.80,17.29,71.80,71.80,17.29,71.80,71.80,17.29,71.80,71.80,17.30,71.80,71.80,17.29,71.80,71.80,17.02,71.80,71.80,17.29,71.80,71.80,17.29,71.80,71.80,17.29,71.80,71.80,17.29,71.80,71.80,17.29,71.80,71.80,17.29,71.80,71.80,17.29,71.80,71.80,17.29,71.80,71.80,17.28
{'704'} zygote(MB): min(17.02) max(71.8) average(53.63)
{'17516'} com.android.documentsui(MB): 71.12,71.12,8.77,71.01,71.01,8.66,71.01,71.01,8.66,71.01,71.01,8.66,71.02,71.02,8.67,71.02,71.02,8.62,71.02,71.02,8.63,70.82,70.82,8.43,70.82,70.82,8.37,70.82,70.82,8.37,70.83,70.83,8.37,70.83,70.83,8.37,70.83,70.83,8.37,70.83,70.83,8.38,70.83,70.83,8.38,70.83,70.83,8.38,70.83,70.83,8.38,70.82,70.82,8.38,70.82,70.82,8.38,70.83,70.83,8.37,70.83,70.83,8.36,70.83,70.83,8.38,70.83,70.83,8.38,70.83,70.83,8.38,70.84,70.84,8.39,70.84,70.84,8.39,70.84,70.84,8.39,70.84,70.84,8.40,70.84,70.84,8.37
{'17516'} com.android.documentsui(MB): min(8.36) max(71.12) average(50.07)
{'2298'} android.process.acore(MB): 70.02,70.02,10.72,69.97,69.97,10.67,69.97,69.97,10.67,69.97,69.97,10.67,69.97,69.97,10.67,69.97,69.97,10.62,69.97,69.97,10.62,69.96,69.96,10.61,69.96,69.96,10.56,69.96,69.96,10.56,69.96,69.96,10.56,69.96,69.96,10.56,69.96,69.96,10.56,69.96,69.96,10.56,69.96,69.96,10.56,69.96,69.96,10.56,69.96,69.96,10.56,69.95,69.95,10.56,69.95,69.95,10.56,69.95,69.95,10.54,69.95,69.95,10.54,69.95,69.95,10.56,69.95,69.95,10.56,69.95,69.95,10.56,69.95,69.95,10.56,69.95,69.95,10.56,69.95,69.95,10.56,69.95,69.95,10.56,69.95,69.95,10.55
{'2298'} android.process.acore(MB): min(10.54) max(70.02) average(50.17)
{'2836'} com.android.statementservice(MB): 67.73,67.73,8.48,67.20,67.20,7.95,67.20,67.20,7.95,67.20,67.20,7.95,67.20,67.20,7.95,67.20,67.20,7.91,67.21,67.21,7.92,67.19,67.19,7.90,67.19,67.19,7.85,67.19,67.19,7.85,67.20,67.20,7.85,67.20,67.20,7.85,67.20,67.20,7.86,67.20,67.20,7.86,67.20,67.20,7.86,67.20,67.20,7.86,67.20,67.20,7.86,67.19,67.19,7.86,67.19,67.19,7.86,67.20,67.20,7.86,67.20,67.20,7.86,67.20,67.20,7.86,67.20,67.20,7.86,67.20,67.20,7.86,67.21,67.21,7.88,67.21,67.21,7.88,67.21,67.21,7.88,67.22,67.22,7.88,67.22,67.22,7.88
{'2836'} com.android.statementservice(MB): min(7.85) max(67.73) average(47.45)
{'901'} cameraserver(MB): 67.30,67.30,62.48,95.36,95.36,89.97,96.25,96.25,90.42,97.14,97.14,90.86,98.08,98.08,91.33,98.98,98.98,91.78,99.94,99.94,92.26,100.88,100.88,92.73,13.15,13.15,8.41,96.57,96.57,91.76,13.16,13.16,8.42,13.16,13.16,8.42,13.16,13.16,8.42,13.16,13.16,8.42,13.16,13.16,8.42,13.16,13.16,8.42,13.16,13.16,8.42,13.16,13.16,8.42,13.16,13.16,8.42,13.16,13.16,8.42,13.16,13.16,8.42,13.16,13.16,8.42,13.16,13.16,8.42,13.16,13.16,8.42,13.16,13.16,8.42,13.16,13.16,8.42,13.16,13.16,8.42,13.16,13.16,8.42,13.16,13.16,8.42
{'901'} cameraserver(MB): min(8.41) max(100.88) average(36.66)
{'1646'} android.ext.services(MB): 66.39,66.39,7.10,66.39,66.39,7.10,66.39,66.39,7.10,66.39,66.39,7.10,66.39,66.39,7.10,66.39,66.39,7.05,66.39,66.39,7.05,66.38,66.38,7.04,66.39,66.39,7.00,66.39,66.39,7.00,66.39,66.39,7.00,66.39,66.39,7.00,66.39,66.39,7.00,66.39,66.39,7.00,66.39,66.39,7.00,66.39,66.39,7.00,66.39,66.39,7.00,66.38,66.38,7.00,66.38,66.38,7.00,66.38,66.38,6.99,66.38,66.38,7.00,66.38,66.38,7.00,66.38,66.38,7.00,66.38,66.38,7.00,66.38,66.38,7.00,66.38,66.38,7.00,66.38,66.38,7.00,66.38,66.38,7.00,66.38,66.38,6.99
{'1646'} android.ext.services(MB): min(6.99) max(66.39) average(46.6)
{'2336'} android.process.media(MB): 66.30,66.30,7.00,66.31,66.31,7.00,66.31,66.31,7.00,66.31,66.31,7.00,66.31,66.31,7.00,66.31,66.31,6.96,66.31,66.31,6.96,66.31,66.31,6.96,66.15,66.15,6.75,66.15,66.15,6.75,66.16,66.16,6.75,66.16,66.16,6.75,66.16,66.16,6.76,66.16,66.16,6.76,66.16,66.16,6.76,66.16,66.16,6.76,66.16,66.16,6.76,66.17,66.17,6.77,66.17,66.17,6.77,66.17,66.17,6.77,66.17,66.17,6.77,66.17,66.17,6.77,66.17,66.17,6.77,66.17,66.17,6.77,66.18,66.18,6.78,66.18,66.18,6.78,66.18,66.18,6.78,66.19,66.19,6.79,66.19,66.19,6.79
{'2336'} android.process.media(MB): min(6.75) max(66.31) average(46.41)
{'2744'} com.android.providers.calendar(MB): 65.73,65.73,6.46,65.70,65.70,6.42,65.70,65.70,6.42,65.70,65.70,6.42,65.70,65.70,6.43,65.70,65.70,6.39,65.71,65.71,6.40,65.71,65.71,6.40,65.72,65.72,6.36,65.72,65.72,6.36,65.73,65.73,6.37,65.73,65.73,6.37,65.73,65.73,6.37,65.73,65.73,6.37,65.73,65.73,6.37,65.73,65.73,6.37,65.73,65.73,6.37,65.73,65.73,6.39,65.73,65.73,6.39,65.74,65.74,6.38,65.74,65.74,6.39,65.74,65.74,6.39,65.74,65.74,6.39,65.74,65.74,6.39,65.74,65.74,6.39,65.74,65.74,6.39,65.74,65.74,6.39,65.75,65.75,6.40,65.75,65.75,6.39
{'2744'} com.android.providers.calendar(MB): min(6.36) max(65.75) average(45.95)
{'2415'} com.debug.loggerui(MB): 65.55,65.55,7.00,65.48,65.48,6.92,65.48,65.48,6.92,65.48,65.48,6.92,65.48,65.48,6.92,65.48,65.48,6.88,65.48,65.48,6.88,65.48,65.48,6.88,65.46,65.46,6.81,65.46,65.46,6.81,65.46,65.46,6.81,65.46,65.46,6.81,65.46,65.46,6.81,65.46,65.46,6.81,65.46,65.46,6.81,65.46,65.46,6.81,65.46,65.46,6.81,65.45,65.45,6.81,65.45,65.45,6.81,65.45,65.45,6.81,65.45,65.45,6.81,65.45,65.45,6.81,65.45,65.45,6.81,65.45,65.45,6.81,65.45,65.45,6.81,65.45,65.45,6.81,65.45,65.45,6.81,65.45,65.45,6.81,65.45,65.45,6.81
{'2415'} com.debug.loggerui(MB): min(6.81) max(65.55) average(45.92)
{'2114'} com.mediatek.batterywarning(MB): 65.30,65.30,6.11,65.31,65.31,6.11,65.32,65.32,6.11,65.32,65.32,6.11,65.32,65.32,6.12,63.94,63.94,6.05,64.29,64.29,6.05,64.35,64.35,6.05,64.36,64.36,6.01,64.36,64.36,6.01,64.36,64.36,6.02,64.36,64.36,6.02,64.37,64.37,6.02,64.37,64.37,6.02,64.37,64.37,6.02,64.37,64.37,6.02,64.37,64.37,6.02,64.39,64.39,6.03,64.39,64.39,6.03,64.39,64.39,6.02,64.39,64.39,6.03,64.40,64.40,6.03,64.40,64.40,6.03,64.40,64.40,6.03,64.40,64.40,6.03,64.40,64.40,6.03,64.40,64.40,6.03,64.41,64.41,6.04,64.41,64.41,6.01
{'2114'} com.mediatek.batterywarning(MB): min(6.01) max(65.32) average(45.03)
{'2381'} com.android.keychain(MB): 64.70,64.70,6.07,64.70,64.70,6.07,64.70,64.70,6.07,64.70,64.70,6.07,64.70,64.70,6.07,64.70,64.70,6.01,64.70,64.70,6.01,64.70,64.70,6.01,64.70,64.70,5.94,64.70,64.70,5.94,64.70,64.70,5.94,64.70,64.70,5.94,64.70,64.70,5.94,64.70,64.70,5.94,64.70,64.70,5.94,64.70,64.70,5.94,64.70,64.70,5.94,64.69,64.69,5.94,64.69,64.69,5.94,64.69,64.69,5.93,64.69,64.69,5.93,64.69,64.69,5.93,64.69,64.69,5.93,64.69,64.69,5.93,64.69,64.69,5.93,64.69,64.69,5.93,64.69,64.69,5.93,64.69,64.69,5.93,64.69,64.69,5.93
{'2381'} com.android.keychain(MB): min(5.93) max(64.7) average(45.12)
{'2767'} com.android.rkpdapp(MB): 64.59,64.59,6.71,64.69,64.69,6.73,64.69,64.69,6.73,64.69,64.69,6.73,64.70,64.70,6.74,63.51,63.51,6.67,63.89,63.89,6.68,64.03,64.03,6.68,64.07,64.07,6.64,64.07,64.07,6.64,64.08,64.08,6.64,64.08,64.08,6.64,64.08,64.08,6.65,64.08,64.08,6.65,64.09,64.09,6.65,64.09,64.09,6.65,64.09,64.09,6.65,64.07,64.07,6.65,64.07,64.07,6.65,64.08,64.08,6.64,64.08,64.08,6.65,64.08,64.08,6.66,64.08,64.08,6.66,64.08,64.08,6.66,64.10,64.10,6.66,64.10,64.10,6.66,64.10,64.10,6.66,64.10,64.10,6.66,64.10,64.10,6.66
{'2767'} com.android.rkpdapp(MB): min(6.64) max(64.7) average(44.99)
{'2943'} com.mediatek.duraspeed(MB): 64.33,64.33,5.54,64.33,64.33,5.54,64.34,64.34,5.54,64.34,64.34,5.54,64.34,64.34,5.55,64.34,64.34,5.50,64.35,64.35,5.52,64.35,64.35,5.52,64.35,64.35,5.47,64.35,64.35,5.47,64.36,64.36,5.47,64.36,64.36,5.47,64.36,64.36,5.47,64.36,64.36,5.47,64.36,64.36,5.48,64.36,64.36,5.48,64.36,64.36,5.48,64.35,64.35,5.48,64.35,64.35,5.48,64.35,64.35,5.47,64.35,64.35,5.48,64.36,64.36,5.48,64.36,64.36,5.48,64.36,64.36,5.48,64.37,64.37,5.50,64.37,64.37,5.50,64.37,64.37,5.50,64.37,64.37,5.50,64.37,64.37,5.50
{'2943'} com.mediatek.duraspeed(MB): min(5.47) max(64.37) average(44.73)
{'2236'} com.android.printspooler(MB): 63.23,63.23,5.51,63.25,63.25,5.58,63.25,63.25,5.58,63.25,63.25,5.58,63.25,63.25,5.58,61.02,61.02,5.47,61.34,61.34,5.48,61.44,61.44,5.48,61.50,61.50,5.43,61.50,61.50,5.43,61.50,61.50,5.44,61.50,61.50,5.43,61.50,61.50,5.43,61.50,61.50,5.43,61.50,61.50,5.43,61.50,61.50,5.43,61.50,61.50,5.43,61.52,61.52,5.44,61.52,61.52,5.44,61.52,61.52,5.44,61.52,61.52,5.45,61.52,61.52,5.45,61.52,61.52,5.45,61.52,61.52,5.45,61.53,61.53,5.45,61.53,61.53,5.45,61.53,61.53,5.45,61.57,61.57,5.46,61.57,61.57,5.46
{'2236'} com.android.printspooler(MB): min(5.43) max(63.25) average(43.02)
{'2046'} com.android.devicelockcontroller(MB): 62.66,62.66,6.74,62.67,62.67,6.74,62.67,62.67,6.74,62.67,62.67,6.74,62.67,62.67,6.74,62.67,62.67,6.69,62.67,62.67,6.69,62.67,62.67,6.69,62.67,62.67,6.65,62.67,62.67,6.65,62.67,62.67,6.65,62.67,62.67,6.65,62.67,62.67,6.65,62.67,62.67,6.65,62.67,62.67,6.65,62.67,62.67,6.65,62.67,62.67,6.65,62.66,62.66,6.65,62.66,62.66,6.65,62.66,62.66,6.64,62.66,62.66,6.64,62.66,62.66,6.64,62.66,62.66,6.64,62.66,62.66,6.64,62.66,62.66,6.64,62.66,62.66,6.64,62.66,62.66,6.64,62.66,62.66,6.64,62.66,62.66,6.64
{'2046'} com.android.devicelockcontroller(MB): min(6.64) max(62.67) average(44.0)
{'2209'} com.android.traceur(MB): 62.56,62.56,5.77,62.56,62.56,5.82,62.56,62.56,5.82,62.56,62.56,5.82,62.57,62.57,5.82,60.55,60.55,5.73,60.88,60.88,5.74,60.88,60.88,5.73,60.88,60.88,5.69,60.88,60.88,5.69,60.88,60.88,5.69,60.88,60.88,5.68,60.88,60.88,5.69,60.88,60.88,5.69,60.88,60.88,5.69,60.88,60.88,5.69,60.88,60.88,5.69,60.90,60.90,5.69,60.90,60.90,5.69,60.90,60.90,5.69,60.90,60.90,5.69,60.90,60.90,5.69,60.90,60.90,5.69,60.90,60.90,5.69,60.95,60.95,5.71,60.95,60.95,5.71,60.95,60.95,5.71,60.95,60.95,5.71,60.95,60.95,5.71
{'2209'} com.android.traceur(MB): min(5.68) max(62.57) average(42.69)
{'2178'} com.android.calculator2(MB): 61.75,61.75,6.89,61.75,61.75,6.89,61.75,61.75,6.89,61.75,61.75,6.89,61.75,61.75,6.89,61.74,61.74,6.85,61.74,61.74,6.85,61.74,61.74,6.85,61.74,61.74,6.81,61.74,61.74,6.81,61.74,61.74,6.81,61.74,61.74,6.81,61.74,61.74,6.81,61.74,61.74,6.81,61.74,61.74,6.81,61.74,61.74,6.81,61.74,61.74,6.81,61.72,61.72,6.81,61.72,61.72,6.81,61.72,61.72,6.80,61.72,61.72,6.81,61.72,61.72,6.80,61.72,61.72,6.81,61.72,61.72,6.81,61.72,61.72,6.81,61.72,61.72,6.81,61.72,61.72,6.81,61.72,61.72,6.80,61.72,61.72,6.80
{'2178'} com.android.calculator2(MB): min(6.8) max(61.75) average(43.43)
{'2976'} com.android.externalstorage(MB): 61.15,61.15,4.97,61.21,61.21,4.98,61.22,61.22,4.98,61.22,61.22,4.98,61.22,61.22,4.99,60.32,60.32,4.91,60.66,60.66,4.91,60.72,60.72,4.91,60.73,60.73,4.88,60.73,60.73,4.88,60.74,60.74,4.88,60.74,60.74,4.88,60.74,60.74,4.88,60.74,60.74,4.88,60.74,60.74,4.88,60.74,60.74,4.88,60.74,60.74,4.88,60.75,60.75,4.89,60.75,60.75,4.89,60.75,60.75,4.88,60.75,60.75,4.89,60.75,60.75,4.89,60.75,60.75,4.89,60.75,60.75,4.89,60.76,60.76,4.89,60.76,60.76,4.89,60.76,60.76,4.89,60.80,60.80,4.89,60.80,60.80,4.89
{'2976'} com.android.externalstorage(MB): min(4.88) max(61.22) average(42.17)
{'31050'} com.android.healthconnect.controller(MB): 61.01,61.01,5.70,61.03,61.03,5.71,61.04,61.04,5.71,61.04,61.04,5.71,61.04,61.04,5.72,61.04,61.04,5.67,61.04,61.04,5.67,61.04,61.04,5.67,61.05,61.05,5.62,61.05,61.05,5.62,61.05,61.05,5.63,61.05,61.05,5.63,61.05,61.05,5.63,61.05,61.05,5.61,61.06,61.06,5.63,61.06,61.06,5.63,61.06,61.06,5.63,61.05,61.05,5.64,61.05,61.05,5.64,61.05,61.05,5.62,61.05,61.05,5.63,61.05,61.05,5.64,61.05,61.05,5.64,61.05,61.05,5.64,61.06,61.06,5.64,61.06,61.06,5.64,61.06,61.06,5.64,61.06,61.06,5.64,61.06,61.06,5.64
{'31050'} com.android.healthconnect.controller(MB): min(5.61) max(61.06) average(42.58)
{'2063'} com.mediatek.simprocessor(MB): 60.64,60.64,4.92,60.66,60.66,4.92,60.66,60.66,4.92,60.66,60.66,4.92,60.66,60.66,4.92,60.65,60.65,4.87,60.65,60.65,4.87,60.65,60.65,4.87,60.65,60.65,4.83,60.65,60.65,4.83,60.65,60.65,4.83,60.65,60.65,4.83,60.65,60.65,4.83,60.65,60.65,4.83,60.65,60.65,4.83,60.65,60.65,4.83,60.65,60.65,4.83,60.64,60.64,4.83,60.64,60.64,4.83,60.64,60.64,4.82,60.64,60.64,4.83,60.64,60.64,4.83,60.64,60.64,4.83,60.64,60.64,4.83,60.64,60.64,4.83,60.64,60.64,4.83,60.64,60.64,4.83,60.64,60.64,4.83,60.64,60.64,4.83
{'2063'} com.mediatek.simprocessor(MB): min(4.82) max(60.66) average(42.05)
{'1565'} com.android.se(MB): 60.63,60.63,5.06,60.64,60.64,5.06,60.64,60.64,5.06,60.64,60.64,5.06,60.64,60.64,5.06,60.64,60.64,5.02,60.64,60.64,5.02,60.64,60.64,5.02,60.64,60.64,4.97,60.64,60.64,4.97,60.64,60.64,4.97,60.64,60.64,4.97,60.64,60.64,4.97,60.64,60.64,4.97,60.64,60.64,4.97,60.64,60.64,4.97,60.64,60.64,4.97,60.63,60.63,4.97,60.63,60.63,4.97,60.63,60.63,4.96,60.63,60.63,4.97,60.63,60.63,4.97,60.63,60.63,4.97,60.63,60.63,4.97,60.63,60.63,4.97,60.63,60.63,4.97,60.63,60.63,4.97,60.63,60.63,4.97,60.63,60.63,4.97
{'1565'} com.android.se(MB): min(4.96) max(60.64) average(42.09)
{'2495'} com.android.calendar(MB): 60.51,60.51,5.03,60.52,60.52,5.04,60.52,60.52,5.04,60.52,60.52,5.04,60.52,60.52,5.04,59.19,59.19,4.98,59.50,59.50,4.99,59.50,59.50,4.99,59.52,59.52,4.95,59.52,59.52,4.95,59.52,59.52,4.96,59.52,59.52,4.96,59.52,59.52,4.96,59.52,59.52,4.96,59.53,59.53,4.97,59.53,59.53,4.97,59.53,59.53,4.97,59.52,59.52,4.97,59.52,59.52,4.97,59.52,59.52,4.96,59.52,59.52,4.97,59.52,59.52,4.97,59.52,59.52,4.97,59.52,59.52,4.97,59.52,59.52,4.97,59.52,59.52,4.97,59.52,59.52,4.97,59.53,59.53,4.97,59.53,59.53,4.98
{'2495'} com.android.calendar(MB): min(4.95) max(60.52) average(41.45)
{'2699'} com.android.packageinstaller(MB): 60.20,60.20,5.25,60.20,60.20,5.25,60.20,60.20,5.25,60.20,60.20,5.25,60.20,60.20,5.25,60.20,60.20,5.21,60.20,60.20,5.21,60.20,60.20,5.21,60.20,60.20,5.17,60.20,60.20,5.17,60.20,60.20,5.17,60.20,60.20,5.17,60.20,60.20,5.17,60.20,60.20,5.17,60.20,60.20,5.17,60.20,60.20,5.17,60.20,60.20,5.17,60.19,60.19,5.17,60.19,60.19,5.17,60.19,60.19,5.16,60.19,60.19,5.16,60.19,60.19,5.16,60.19,60.19,5.16,60.19,60.19,5.16,60.19,60.19,5.16,60.19,60.19,5.16,60.19,60.19,5.16,60.19,60.19,5.16,60.19,60.19,5.16
{'2699'} com.android.packageinstaller(MB): min(5.16) max(60.2) average(41.86)
{'2815'} com.android.shell(MB): 60.14,60.14,4.93,60.15,60.15,4.93,60.15,60.15,4.93,60.15,60.15,4.93,60.15,60.15,4.93,60.15,60.15,4.88,60.15,60.15,4.88,60.15,60.15,4.88,60.15,60.15,4.84,60.15,60.15,4.84,60.15,60.15,4.84,60.15,60.15,4.84,60.15,60.15,4.84,60.15,60.15,4.84,60.15,60.15,4.84,60.15,60.15,4.84,60.15,60.15,4.84,60.14,60.14,4.84,60.14,60.14,4.84,60.14,60.14,4.83,60.14,60.14,4.84,60.14,60.14,4.84,60.14,60.14,4.84,60.14,60.14,4.84,60.14,60.14,4.84,60.14,60.14,4.84,60.14,60.14,4.84,60.14,60.14,4.84,60.14,60.14,4.84
{'2815'} com.android.shell(MB): min(4.83) max(60.15) average(41.72)
{'3016'} com.android.localtransport(MB): 60.05,60.05,4.81,60.07,60.07,4.81,60.07,60.07,4.81,60.07,60.07,4.81,60.07,60.07,4.81,60.06,60.06,4.77,60.06,60.06,4.77,60.06,60.06,4.77,60.06,60.06,4.72,60.06,60.06,4.72,60.06,60.06,4.72,60.06,60.06,4.72,60.06,60.06,4.72,60.06,60.06,4.72,60.06,60.06,4.72,60.06,60.06,4.72,60.06,60.06,4.72,60.05,60.05,4.72,60.05,60.05,4.72,60.05,60.05,4.72,60.05,60.05,4.72,60.05,60.05,4.72,60.05,60.05,4.72,60.05,60.05,4.72,60.05,60.05,4.72,60.05,60.05,4.72,60.05,60.05,4.72,60.05,60.05,4.72,60.05,60.05,4.72
{'3016'} com.android.localtransport(MB): min(4.72) max(60.07) average(41.62)
{'2176'} com.mediatek.voicecommand(MB): 60.01,60.01,4.96,60.02,60.02,4.96,60.02,60.02,4.96,60.02,60.02,4.96,60.02,60.02,4.96,60.02,60.02,4.92,60.02,60.02,4.92,60.02,60.02,4.92,60.02,60.02,4.88,60.02,60.02,4.88,60.02,60.02,4.88,60.02,60.02,4.88,60.02,60.02,4.88,60.02,60.02,4.88,60.02,60.02,4.88,60.02,60.02,4.88,60.02,60.02,4.88,60.01,60.01,4.88,60.01,60.01,4.88,60.01,60.01,4.87,60.01,60.01,4.88,60.01,60.01,4.88,60.01,60.01,4.88,60.01,60.01,4.88,60.01,60.01,4.88,60.01,60.01,4.88,60.01,60.01,4.88,60.01,60.01,4.88,60.01,60.01,4.88
{'2176'} com.mediatek.voicecommand(MB): min(4.87) max(60.02) average(41.64)
{'2616'} com.android.dynsystem:dynsystem(MB): 59.74,59.74,4.84,59.75,59.75,4.84,59.75,59.75,4.84,59.75,59.75,4.84,59.75,59.75,4.84,59.75,59.75,4.80,59.75,59.75,4.80,59.75,59.75,4.80,59.75,59.75,4.75,59.75,59.75,4.75,59.75,59.75,4.75,59.75,59.75,4.75,59.75,59.75,4.75,59.75,59.75,4.75,59.75,59.75,4.75,59.75,59.75,4.75,59.75,59.75,4.75,59.73,59.73,4.75,59.73,59.73,4.75,59.73,59.73,4.75,59.73,59.73,4.75,59.73,59.73,4.75,59.73,59.73,4.75,59.73,59.73,4.75,59.73,59.73,4.75,59.73,59.73,4.75,59.73,59.73,4.75,59.73,59.73,4.75,59.73,59.73,4.75
{'2616'} com.android.dynsystem:dynsystem(MB): min(4.75) max(59.75) average(41.42)
{'2286'} com.spro.agingtest(MB): 59.28,59.28,4.84,59.29,59.29,4.84,59.29,59.29,4.84,59.29,59.29,4.84,59.29,59.29,4.84,59.29,59.29,4.79,59.29,59.29,4.79,59.29,59.29,4.79,59.29,59.29,4.75,59.29,59.29,4.75,59.29,59.29,4.75,59.29,59.29,4.75,59.29,59.29,4.75,59.29,59.29,4.75,59.29,59.29,4.75,59.29,59.29,4.75,59.29,59.29,4.75,59.28,59.28,4.75,59.28,59.28,4.75,59.28,59.28,4.75,59.28,59.28,4.75,59.28,59.28,4.75,59.28,59.28,4.75,59.28,59.28,4.75,59.28,59.28,4.75,59.28,59.28,4.75,59.28,59.28,4.75,59.28,59.28,4.75,59.28,59.28,4.75
{'2286'} com.spro.agingtest(MB): min(4.75) max(59.29) average(41.11)
{'2541'} com.android.dynsystem(MB): 58.91,58.91,4.78,58.93,58.93,4.78,58.93,58.93,4.78,58.93,58.93,4.78,58.93,58.93,4.78,58.92,58.92,4.74,58.92,58.92,4.74,58.92,58.92,4.74,58.92,58.92,4.69,58.92,58.92,4.69,58.92,58.92,4.69,58.92,58.92,4.69,58.92,58.92,4.69,58.92,58.92,4.69,58.92,58.92,4.69,58.92,58.92,4.69,58.92,58.92,4.69,58.91,58.91,4.69,58.91,58.91,4.69,58.91,58.91,4.69,58.91,58.91,4.69,58.91,58.91,4.69,58.91,58.91,4.69,58.91,58.91,4.69,58.91,58.91,4.69,58.91,58.91,4.69,58.91,58.91,4.69,58.91,58.91,4.69,58.91,58.91,4.69
{'2541'} com.android.dynsystem(MB): min(4.69) max(58.93) average(40.85)
{'2650'} com.android.managedprovisioning(MB): 58.89,58.89,5.05,58.90,58.90,5.05,58.90,58.90,5.05,58.90,58.90,5.05,58.90,58.90,5.05,58.90,58.90,5.01,58.90,58.90,5.01,58.90,58.90,5.01,58.90,58.90,4.97,58.90,58.90,4.97,58.90,58.90,4.97,58.90,58.90,4.97,58.90,58.90,4.97,58.90,58.90,4.97,58.90,58.90,4.97,58.90,58.90,4.97,58.90,58.90,4.97,58.89,58.89,4.97,58.89,58.89,4.97,58.89,58.89,4.96,58.89,58.89,4.96,58.89,58.89,4.96,58.89,58.89,4.96,58.89,58.89,4.96,58.89,58.89,4.96,58.89,58.89,4.96,58.89,58.89,4.96,58.89,58.89,4.96,58.89,58.89,4.97
{'2650'} com.android.managedprovisioning(MB): min(4.96) max(58.9) average(40.93)
{'2094'} com.sprd.validationtools(MB): 58.72,58.72,4.77,58.73,58.73,4.77,58.73,58.73,4.77,58.73,58.73,4.77,58.73,58.73,4.77,58.73,58.73,4.73,58.73,58.73,4.73,58.73,58.73,4.73,58.73,58.73,4.69,58.73,58.73,4.69,58.73,58.73,4.69,58.73,58.73,4.69,58.73,58.73,4.69,58.73,58.73,4.68,58.73,58.73,4.69,58.73,58.73,4.69,58.73,58.73,4.69,58.71,58.71,4.69,58.71,58.71,4.69,58.71,58.71,4.68,58.71,58.71,4.68,58.71,58.71,4.68,58.71,58.71,4.68,58.71,58.71,4.68,58.71,58.71,4.68,58.71,58.71,4.68,58.71,58.71,4.68,58.71,58.71,4.68,58.71,58.71,4.68
{'2094'} com.sprd.validationtools(MB): min(4.68) max(58.73) average(40.72)
{'1552'} webview_zygote(MB): 46.10,46.10,12.21,46.11,46.11,12.22,46.11,46.11,12.22,46.11,46.11,12.22,46.11,46.11,12.22,46.11,46.11,12.20,46.11,46.11,12.20,46.11,46.11,12.20,46.11,46.11,12.20,46.11,46.11,12.20,46.11,46.11,12.20,46.11,46.11,12.20,46.11,46.11,12.20,46.11,46.11,12.20,46.11,46.11,12.20,46.11,46.11,12.20,46.11,46.11,12.20,46.11,46.11,12.21,46.11,46.11,12.21,46.11,46.11,12.09,46.11,46.11,12.21,46.11,46.11,12.21,46.11,46.11,12.21,46.11,46.11,12.21,46.11,46.11,12.21,46.11,46.11,12.21,46.11,46.11,12.21,46.11,46.11,12.21,46.11,46.11,12.21
{'1552'} webview_zygote(MB): min(12.09) max(46.11) average(34.81)
{'927'} mediaserver(MB): 16.59,16.59,11.95,16.61,16.61,11.95,16.61,16.61,11.95,16.61,16.61,11.95,16.61,16.61,11.95,16.61,16.61,11.95,16.61,16.61,11.95,16.61,16.61,11.95,16.61,16.61,11.93,16.61,16.61,11.93,16.61,16.61,11.93,16.61,16.61,11.93,16.61,16.61,11.93,16.61,16.61,11.93,16.61,16.61,11.93,16.61,16.61,11.93,16.61,16.61,11.93,16.54,16.54,11.92,16.54,16.54,11.92,16.54,16.54,11.90,16.54,16.54,11.92,16.54,16.54,11.92,16.54,16.54,11.92,16.54,16.54,11.92,16.54,16.54,11.92,16.54,16.54,11.92,16.54,16.54,11.92,16.54,16.54,11.92,16.54,16.54,11.92
{'927'} mediaserver(MB): min(11.9) max(16.61) average(15.03)
{'729'} audioserver(MB): 14.73,14.73,11.08,14.90,14.90,11.18,14.77,14.77,11.09,14.76,14.76,11.08,14.90,14.90,11.18,14.77,14.77,11.09,14.77,14.77,11.09,14.77,14.77,11.09,14.79,14.79,11.11,14.79,14.79,11.11,14.79,14.79,11.11,14.90,14.90,11.18,14.79,14.79,11.10,14.78,14.78,11.10,14.78,14.78,11.10,14.78,14.78,11.10,14.78,14.78,11.10,14.86,14.86,11.15,14.86,14.86,11.15,14.86,14.86,11.15,14.86,14.86,11.15,14.86,14.86,11.15,14.86,14.86,11.15,14.86,14.86,11.15,14.86,14.86,11.15,14.86,14.86,11.15,14.86,14.86,11.15,14.79,14.79,11.11,14.79,14.79,11.11
{'729'} audioserver(MB): min(11.08) max(14.9) average(13.59)
{'915'} media.metrics(MB): 13.04,13.04,10.70,13.04,13.04,10.72,13.05,13.05,10.72,13.05,13.05,10.73,13.06,13.06,10.74,13.06,13.06,10.74,13.07,13.07,10.75,13.27,13.27,10.75,13.27,13.27,10.75,13.27,13.27,10.75,13.27,13.27,10.76,13.27,13.27,10.76,13.27,13.27,10.76,13.27,13.27,10.76,13.27,13.27,10.76,13.27,13.27,10.76,13.27,13.27,10.76,13.27,13.27,10.76,13.27,13.27,10.76,13.27,13.27,10.76,13.27,13.27,10.76,13.27,13.27,10.76,13.27,13.27,10.76,13.27,13.27,10.76,13.27,13.27,10.76,13.27,13.27,10.76,13.27,13.27,10.76,13.28,13.28,10.76,13.28,13.28,10.76
{'915'} media.metrics(MB): min(10.7) max(13.28) average(12.4)
{'709'} android.hardware.audio.service.mediatek(MB): 11.26,11.26,15.50,11.34,11.34,15.50,10.52,10.52,14.72,11.29,11.29,15.50,10.57,10.57,14.74,11.29,11.29,15.50,11.29,11.29,15.49,11.29,11.29,15.49,10.51,10.51,14.72,11.29,11.29,15.49,11.29,11.29,15.49,10.57,10.57,14.73,11.29,11.29,15.49,11.29,11.29,15.49,10.52,10.52,14.73,11.29,11.29,15.49,10.51,10.51,14.72,11.60,11.60,15.81,11.53,11.53,15.73,11.53,11.53,15.72,11.53,11.53,15.73,11.53,11.53,15.73,11.53,11.53,15.73,11.53,11.53,15.73,11.53,11.53,15.73,11.53,11.53,15.73,11.53,11.53,15.73,11.60,11.60,15.81,11.41,11.41,15.61
{'709'} android.hardware.audio.service.mediatek(MB): min(10.51) max(15.81) average(12.63)
{'12456', '15552'} artd(MB): 10.35,10.35,4.33,10.35,10.35,4.34,10.35,10.35,4.34,10.35,10.35,4.34,10.35,10.35,4.34,10.35,10.35,4.10,10.35,10.35,4.09,10.35,10.35,4.10,10.32,10.32,4.00,10.32,10.32,4.00,10.32,10.32,4.00,10.32,10.32,4.00,10.32,10.32,4.00,10.32,10.32,4.00,10.32,10.32,4.00,10.32,10.32,4.00,10.32,10.32,3.98
{'12456', '15552'} artd(MB): min(3.98) max(10.35) average(8.26)
{'914'} media.extractor(MB): 9.93,9.93,5.72,9.94,9.94,5.72,9.94,9.94,5.72,9.94,9.94,5.72,9.94,9.94,5.72,9.94,9.94,5.72,9.94,9.94,5.72,9.94,9.94,5.72,9.94,9.94,5.72,9.94,9.94,5.72,9.94,9.94,5.72,9.94,9.94,5.72,9.94,9.94,5.72,9.94,9.94,5.72,9.94,9.94,5.72,9.94,9.94,5.72,9.94,9.94,5.72,9.94,9.94,5.72,9.94,9.94,5.72,9.94,9.94,5.72,9.94,9.94,5.72,9.94,9.94,5.72,9.94,9.94,5.72,9.94,9.94,5.72,9.94,9.94,5.72,9.94,9.94,5.72,9.94,9.94,5.72,9.94,9.94,5.72,9.94,9.94,5.71
{'914'} media.extractor(MB): min(5.71) max(9.94) average(8.53)
{'929'} mobile_log_d(MB): 8.62,8.62,5.26,8.62,8.62,5.26,8.62,8.62,5.09,8.62,8.62,5.26,8.62,8.62,5.26,8.62,8.62,5.26,8.62,8.62,5.26,8.62,8.62,5.26,8.62,8.62,5.26,8.62,8.62,5.26,8.62,8.62,5.26,8.62,8.62,5.26,8.62,8.62,5.26,8.62,8.62,5.26,8.62,8.62,5.26,8.62,8.62,5.26,8.62,8.62,5.26,8.62,8.62,5.26,8.62,8.62,5.26,8.62,8.62,5.26,8.62,8.62,5.26,8.62,8.62,5.26,8.62,8.62,5.26,8.62,8.62,5.26,8.62,8.62,5.26,8.62,8.62,5.26,8.62,8.62,5.26,8.62,8.62,5.26,8.62,8.62,5.26
{'929'} mobile_log_d(MB): min(5.09) max(8.62) average(7.5)
{'443'} keystore2(MB): 8.48,8.48,4.59,8.48,8.48,4.58,8.48,8.48,4.58,8.48,8.48,4.59,8.48,8.48,4.58,8.48,8.48,4.59,8.48,8.48,4.59,8.48,8.48,4.59,8.48,8.48,4.59,8.48,8.48,4.59,8.48,8.48,4.59,8.48,8.48,4.59,8.48,8.48,4.58,8.48,8.48,4.59,8.48,8.48,4.59,8.48,8.48,4.59,8.48,8.48,4.59,8.48,8.48,4.59,8.48,8.48,4.59,8.48,8.48,4.59,8.48,8.48,4.59,8.48,8.48,4.59,8.48,8.48,4.59,8.48,8.48,4.59,8.48,8.48,4.59,8.48,8.48,4.59,8.48,8.48,4.59,8.48,8.48,4.59,8.48,8.48,4.59
{'443'} keystore2(MB): min(4.58) max(8.48) average(7.18)
{'263', '1'} init(MB): 7.40,3.55,7.40,3.55,6.43,2.25,7.43,3.55,7.43,3.55,6.39,2.22,7.43,3.55,7.43,3.55,6.38,2.22,7.43,3.55,7.43,3.55,6.39,2.22,7.43,3.55,7.43,3.55,6.38,2.22,7.43,3.55,7.43,3.55,6.38,2.22,7.43,3.55,7.43,3.55,6.38,2.22,7.43,3.55,7.43,3.55,6.38,2.22,7.43,3.55,7.43,3.55,6.39,2.22,7.43,3.55,7.43,3.55,6.39,2.22,7.43,3.55,7.43,3.55,6.39,2.22,7.43,3.55,7.43,3.55,6.39,2.22,7.43,3.55,7.43,3.55,6.39,2.22,7.43,3.55,7.43,3.55,6.39,2.22,7.43,3.55,7.43,3.55,6.39,2.22,7.43,3.55,7.43,3.55,6.39,2.22,7.43,3.55,7.43,3.55,6.39,2.22,7.43,3.55,7.43,3.55,6.39,2.22,7.43,3.55,7.43,3.55,6.39,2.22,7.43,3.55,7.43,3.55,6.38,2.22,7.43,3.55,7.43,3.55,6.38,2.22,7.43,3.55,7.43,3.55,6.38,2.22,7.43,3.55,7.43,3.55,6.38,2.22,7.43,3.55,7.43,3.55,6.38,2.22,7.43,3.55,7.43,3.55,6.38,2.22,7.43,3.55,7.43,3.55,6.38,2.22,7.43,3.55,7.43,3.55,6.38,2.22,7.43,3.55,7.43,3.55,6.38,2.22,7.43,3.55,7.43,3.55,6.38,2.22
{'263', '1'} init(MB): min(2.22) max(7.43) average(5.09)
{'381'} logd(MB): 6.98,6.98,4.38,7.17,7.17,4.56,7.09,7.09,4.47,7.07,7.07,4.46,7.08,7.08,4.47,7.05,7.05,4.44,7.09,7.09,4.48,7.13,7.13,4.52,7.10,7.10,4.49,7.02,7.02,4.41,6.91,6.91,4.30,6.90,6.90,4.29,6.89,6.89,4.28,6.92,6.92,4.30,6.92,6.92,4.30,6.95,6.95,4.33,6.95,6.95,4.33,6.95,6.95,4.33,6.89,6.89,4.27,6.92,6.92,4.30,6.91,6.91,4.29,6.91,6.91,4.29,6.93,6.93,4.31,6.91,6.91,4.29,6.94,6.94,4.32,6.95,6.95,4.34,6.95,6.95,4.34,6.96,6.96,4.35,6.95,6.95,4.33
{'381'} logd(MB): min(4.27) max(7.17) average(6.11)
{'961'} media.swcodec(MB): 6.91,6.91,5.05,6.91,6.91,5.05,6.91,6.91,5.05,6.91,6.91,5.05,6.91,6.91,5.05,6.91,6.91,5.05,6.91,6.91,5.05,6.91,6.91,5.05,6.91,6.91,5.05,6.91,6.91,5.05,6.91,6.91,5.05,6.91,6.91,5.05,6.91,6.91,5.05,6.91,6.91,5.05,6.91,6.91,5.05,6.91,6.91,5.05,6.91,6.91,5.05,8.54,8.54,6.59,8.62,8.62,6.63,8.75,8.75,6.70,8.86,8.86,6.76,8.94,8.94,6.80,9.03,9.03,6.84,9.11,9.11,6.88,9.21,9.21,6.94,9.30,9.30,6.98,9.39,9.39,7.03,8.60,8.60,6.41,8.60,8.60,6.41
{'961'} media.swcodec(MB): min(5.05) max(9.39) average(7.08)
{'723'} vendor.mediatek.hardware.mtkpower@1.0-service(MB): 6.34,6.34,4.21,6.35,6.35,4.21,6.35,6.35,4.21,6.35,6.35,4.21,6.35,6.35,4.21,6.35,6.35,4.21,6.35,6.35,4.21,6.35,6.35,4.21,6.35,6.35,4.21,6.35,6.35,4.21,6.35,6.35,4.21,6.35,6.35,4.21,6.35,6.35,4.21,6.35,6.35,4.21,6.35,6.35,4.21,6.35,6.35,4.21,6.35,6.35,4.21,6.35,6.35,4.21,6.35,6.35,4.21,6.35,6.35,4.21,6.35,6.35,4.21,6.35,6.35,4.21,6.35,6.35,4.21,6.35,6.35,4.21,6.35,6.35,4.21,6.35,6.35,4.21,6.35,6.35,4.21,6.35,6.35,4.21,6.35,6.35,4.21
{'723'} vendor.mediatek.hardware.mtkpower@1.0-service(MB): min(4.21) max(6.35) average(5.64)
{'702'} netd(MB): 6.07,6.07,3.49,6.09,6.09,3.49,6.09,6.09,3.49,6.09,6.09,3.49,6.09,6.09,3.49,6.09,6.09,3.49,6.09,6.09,3.49,6.09,6.09,3.49,6.09,6.09,3.49,6.09,6.09,3.49,6.09,6.09,3.49,6.09,6.09,3.49,6.09,6.09,3.49,6.21,6.21,3.61,6.21,6.21,3.61,6.21,6.21,3.61,6.21,6.21,3.61,6.21,6.21,3.61,6.21,6.21,3.61,6.21,6.21,3.61,6.21,6.21,3.61,6.21,6.21,3.61,6.21,6.21,3.61,6.21,6.21,3.61,6.21,6.21,3.61,6.21,6.21,3.61,6.21,6.21,3.61,6.21,6.21,3.61,6.21,6.21,3.61
{'702'} netd(MB): min(3.49) max(6.21) average(5.29)
{'6106'} wpa_supplicant(MB): 5.38,5.38,2.88,5.38,5.38,2.89,5.38,5.38,2.89,5.38,5.38,2.89,5.38,5.38,2.89,5.38,5.38,2.88,5.38,5.38,2.88,5.38,5.38,2.88,5.38,5.38,2.91,5.38,5.38,2.91,5.38,5.38,2.91,5.38,5.38,2.91,5.38,5.38,2.91,5.38,5.38,2.91,5.38,5.38,2.91,5.38,5.38,2.91,5.38,5.38,2.91,5.38,5.38,2.91,5.38,5.38,2.88,5.38,5.38,2.88,5.38,5.38,2.88,5.38,5.38,2.88,5.38,5.38,2.88,5.38,5.38,2.88,5.38,5.38,2.88,5.38,5.38,2.88,5.38,5.38,2.88,5.38,5.38,2.88,5.39,5.39,2.88
{'6106'} wpa_supplicant(MB): min(2.88) max(5.39) average(4.55)
{'957'} vendor.mediatek.hardware.pq@2.2-service(MB): 5.13,5.13,3.60,5.14,5.14,3.60,5.14,5.14,3.60,5.14,5.14,3.60,5.14,5.14,3.60,5.14,5.14,3.60,5.14,5.14,3.60,5.14,5.14,3.60,5.14,5.14,3.60,5.14,5.14,3.60,5.14,5.14,3.60,5.14,5.14,3.60,5.14,5.14,3.60,5.14,5.14,3.60,5.14,5.14,3.60,5.14,5.14,3.60,5.14,5.14,3.60,6.41,6.41,4.59,6.41,6.41,4.59,6.41,6.41,4.59,6.41,6.41,4.59,6.41,6.41,4.59,6.41,6.41,4.59,6.41,6.41,4.59,6.41,6.41,4.59,6.41,6.41,4.59,6.41,6.41,4.59,6.41,6.41,4.59,6.41,6.41,4.59
{'957'} vendor.mediatek.hardware.pq@2.2-service(MB): min(3.6) max(6.41) average(5.11)
{'12297'} adbd(MB): 5.02,5.02,3.22,5.04,5.04,3.24,5.03,5.03,3.22,5.05,5.05,3.25,5.00,5.00,2.32,4.98,4.98,3.18,5.07,5.07,3.27,5.09,5.09,3.28,5.02,5.02,3.21,5.05,5.05,3.24,5.05,5.05,3.25,4.97,4.97,3.17,4.96,4.96,3.16,4.95,4.95,3.15,4.96,4.96,3.15,4.98,4.98,3.18,4.97,4.97,3.17,5.03,5.03,3.22,4.98,4.98,3.18,4.96,4.96,3.15,4.95,4.95,3.14,4.93,4.93,3.12,4.96,4.96,3.15,4.95,4.95,3.15,4.95,4.95,3.15,4.97,4.97,3.17,4.96,4.96,3.16,4.93,4.93,3.13,4.98,4.98,3.18
{'12297'} adbd(MB): min(2.32) max(5.09) average(4.38)
{'3015'} trace(MB): 4.63,4.63,3.39,4.63,4.63,3.39,4.63,4.63,3.39,4.63,4.63,3.39,4.63,4.63,3.39,4.63,4.63,3.39,4.63,4.63,3.39,4.63,4.63,3.39,4.63,4.63,3.39,4.63,4.63,3.39,4.63,4.63,3.39,4.63,4.63,3.39,4.63,4.63,3.39,4.63,4.63,3.39,4.63,4.63,3.39,4.63,4.63,3.39,4.63,4.63,3.39,4.63,4.63,3.39,4.63,4.63,3.39,4.63,4.63,3.39,4.63,4.63,3.39,4.63,4.63,3.39,4.63,4.63,3.39,4.63,4.63,3.39,4.63,4.63,3.39,4.63,4.63,3.39,4.63,4.63,3.39,4.63,4.63,3.39,4.63,4.63,3.39
{'3015'} trace(MB): min(3.39) max(4.63) average(4.22)
{'405'} vold(MB): 4.63,4.63,2.62,4.64,4.64,2.62,4.64,4.64,2.62,4.64,4.64,2.62,4.64,4.64,2.62,4.64,4.64,2.62,4.64,4.64,2.62,4.64,4.64,2.62,4.64,4.64,2.62,4.64,4.64,2.63,4.64,4.64,2.63,4.64,4.64,2.63,4.64,4.64,2.62,4.64,4.64,2.62,4.64,4.64,2.63,4.64,4.64,2.62,4.64,4.64,2.63,4.64,4.64,2.62,4.64,4.64,2.63,4.64,4.64,2.62,4.64,4.64,2.62,4.64,4.64,2.62,4.64,4.64,2.62,4.64,4.64,2.62,4.64,4.64,2.62,4.64,4.64,2.62,4.64,4.64,2.62,4.64,4.64,2.62,4.64,4.64,2.62
{'405'} vold(MB): min(2.62) max(4.64) average(3.97)
{'906'} installd(MB): 4.62,4.62,2.43,4.62,4.62,2.43,4.62,4.62,2.43,4.62,4.62,2.43,4.62,4.62,2.43,4.62,4.62,2.43,4.62,4.62,2.43,4.62,4.62,2.43,4.62,4.62,2.46,4.62,4.62,2.46,4.62,4.62,2.46,4.62,4.62,2.46,4.62,4.62,2.46,4.62,4.62,2.46,4.62,4.62,2.46,4.62,4.62,2.46,4.62,4.62,2.46,4.62,4.62,2.46,4.62,4.62,2.46,4.62,4.62,2.43,4.62,4.62,2.43,4.62,4.62,2.43,4.62,4.62,2.43,4.62,4.62,2.43,4.62,4.62,2.43,4.62,4.62,2.43,4.62,4.62,2.43,4.62,4.62,2.43,4.62,4.62,2.43
{'906'} installd(MB): min(2.43) max(4.62) average(3.89)
{'956'} v3avpud(MB): 4.57,4.57,2.71,4.58,4.58,2.71,4.58,4.58,2.71,4.58,4.58,2.71,4.58,4.58,2.71,4.58,4.58,2.71,4.58,4.58,2.71,4.58,4.58,2.71,4.47,4.47,2.60,4.47,4.47,2.60,4.47,4.47,2.60,4.47,4.47,2.60,4.47,4.47,2.60,4.47,4.47,2.60,4.47,4.47,2.60,4.47,4.47,2.60,4.47,4.47,2.60,4.47,4.47,2.60,4.47,4.47,2.60,4.47,4.47,2.60,4.47,4.47,2.60,4.47,4.47,2.60,4.47,4.47,2.60,4.47,4.47,2.60,4.47,4.47,2.60,4.47,4.47,2.60,4.47,4.47,2.60,4.47,4.47,2.60,4.47,4.47,2.60
{'956'} v3avpud(MB): min(2.6) max(4.58) average(3.88)
{'949'} getgameserver(MB): 4.55,4.55,2.74,4.55,4.55,2.74,4.55,4.55,2.74,4.55,4.55,2.74,4.55,4.55,2.74,4.55,4.55,2.74,4.55,4.55,2.74,4.55,4.55,2.74,4.55,4.55,2.74,4.55,4.55,2.74,4.55,4.55,2.74,4.55,4.55,2.74,4.55,4.55,2.74,4.55,4.55,2.74,4.55,4.55,2.74,4.55,4.55,2.74,4.55,4.55,2.74,4.55,4.55,2.74,4.55,4.55,2.74,4.55,4.55,2.74,4.55,4.55,2.74,4.55,4.55,2.74,4.55,4.55,2.74,4.55,4.55,2.74,4.55,4.55,2.74,4.55,4.55,2.74,4.55,4.55,2.74,4.55,4.55,2.74,4.55,4.55,2.74
{'949'} getgameserver(MB): min(2.74) max(4.55) average(3.95)
{'441'} android.system.suspend-service(MB): 4.54,4.54,1.78,4.54,4.54,1.78,4.54,4.54,1.78,4.54,4.54,1.78,4.54,4.54,1.78,4.54,4.54,1.78,4.54,4.54,1.78,4.54,4.54,1.78,4.54,4.54,1.78,4.54,4.54,1.78,4.54,4.54,1.78,4.54,4.54,1.78,4.54,4.54,1.78,4.54,4.54,1.78,4.54,4.54,1.78,4.54,4.54,1.78,4.54,4.54,1.78,4.54,4.54,1.78,4.54,4.54,1.78,4.54,4.54,1.78,4.54,4.54,1.78,4.54,4.54,1.78,4.54,4.54,1.78,4.54,4.54,1.78,4.54,4.54,1.78,4.54,4.54,1.78,4.54,4.54,1.78,4.54,4.54,1.78,4.54,4.54,1.78
{'441'} android.system.suspend-service(MB): min(1.78) max(4.54) average(3.62)
{'444'} android.hardware.keymaster@4.1-service(MB): 4.54,4.54,2.65,4.54,4.54,2.65,4.54,4.54,2.65,4.54,4.54,2.65,4.54,4.54,2.65,4.54,4.54,2.65,4.54,4.54,2.65,4.54,4.54,2.65,4.54,4.54,2.65,4.54,4.54,2.65,4.54,4.54,2.65,4.54,4.54,2.65,4.54,4.54,2.65,4.54,4.54,2.65,4.54,4.54,2.65,4.54,4.54,2.65,4.54,4.54,2.65,4.54,4.54,2.65,4.54,4.54,2.65,4.54,4.54,2.65,4.54,4.54,2.65,4.54,4.54,2.65,4.54,4.54,2.65,4.54,4.54,2.65,4.54,4.54,2.65,4.54,4.54,2.65,4.54,4.54,2.65,4.54,4.54,2.65,4.54,4.54,2.65
{'444'} android.hardware.keymaster@4.1-service(MB): min(2.65) max(4.54) average(3.91)
{'714'} android.hardware.graphics.allocator@4.0-service-mediatek(MB): 4.50,4.50,1.67,4.50,4.50,1.67,4.50,4.50,1.67,4.50,4.50,1.67,4.50,4.50,1.67,4.50,4.50,1.67,4.50,4.50,1.67,4.50,4.50,1.67,4.50,4.50,1.67,4.50,4.50,1.67,4.50,4.50,1.67,4.50,4.50,1.67,4.50,4.50,1.67,4.50,4.50,1.67,4.50,4.50,1.67,4.50,4.50,1.67,4.50,4.50,1.67,4.50,4.50,1.67,4.50,4.50,1.67,4.50,4.50,1.67,4.50,4.50,1.67,4.50,4.50,1.67,4.50,4.50,1.67,4.50,4.50,1.67,4.50,4.50,1.67,4.50,4.50,1.67,4.50,4.50,1.67,4.50,4.50,1.67,4.50,4.50,1.67
{'714'} android.hardware.graphics.allocator@4.0-service-mediatek(MB): min(1.67) max(4.5) average(3.56)
{'940'} media.codec(MB): 4.48,4.48,3.21,4.50,4.50,3.21,4.50,4.50,3.21,4.50,4.50,3.21,4.50,4.50,3.21,4.50,4.50,3.21,4.50,4.50,3.21,4.50,4.50,3.21,4.50,4.50,3.21,4.50,4.50,3.21,4.50,4.50,3.21,4.50,4.50,3.21,4.50,4.50,3.21,4.50,4.50,3.21,4.50,4.50,3.21,4.50,4.50,3.21,4.50,4.50,3.21,4.50,4.50,3.21,4.50,4.50,3.21,4.50,4.50,3.20,4.50,4.50,3.21,4.50,4.50,3.21,4.50,4.50,3.21,4.50,4.50,3.21,4.50,4.50,3.21,4.50,4.50,3.21,4.50,4.50,3.21,4.50,4.50,3.21,4.50,4.50,3.21
{'940'} media.codec(MB): min(3.2) max(4.5) average(4.07)
{'916'} storaged(MB): 4.34,4.34,1.90,4.34,4.34,1.90,4.34,4.34,1.90,4.34,4.34,1.90,4.34,4.34,1.90,4.34,4.34,1.90,4.34,4.34,1.90,4.34,4.34,1.90,4.34,4.34,1.90,4.34,4.34,1.90,4.34,4.34,1.90,4.34,4.34,1.90,4.34,4.34,1.90,4.34,4.34,1.90,4.34,4.34,1.90,4.34,4.34,1.90,4.34,4.34,1.90,4.34,4.34,1.90,4.34,4.34,1.90,4.34,4.34,1.90,4.34,4.34,1.90,4.34,4.34,1.90,4.34,4.34,1.90,4.34,4.34,1.90,4.34,4.34,1.90,4.34,4.34,1.90,4.34,4.34,1.90,4.34,4.34,1.90,4.34,4.34,1.90
{'916'} storaged(MB): min(1.9) max(4.34) average(3.53)
{'389'} lmkd(MB): 4.09,4.09,1.04,4.09,4.09,1.04,4.09,4.09,1.04,4.09,4.09,1.04,4.09,4.09,1.04,4.09,4.09,1.04,4.09,4.09,1.04,4.09,4.09,1.04,4.09,4.09,1.04,4.09,4.09,1.04,4.09,4.09,1.04,4.09,4.09,1.04,4.09,4.09,1.04,4.09,4.09,1.04,4.09,4.09,1.04,4.09,4.09,1.04,4.09,4.09,1.04,4.09,4.09,1.04,4.09,4.09,1.04,4.09,4.09,1.04,4.09,4.09,1.04,4.09,4.09,1.04,4.09,4.09,1.04,4.09,4.09,1.04,4.09,4.09,1.04,4.09,4.09,1.04,4.09,4.09,1.04,4.09,4.09,1.04,4.09,4.09,1.04
{'389'} lmkd(MB): min(1.04) max(4.09) average(3.07)
{'732'} gpuservice(MB): 4.04,4.04,1.79,4.06,4.06,1.79,4.06,4.06,1.79,4.06,4.06,1.79,4.06,4.06,1.79,4.06,4.06,1.79,4.06,4.06,1.79,4.06,4.06,1.79,4.06,4.06,1.79,4.06,4.06,1.79,4.06,4.06,1.79,4.06,4.06,1.79,4.06,4.06,1.79,4.06,4.06,1.79,4.06,4.06,1.79,4.06,4.06,1.79,4.06,4.06,1.79,4.06,4.06,1.79,4.06,4.06,1.79,4.06,4.06,1.79,4.06,4.06,1.79,4.06,4.06,1.79,4.06,4.06,1.79,4.06,4.06,1.79,4.06,4.06,1.79,4.06,4.06,1.79,4.06,4.06,1.79,4.06,4.06,1.79,4.06,4.06,1.79
{'732'} gpuservice(MB): min(1.79) max(4.06) average(3.3)
{'918'} wificond(MB): 4.00,4.00,1.73,4.01,4.01,1.73,4.01,4.01,1.73,4.01,4.01,1.73,4.01,4.01,1.73,4.01,4.01,1.73,4.01,4.01,1.73,4.01,4.01,1.73,4.01,4.01,1.73,4.01,4.01,1.73,4.01,4.01,1.73,4.01,4.01,1.73,4.01,4.01,1.73,4.01,4.01,1.73,4.01,4.01,1.73,4.01,4.01,1.73,4.01,4.01,1.73,4.01,4.01,1.73,4.01,4.01,1.73,4.01,4.01,1.73,4.01,4.01,1.73,4.01,4.01,1.73,4.01,4.01,1.73,4.01,4.01,1.73,4.01,4.01,1.73,4.01,4.01,1.73,4.01,4.01,1.73,4.01,4.01,1.73,4.01,4.01,1.73
{'918'} wificond(MB): min(1.73) max(4.01) average(3.25)
{'264'} ueventd(MB): 3.93,3.93,2.50,3.95,3.95,2.48,3.95,3.95,2.48,3.95,3.95,2.48,3.95,3.95,2.48,3.95,3.95,2.48,3.95,3.95,2.48,3.95,3.95,2.48,3.95,3.95,2.48,3.95,3.95,2.48,3.95,3.95,2.48,3.95,3.95,2.48,3.95,3.95,2.48,3.95,3.95,2.48,3.95,3.95,2.48,3.95,3.95,2.48,3.95,3.95,2.48,3.95,3.95,2.48,3.95,3.95,2.48,3.95,3.95,2.48,3.95,3.95,2.48,3.95,3.95,2.48,3.95,3.95,2.48,3.95,3.95,2.48,3.95,3.95,2.48,3.95,3.95,2.48,3.95,3.95,2.48,3.95,3.95,2.48,3.95,3.95,2.48
{'264'} ueventd(MB): min(2.48) max(3.95) average(3.46)
{'15242', '15437', '15926', '14583', '15509', '13749', '14043', '13631', '14470', '16148', '13482', '14804', '14187', '15815', '15161', '14949', '16038', '13056', '15713', '15656', '14317', '15363', '13893', '15039'} dumpsys(MB): 3.92,3.92,0.96,3.96,3.96,0.97,3.93,3.93,0.97,3.91,3.91,0.96,3.88,3.88,0.95,3.95,3.95,0.95,4.00,4.00,0.95,3.83,3.83,0.94,3.95,3.95,1.00,3.83,3.83,0.98,3.86,3.86,1.00,3.88,3.88,0.96,4.05,4.05,1.00,3.96,3.96,1.00,3.86,3.86,0.99,3.88,3.88,0.97,4.02,4.02,1.00,3.95,3.95,0.91,3.94,3.94,0.96,4.00,4.00,0.97,3.87,3.87,0.97,3.83,3.83,0.96,3.84,3.84,0.94,3.88,3.88,0.96
{'15242', '15437', '15926', '14583', '15509', '13749', '14043', '13631', '14470', '16148', '13482', '14804', '14187', '15815', '15161', '14949', '16038', '13056', '15713', '15656', '14317', '15363', '13893', '15039'} dumpsys(MB): min(0.91) max(4.05) average(2.93)
{'895'} android.hardware.neuralnetworks@1.3-service-mtk-neuron(MB): 3.92,3.92,15.71,3.95,3.95,15.71,3.95,3.95,15.71,3.95,3.95,15.71,3.95,3.95,15.71,3.95,3.95,15.71,3.95,3.95,15.71,3.95,3.95,15.71,3.95,3.95,15.71,3.95,3.95,15.71,3.95,3.95,15.71,3.95,3.95,15.71,3.95,3.95,15.71,3.95,3.95,15.71,3.95,3.95,15.71,3.95,3.95,15.71,3.95,3.95,15.71,3.95,3.95,15.71,3.95,3.95,15.71,3.95,3.95,15.71,3.95,3.95,15.71,3.95,3.95,15.71,3.95,3.95,15.71,3.95,3.95,15.71,3.95,3.95,15.71,3.95,3.95,15.71,3.95,3.95,15.71,3.95,3.95,15.71,3.95,3.95,15.71
{'895'} android.hardware.neuralnetworks@1.3-service-mtk-neuron(MB): min(3.92) max(15.71) average(7.87)
{'701'} statsd(MB): 3.90,3.90,2.03,3.92,3.92,2.03,3.92,3.92,2.03,3.92,3.92,2.03,3.92,3.92,2.03,3.90,3.90,2.01,3.90,3.90,2.01,3.90,3.90,2.01,3.90,3.90,2.01,3.90,3.90,2.01,3.90,3.90,2.01,3.90,3.90,2.01,3.90,3.90,2.01,3.90,3.90,2.01,3.90,3.90,2.01,3.90,3.90,2.01,3.90,3.90,2.01,3.90,3.90,2.01,3.90,3.90,2.01,3.90,3.90,2.01,3.90,3.90,2.01,3.90,3.90,2.01,3.90,3.90,2.01,3.90,3.90,2.01,3.90,3.90,2.01,3.90,3.90,2.01,3.90,3.90,2.01,3.90,3.90,2.01,3.90,3.90,2.01
{'701'} statsd(MB): min(2.01) max(3.92) average(3.27)
{'436'} aee_aed64(MB): 3.75,3.75,1.14,3.75,3.75,1.14,3.75,3.75,1.14,3.75,3.75,1.14,3.75,3.75,1.14,3.75,3.75,1.14,3.75,3.75,1.14,3.75,3.75,1.14,3.75,3.75,1.14,3.75,3.75,1.14,3.75,3.75,1.14,3.75,3.75,1.14,3.75,3.75,1.14,3.75,3.75,1.14,3.75,3.75,1.14,3.75,3.75,1.14,3.75,3.75,1.14,3.75,3.75,1.14,3.75,3.75,1.14,3.75,3.75,1.14,3.75,3.75,1.14,3.75,3.75,1.14,3.75,3.75,1.14,3.75,3.75,1.14,3.75,3.75,1.14,3.75,3.75,1.14,3.75,3.75,1.14,3.75,3.75,1.14,3.75,3.75,1.14
{'436'} aee_aed64(MB): min(1.14) max(3.75) average(2.88)
{'12260'} android.hardware.wifi@1.0-service-lazy(MB): 3.75,3.75,1.73,3.75,3.75,1.73,3.75,3.75,1.73,3.75,3.75,1.73,3.75,3.75,1.73,3.75,3.75,1.73,3.75,3.75,1.73,3.75,3.75,1.73,3.75,3.75,1.73,3.75,3.75,1.73,3.75,3.75,1.73,3.75,3.75,1.73,3.75,3.75,1.73,3.75,3.75,1.73,3.75,3.75,1.73,3.75,3.75,1.73,3.75,3.75,1.73,3.75,3.75,1.73,3.75,3.75,1.73,3.75,3.75,1.73,3.75,3.75,1.73,3.75,3.75,1.73,3.75,3.75,1.73,3.75,3.75,1.73,3.75,3.75,1.73,3.75,3.75,1.73,3.75,3.75,1.73,3.75,3.75,1.73,3.75,3.75,1.72
{'12260'} android.hardware.wifi@1.0-service-lazy(MB): min(1.72) max(3.75) average(3.08)
{'968'} update_engine(MB): 3.74,3.74,1.64,3.74,3.74,1.64,3.74,3.74,1.64,3.74,3.74,1.64,3.74,3.74,1.64,3.74,3.74,1.64,3.74,3.74,1.64,3.74,3.74,1.64,3.74,3.74,1.64,3.74,3.74,1.64,3.74,3.74,1.64,3.74,3.74,1.64,3.74,3.74,1.64,3.74,3.74,1.64,3.74,3.74,1.64,3.74,3.74,1.64,3.74,3.74,1.64,3.74,3.74,1.64,3.74,3.74,1.64,3.74,3.74,1.64,3.74,3.74,1.64,3.74,3.74,1.64,3.74,3.74,1.64,3.74,3.74,1.64,3.74,3.74,1.64,3.74,3.74,1.64,3.74,3.74,1.64,3.74,3.74,1.64,3.74,3.74,1.64
{'968'} update_engine(MB): min(1.64) max(3.74) average(3.04)
{'783'} fpsgo(MB): 3.73,3.73,1.27,3.73,3.73,1.27,3.73,3.73,1.27,3.73,3.73,1.27,3.73,3.73,1.27,3.73,3.73,1.27,3.73,3.73,1.27,3.73,3.73,1.27,3.73,3.73,1.27,3.73,3.73,1.27,3.73,3.73,1.27,3.73,3.73,1.27,3.73,3.73,1.27,3.73,3.73,1.27,3.73,3.73,1.27,3.73,3.73,1.27,3.73,3.73,1.27,3.73,3.73,1.27,3.73,3.73,1.27,3.73,3.73,1.27,3.73,3.73,1.27,3.73,3.73,1.27,3.73,3.73,1.27,3.73,3.73,1.27,3.73,3.73,1.27,3.73,3.73,1.27,3.73,3.73,1.27,3.73,3.73,1.27,3.73,3.73,1.27
{'783'} fpsgo(MB): min(1.27) max(3.73) average(2.91)
{'718'} android.hardware.sensors@2.0-service.multihal-mediatek(MB): 3.70,3.70,1.60,3.71,3.71,1.60,3.71,3.71,1.60,3.71,3.71,1.60,3.71,3.71,1.60,3.71,3.71,1.60,3.71,3.71,1.60,3.71,3.71,1.60,3.71,3.71,1.60,3.71,3.71,1.60,3.71,3.71,1.60,3.71,3.71,1.60,3.71,3.71,1.60,3.71,3.71,1.60,3.71,3.71,1.60,3.71,3.71,1.60,3.71,3.71,1.60,3.71,3.71,1.60,3.71,3.71,1.60,3.71,3.71,1.60,3.71,3.71,1.60,3.71,3.71,1.60,3.71,3.71,1.60,3.71,3.71,1.60,3.71,3.71,1.60,3.71,3.71,1.60,3.71,3.71,1.60,3.71,3.71,1.60,3.71,3.71,1.60
{'718'} android.hardware.sensors@2.0-service.multihal-mediatek(MB): min(1.6) max(3.71) average(3.01)
{'730'} credstore(MB): 3.60,3.60,1.36,3.60,3.60,1.36,3.60,3.60,1.36,3.60,3.60,1.36,3.60,3.60,1.36,3.60,3.60,1.36,3.60,3.60,1.36,3.60,3.60,1.36,3.60,3.60,1.36,3.60,3.60,1.36,3.60,3.60,1.36,3.60,3.60,1.36,3.60,3.60,1.36,3.60,3.60,1.36,3.60,3.60,1.36,3.60,3.60,1.36,3.60,3.60,1.36,3.60,3.60,1.36,3.60,3.60,1.36,3.60,3.60,1.36,3.60,3.60,1.36,3.60,3.60,1.36,3.60,3.60,1.36,3.60,3.60,1.36,3.60,3.60,1.36,3.60,3.60,1.36,3.60,3.60,1.36,3.60,3.60,1.36,3.60,3.60,1.36
{'730'} credstore(MB): min(1.36) max(3.6) average(2.85)
{'721'} android.hardware.lights-service.mediatek(MB): 3.46,3.46,1.01,3.46,3.46,1.01,3.46,3.46,1.01,3.46,3.46,1.01,3.46,3.46,1.01,3.46,3.46,1.01,3.46,3.46,1.01,3.46,3.46,1.01,3.46,3.46,1.01,3.46,3.46,1.01,3.46,3.46,1.01,3.46,3.46,1.01,3.46,3.46,1.01,3.46,3.46,1.01,3.46,3.46,1.01,3.46,3.46,1.01,3.46,3.46,1.01,3.46,3.46,1.01,3.46,3.46,1.01,3.46,3.46,1.01,3.46,3.46,1.01,3.46,3.46,1.01,3.46,3.46,1.01,3.46,3.46,1.01,3.46,3.46,1.01,3.46,3.46,1.01,3.46,3.46,1.01,3.46,3.46,1.01,3.46,3.46,1.01
{'721'} android.hardware.lights-service.mediatek(MB): min(1.01) max(3.46) average(2.64)
{'330'} prng_seeder(MB): 3.45,3.45,1.38,3.45,3.45,1.38,3.45,3.45,1.38,3.45,3.45,1.38,3.45,3.45,1.38,3.45,3.45,1.38,3.45,3.45,1.38,3.45,3.45,1.38,3.45,3.45,1.38,3.45,3.45,1.38,3.45,3.45,1.38,3.45,3.45,1.38,3.45,3.45,1.38,3.45,3.45,1.38,3.45,3.45,1.38,3.45,3.45,1.38,3.45,3.45,1.38,3.45,3.45,1.38,3.45,3.45,1.38,3.45,3.45,1.38,3.45,3.45,1.38,3.45,3.45,1.38,3.45,3.45,1.38,3.45,3.45,1.38,3.45,3.45,1.38,3.45,3.45,1.38,3.45,3.45,1.38,3.45,3.45,1.38,3.45,3.45,1.38
{'330'} prng_seeder(MB): min(1.38) max(3.45) average(2.76)
{'722'} android.hardware.memtrack-service.mediatek(MB): 3.44,3.44,1.01,3.44,3.44,1.01,3.44,3.44,1.01,3.44,3.44,1.01,3.44,3.44,1.01,3.44,3.44,1.01,3.44,3.44,1.01,3.44,3.44,1.01,3.44,3.44,1.01,3.44,3.44,1.01,3.44,3.44,1.01,3.44,3.44,1.01,3.44,3.44,1.01,3.44,3.44,1.01,3.44,3.44,1.01,3.44,3.44,1.01,3.44,3.44,1.01,3.44,3.44,1.01,3.44,3.44,1.01,3.44,3.44,1.01,3.44,3.44,1.01,3.44,3.44,1.01,3.44,3.44,1.01,3.44,3.44,1.01,3.44,3.44,1.01,3.44,3.44,1.01,3.44,3.44,1.01,3.44,3.44,1.01,3.44,3.44,1.01
{'722'} android.hardware.memtrack-service.mediatek(MB): min(1.01) max(3.44) average(2.63)
{'10933'} process-tracker(MB): 3.34,3.34,1.01,3.34,3.34,1.02,3.34,3.34,1.02,3.34,3.34,1.02,3.34,3.34,1.02,3.34,3.34,1.02,3.34,3.34,1.01,3.34,3.34,1.02,3.34,3.34,1.02,3.34,3.34,1.02,3.34,3.34,1.02,3.34,3.34,1.02,3.34,3.34,1.02,3.34,3.34,1.02,3.34,3.34,1.02,3.34,3.34,1.01,3.34,3.34,1.02,3.34,3.34,1.01,3.34,3.34,1.01,3.34,3.34,1.01,3.34,3.34,1.01,3.34,3.34,1.01,3.34,3.34,1.01,3.34,3.34,1.02,3.34,3.34,1.01,3.34,3.34,1.01,3.34,3.34,1.01,3.34,3.34,1.01,3.34,3.34,1.01
{'10933'} process-tracker(MB): min(1.01) max(3.34) average(2.57)
{'22445'} abb(MB): 3.34,3.34,0.99,3.34,3.34,0.99,3.34,3.34,0.99,3.34,3.34,0.99,3.34,3.34,0.99,3.34,3.34,0.99,3.34,3.34,0.99,3.34,3.34,0.99,3.34,3.34,0.99,3.34,3.34,0.99,3.34,3.34,0.99,3.34,3.34,0.99,3.34,3.34,0.99,3.34,3.34,0.99,3.34,3.34,0.99,3.34,3.34,0.99,3.34,3.34,0.99,3.34,3.34,0.99,3.34,3.34,0.99,3.34,3.34,0.99,3.34,3.34,0.99,3.34,3.34,0.99,3.34,3.34,0.99,3.34,3.34,0.99,3.34,3.34,0.99,3.34,3.34,0.99,3.34,3.34,0.99,3.34,3.34,0.99,3.34,3.34,0.99
{'22445'} abb(MB): min(0.99) max(3.34) average(2.56)
{'967'} gatekeeperd(MB): 3.32,3.32,1.00,3.32,3.32,1.00,3.32,3.32,1.00,3.32,3.32,1.00,3.32,3.32,1.00,3.32,3.32,1.00,3.32,3.32,1.00,3.32,3.32,1.00,3.32,3.32,1.00,3.32,3.32,1.00,3.32,3.32,1.00,3.32,3.32,1.00,3.32,3.32,1.00,3.32,3.32,1.00,3.32,3.32,1.00,3.32,3.32,1.00,3.32,3.32,1.00,3.32,3.32,1.00,3.32,3.32,1.00,3.32,3.32,1.00,3.32,3.32,1.00,3.32,3.32,1.00,3.32,3.32,1.00,3.32,3.32,1.00,3.32,3.32,1.00,3.32,3.32,1.00,3.32,3.32,1.00,3.32,3.32,1.00,3.32,3.32,1.00
{'967'} gatekeeperd(MB): min(1.0) max(3.32) average(2.55)
{'390'} servicemanager(MB): 3.31,3.31,1.59,3.31,3.31,1.59,3.31,3.31,1.59,3.31,3.31,1.59,3.31,3.31,1.59,3.31,3.31,1.59,3.31,3.31,1.59,3.31,3.31,1.59,3.31,3.31,1.59,3.31,3.31,1.59,3.31,3.31,1.59,3.31,3.31,1.59,3.31,3.31,1.59,3.31,3.31,1.59,3.31,3.31,1.59,3.31,3.31,1.59,3.31,3.31,1.59,3.31,3.31,1.59,3.31,3.31,1.59,3.31,3.31,1.59,3.31,3.31,1.59,3.31,3.31,1.59,3.31,3.31,1.59,3.31,3.31,1.59,3.31,3.31,1.59,3.31,3.31,1.59,3.31,3.31,1.59,3.31,3.31,1.59,3.31,3.31,1.59
{'390'} servicemanager(MB): min(1.59) max(3.31) average(2.74)
{'720'} android.hardware.usb@1.2-service-mediatekv2(MB): 3.30,3.30,1.18,3.30,3.30,1.18,3.30,3.30,1.18,3.30,3.30,1.18,3.30,3.30,1.18,3.30,3.30,1.18,3.30,3.30,1.18,3.30,3.30,1.18,3.30,3.30,1.18,3.30,3.30,1.19,3.30,3.30,1.18,3.30,3.30,1.18,3.30,3.30,1.18,3.30,3.30,1.19,3.30,3.30,1.18,3.30,3.30,1.18,3.30,3.30,1.19,3.30,3.30,1.18,3.30,3.30,1.18,3.30,3.30,1.18,3.30,3.30,1.18,3.30,3.30,1.18,3.30,3.30,1.18,3.30,3.30,1.18,3.30,3.30,1.18,3.30,3.30,1.18,3.30,3.30,1.18,3.30,3.30,1.18,3.30,3.30,1.18
{'720'} android.hardware.usb@1.2-service-mediatekv2(MB): min(1.18) max(3.3) average(2.59)
{'12038'} logcat(MB): 3.27,3.27,0.71,3.27,3.27,0.72,3.27,3.27,0.72,3.27,3.27,0.72,3.27,3.27,0.72,3.27,3.27,0.72,3.27,3.27,0.71,3.27,3.27,0.72,3.27,3.27,0.72,3.27,3.27,0.72,3.27,3.27,0.72,3.27,3.27,0.72,3.27,3.27,0.72,3.27,3.27,0.72,3.27,3.27,0.72,3.27,3.27,0.71,3.27,3.27,0.72,3.27,3.27,0.71,3.27,3.27,0.71,3.27,3.27,0.71,3.27,3.27,0.71,3.27,3.27,0.71,3.27,3.27,0.71,3.27,3.27,0.71,3.27,3.27,0.71,3.27,3.27,0.71,3.27,3.27,0.71,3.27,3.27,0.71,3.27,3.27,0.71
{'12038'} logcat(MB): min(0.71) max(3.27) average(2.42)
{'716'} android.hardware.health@2.1-service(MB): 3.24,3.24,1.03,3.24,3.24,1.03,3.24,3.24,1.03,3.24,3.24,1.03,3.24,3.24,1.03,3.24,3.24,1.03,3.24,3.24,1.03,3.24,3.24,1.03,3.24,3.24,1.03,3.24,3.24,1.03,3.24,3.24,1.03,3.24,3.24,1.03,3.24,3.24,1.03,3.24,3.24,1.03,3.24,3.24,1.03,3.24,3.24,1.03,3.24,3.24,1.03,3.24,3.24,1.03,3.24,3.24,1.03,3.24,3.24,1.03,3.24,3.24,1.03,3.24,3.24,1.03,3.24,3.24,1.03,3.24,3.24,1.03,3.24,3.24,1.03,3.24,3.24,1.03,3.24,3.24,1.03,3.24,3.24,1.03,3.24,3.24,1.03
{'716'} android.hardware.health@2.1-service(MB): min(1.03) max(3.24) average(2.5)
{'885'} drmserver(MB): 3.23,3.23,1.42,3.23,3.23,1.42,3.23,3.23,1.42,3.23,3.23,1.42,3.23,3.23,1.42,3.23,3.23,1.42,3.23,3.23,1.42,3.23,3.23,1.42,3.23,3.23,1.42,3.23,3.23,1.42,3.23,3.23,1.42,3.23,3.23,1.42,3.23,3.23,1.42,3.23,3.23,1.42,3.23,3.23,1.42,3.23,3.23,1.42,3.23,3.23,1.42,3.23,3.23,1.42,3.23,3.23,1.42,3.23,3.23,1.41,3.23,3.23,1.42,3.23,3.23,1.42,3.23,3.23,1.42,3.23,3.23,1.42,3.23,3.23,1.42,3.23,3.23,1.42,3.23,3.23,1.42,3.23,3.23,1.42,3.23,3.23,1.42
{'885'} drmserver(MB): min(1.41) max(3.23) average(2.63)
{'391'} hwservicemanager(MB): 3.22,3.22,1.58,3.24,3.24,1.59,3.24,3.24,1.59,3.24,3.24,1.59,3.24,3.24,1.59,3.24,3.24,1.59,3.24,3.24,1.59,3.24,3.24,1.59,3.24,3.24,1.59,3.24,3.24,1.59,3.24,3.24,1.59,3.24,3.24,1.59,3.24,3.24,1.59,3.24,3.24,1.59,3.24,3.24,1.59,3.24,3.24,1.59,3.24,3.24,1.59,3.24,3.24,1.59,3.24,3.24,1.59,3.24,3.24,1.59,3.24,3.24,1.59,3.24,3.24,1.59,3.24,3.24,1.59,3.24,3.24,1.59,3.24,3.24,1.59,3.24,3.24,1.59,3.24,3.24,1.59,3.24,3.24,1.59,3.24,3.24,1.58
{'391'} hwservicemanager(MB): min(1.58) max(3.24) average(2.69)
{'923'} lbs_dbg_ext(MB): 3.19,3.19,0.98,3.22,3.22,0.98,3.22,3.22,0.98,3.22,3.22,0.98,3.22,3.22,0.98,3.22,3.22,0.98,3.22,3.22,0.98,3.22,3.22,0.98,3.22,3.22,0.98,3.22,3.22,0.98,3.22,3.22,0.98,3.22,3.22,0.98,3.22,3.22,0.98,3.22,3.22,0.98,3.22,3.22,0.98,3.22,3.22,0.98,3.22,3.22,0.98,3.22,3.22,0.98,3.22,3.22,0.98,3.22,3.22,0.98,3.22,3.22,0.98,3.22,3.22,0.98,3.22,3.22,0.98,3.22,3.22,0.98,3.22,3.22,0.98,3.22,3.22,0.98,3.22,3.22,0.98,3.22,3.22,0.98,3.22,3.22,0.98
{'923'} lbs_dbg_ext(MB): min(0.98) max(3.22) average(2.47)
{'903'} incidentd(MB): 3.14,3.14,1.06,3.15,3.15,1.06,3.15,3.15,1.06,3.15,3.15,1.06,3.15,3.15,1.06,3.15,3.15,1.06,3.15,3.15,1.06,3.15,3.15,1.06,3.15,3.15,1.06,3.15,3.15,1.06,3.15,3.15,1.06,3.15,3.15,1.06,3.15,3.15,1.06,3.15,3.15,1.06,3.15,3.15,1.06,3.15,3.15,1.06,3.15,3.15,1.06,3.15,3.15,1.06,3.15,3.15,1.06,3.15,3.15,1.06,3.15,3.15,1.06,3.15,3.15,1.06,3.15,3.15,1.06,3.15,3.15,1.06,3.15,3.15,1.06,3.15,3.15,1.06,3.15,3.15,1.06,3.15,3.15,1.06,3.15,3.15,1.06
{'903'} incidentd(MB): min(1.06) max(3.15) average(2.45)
{'728'} vendor.mediatek.hardware.nwk_opt@1.0-service(MB): 3.11,3.11,0.96,3.11,3.11,0.96,3.11,3.11,0.96,3.11,3.11,0.96,3.11,3.11,0.96,3.11,3.11,0.96,3.11,3.11,0.96,3.11,3.11,0.96,3.11,3.11,0.96,3.11,3.11,0.96,3.11,3.11,0.96,3.11,3.11,0.96,3.11,3.11,0.96,3.11,3.11,0.96,3.11,3.11,0.96,3.11,3.11,0.96,3.11,3.11,0.96,3.11,3.11,0.96,3.11,3.11,0.96,3.11,3.11,0.96,3.11,3.11,0.96,3.11,3.11,0.96,3.11,3.11,0.96,3.11,3.11,0.96,3.11,3.11,0.96,3.11,3.11,0.96,3.11,3.11,0.96,3.11,3.11,0.96,3.11,3.11,0.96
{'728'} vendor.mediatek.hardware.nwk_opt@1.0-service(MB): min(0.96) max(3.11) average(2.39)
{'719'} android.hardware.thermal@2.0-service.mtk(MB): 3.07,3.07,0.93,3.07,3.07,0.93,3.07,3.07,0.93,3.07,3.07,0.93,3.07,3.07,0.93,3.07,3.07,0.93,3.07,3.07,0.93,3.07,3.07,0.93,3.07,3.07,0.93,3.07,3.07,0.93,3.07,3.07,0.93,3.07,3.07,0.93,3.07,3.07,0.93,3.07,3.07,0.93,3.07,3.07,0.93,3.07,3.07,0.93,3.07,3.07,0.93,3.07,3.07,0.93,3.07,3.07,0.93,3.07,3.07,0.93,3.07,3.07,0.93,3.07,3.07,0.93,3.07,3.07,0.93,3.07,3.07,0.93,3.07,3.07,0.93,3.07,3.07,0.93,3.07,3.07,0.93,3.07,3.07,0.93,3.07,3.07,0.93
{'719'} android.hardware.thermal@2.0-service.mtk(MB): min(0.93) max(3.07) average(2.36)
{'1020'} connsyslogger(MB): 3.04,3.04,1.18,3.04,3.04,1.18,3.04,3.04,1.18,3.04,3.04,1.18,3.04,3.04,1.18,3.04,3.04,1.18,3.04,3.04,1.18,3.04,3.04,1.18,3.04,3.04,1.18,3.04,3.04,1.18,3.04,3.04,1.18,3.04,3.04,1.18,3.04,3.04,1.18,3.04,3.04,1.18,3.04,3.04,1.18,3.04,3.04,1.18,3.04,3.04,1.18,3.04,3.04,1.18,3.04,3.04,1.18,3.04,3.04,1.18,3.04,3.04,1.18,3.04,3.04,1.18,3.04,3.04,1.18,3.04,3.04,1.18,3.04,3.04,1.18,3.04,3.04,1.18,3.04,3.04,1.18,3.04,3.04,1.18,3.04,3.04,1.18
{'1020'} connsyslogger(MB): min(1.18) max(3.04) average(2.42)
{'713'} android.hardware.gatekeeper@1.0-service(MB): 2.98,2.98,0.96,2.98,2.98,0.96,2.98,2.98,0.96,2.98,2.98,0.96,2.98,2.98,0.96,2.98,2.98,0.96,2.98,2.98,0.96,2.98,2.98,0.96,2.98,2.98,0.96,2.98,2.98,0.96,2.98,2.98,0.96,2.98,2.98,0.96,2.98,2.98,0.96,2.98,2.98,0.96,2.98,2.98,0.96,2.98,2.98,0.96,2.98,2.98,0.96,2.98,2.98,0.96,2.98,2.98,0.96,2.98,2.98,0.96,2.98,2.98,0.96,2.98,2.98,0.96,2.98,2.98,0.96,2.98,2.98,0.96,2.98,2.98,0.96,2.98,2.98,0.96,2.98,2.98,0.96,2.98,2.98,0.96,2.98,2.98,0.96
{'713'} android.hardware.gatekeeper@1.0-service(MB): min(0.96) max(2.98) average(2.31)
{'727'} vendor.mediatek.hardware.nvram@1.1-service(MB): 2.97,2.97,0.95,2.97,2.97,0.95,2.97,2.97,0.95,2.97,2.97,0.95,2.97,2.97,0.95,2.97,2.97,0.95,2.97,2.97,0.95,2.97,2.97,0.95,2.97,2.97,0.95,2.97,2.97,0.95,2.97,2.97,0.95,2.97,2.97,0.95,2.97,2.97,0.95,2.97,2.97,0.95,2.97,2.97,0.95,2.97,2.97,0.95,2.97,2.97,0.95,2.97,2.97,0.95,2.97,2.97,0.95,2.97,2.97,0.95,2.97,2.97,0.95,2.97,2.97,0.95,2.97,2.97,0.95,2.97,2.97,0.95,2.97,2.97,0.95,2.97,2.97,0.95,2.97,2.97,0.95,2.97,2.97,0.95,2.97,2.97,0.95
{'727'} vendor.mediatek.hardware.nvram@1.1-service(MB): min(0.95) max(2.97) average(2.3)
{'978'} netdagent(MB): 2.95,2.95,0.88,2.95,2.95,0.88,2.95,2.95,0.88,2.95,2.95,0.88,2.95,2.95,0.88,2.95,2.95,0.88,2.95,2.95,0.88,2.95,2.95,0.88,2.95,2.95,0.88,2.95,2.95,0.88,2.95,2.95,0.88,2.95,2.95,0.88,2.95,2.95,0.88,2.95,2.95,0.88,2.95,2.95,0.88,2.95,2.95,0.88,2.95,2.95,0.88,2.95,2.95,0.88,2.95,2.95,0.88,2.95,2.95,0.88,2.95,2.95,0.88,2.95,2.95,0.88,2.95,2.95,0.88,2.95,2.95,0.88,2.95,2.95,0.88,2.95,2.95,0.88,2.95,2.95,0.88,2.95,2.95,0.88,2.95,2.95,0.88
{'978'} netdagent(MB): min(0.88) max(2.95) average(2.26)
{'3009', '402'} sh(MB): 2.93,2.50,2.93,2.50,0.86,0.79,2.93,2.50,2.93,2.50,0.89,0.83,2.93,2.50,2.93,2.50,0.89,0.83,2.93,2.50,2.93,2.50,0.89,0.83,2.93,2.50,2.93,2.50,0.83,0.83,2.93,2.50,2.93,2.50,0.86,0.83,2.93,2.50,2.93,2.50,0.89,0.79,2.93,2.50,2.93,2.50,0.89,0.83,2.93,2.50,2.93,2.50,0.89,0.83,2.93,2.50,2.93,2.50,0.89,0.83,2.93,2.50,2.93,2.50,0.89,0.83,2.93,2.50,2.93,2.50,0.89,0.83,2.93,2.50,2.93,2.50,0.86,0.83,2.93,2.50,2.93,2.50,0.89,0.83,2.93,2.50,2.93,2.50,0.89,0.83,2.93,2.50,2.93,2.50,0.89,0.83,2.93,2.50,2.93,2.50,0.89,0.83,2.93,2.50,2.93,2.50,0.89,0.79,2.93,2.50,2.93,2.50,0.89,0.79,2.93,2.50,2.93,2.50,0.89,0.83,2.93,2.50,2.93,2.50,0.89,0.83,2.93,2.50,2.93,2.50,0.89,0.83,2.93,2.50,2.93,2.50,0.89,0.83,2.93,2.50,2.93,2.50,0.89,0.83,2.93,2.50,2.93,2.50,0.89,0.83,2.93,2.50,2.93,2.50,0.89,0.78,2.93,2.50,2.93,2.50,0.89,0.82,2.93,2.50,2.93,2.50,0.89,0.83,2.93,2.50,2.93,2.50,0.89,0.83
{'3009', '402'} sh(MB): min(0.78) max(2.93) average(2.09)
{'712'} android.hardware.drm@1.4-service.widevine(MB): 2.92,2.92,1.71,2.93,2.93,1.71,2.93,2.93,1.71,2.93,2.93,1.71,2.93,2.93,1.71,2.93,2.93,1.71,2.93,2.93,1.71,2.93,2.93,1.71,2.93,2.93,1.71,2.93,2.93,1.71,2.93,2.93,1.71,2.93,2.93,1.71,2.93,2.93,1.71,2.93,2.93,1.71,2.93,2.93,1.71,2.93,2.93,1.71,2.93,2.93,1.71,2.93,2.93,1.71,2.93,2.93,1.71,2.93,2.93,1.71,2.93,2.93,1.71,2.93,2.93,1.71,2.93,2.93,1.71,2.93,2.93,1.71,2.93,2.93,1.71,2.93,2.93,1.71,2.93,2.93,1.71,2.93,2.93,1.71,2.93,2.93,1.71
{'712'} android.hardware.drm@1.4-service.widevine(MB): min(1.71) max(2.93) average(2.52)
{'395'} vndservicemanager(MB): 2.91,2.91,0.99,2.91,2.91,0.99,2.91,2.91,0.99,2.91,2.91,0.99,2.91,2.91,0.99,2.91,2.91,0.99,2.91,2.91,0.99,2.91,2.91,0.99,2.91,2.91,0.99,2.91,2.91,0.99,2.91,2.91,0.99,2.91,2.91,0.99,2.91,2.91,0.99,2.91,2.91,0.99,2.91,2.91,0.99,2.91,2.91,0.99,2.91,2.91,0.99,2.91,2.91,0.99,2.91,2.91,0.99,2.91,2.91,0.99,2.91,2.91,0.99,2.91,2.91,0.99,2.91,2.91,0.99,2.91,2.91,0.99,2.91,2.91,0.99,2.91,2.91,0.99,2.91,2.91,0.99,2.91,2.91,0.99,2.91,2.91,0.99
{'395'} vndservicemanager(MB): min(0.99) max(2.91) average(2.27)
{'438'} aee_aedv64(MB): 2.89,2.89,0.93,2.89,2.89,0.93,2.89,2.89,0.93,2.89,2.89,0.93,2.89,2.89,0.93,2.89,2.89,0.93,2.89,2.89,0.93,2.89,2.89,0.93,2.89,2.89,0.93,2.89,2.89,0.93,2.89,2.89,0.93,2.89,2.89,0.93,2.89,2.89,0.93,2.89,2.89,0.93,2.89,2.89,0.93,2.89,2.89,0.93,2.89,2.89,0.93,2.89,2.89,0.93,2.89,2.89,0.93,2.89,2.89,0.93,2.89,2.89,0.93,2.89,2.89,0.93,2.89,2.89,0.93,2.89,2.89,0.93,2.89,2.89,0.93,2.89,2.89,0.93,2.89,2.89,0.93,2.89,2.89,0.93,2.89,2.89,0.93
{'438'} aee_aedv64(MB): min(0.93) max(2.89) average(2.24)
{'711'} android.hardware.drm@1.4-service.clearkey(MB): 2.89,2.89,1.25,2.90,2.90,1.25,2.90,2.90,1.25,2.90,2.90,1.25,2.90,2.90,1.25,2.90,2.90,1.25,2.90,2.90,1.25,2.90,2.90,1.25,2.90,2.90,1.25,2.90,2.90,1.25,2.90,2.90,1.25,2.90,2.90,1.25,2.90,2.90,1.25,2.90,2.90,1.25,2.90,2.90,1.25,2.90,2.90,1.25,2.90,2.90,1.25,2.90,2.90,1.25,2.90,2.90,1.25,2.90,2.90,1.25,2.90,2.90,1.25,2.90,2.90,1.25,2.90,2.90,1.25,2.90,2.90,1.25,2.90,2.90,1.25,2.90,2.90,1.25,2.90,2.90,1.25,2.90,2.90,1.25,2.90,2.90,1.25
{'711'} android.hardware.drm@1.4-service.clearkey(MB): min(1.25) max(2.9) average(2.35)
{'488'} tombstoned(MB): 2.86,2.86,0.74,2.86,2.86,0.74,2.86,2.86,0.74,2.86,2.86,0.74,2.86,2.86,0.74,2.86,2.86,0.74,2.86,2.86,0.74,2.86,2.86,0.74,2.86,2.86,0.74,2.86,2.86,0.74,2.86,2.86,0.74,2.86,2.86,0.74,2.86,2.86,0.74,2.86,2.86,0.74,2.86,2.86,0.74,2.86,2.86,0.74,2.86,2.86,0.74,2.86,2.86,0.74,2.86,2.86,0.74,2.86,2.86,0.74,2.86,2.86,0.74,2.86,2.86,0.74,2.86,2.86,0.74,2.86,2.86,0.74,2.86,2.86,0.74,2.86,2.86,0.74,2.86,2.86,0.74,2.86,2.86,0.74,2.86,2.86,0.74
{'488'} tombstoned(MB): min(0.74) max(2.86) average(2.15)
{'406'} android.hardware.boot@1.2-service(MB): 2.86,2.86,1.11,2.86,2.86,1.11,2.86,2.86,1.11,2.86,2.86,1.11,2.86,2.86,1.11,2.86,2.86,1.11,2.86,2.86,1.11,2.86,2.86,1.11,2.86,2.86,1.11,2.86,2.86,1.11,2.86,2.86,1.11,2.86,2.86,1.11,2.86,2.86,1.11,2.86,2.86,1.11,2.86,2.86,1.11,2.86,2.86,1.11,2.86,2.86,1.11,2.86,2.86,1.11,2.86,2.86,1.11,2.86,2.86,1.11,2.86,2.86,1.11,2.86,2.86,1.11,2.86,2.86,1.11,2.86,2.86,1.11,2.86,2.86,1.11,2.86,2.86,1.11,2.86,2.86,1.11,2.86,2.86,1.11,2.86,2.86,1.11
{'406'} android.hardware.boot@1.2-service(MB): min(1.11) max(2.86) average(2.28)
{'710'} android.hardware.bluetooth@1.1-service-mediatek(MB): 2.82,2.82,0.93,2.83,2.83,0.93,2.83,2.83,0.93,2.83,2.83,0.93,2.83,2.83,0.93,2.83,2.83,0.93,2.83,2.83,0.93,2.83,2.83,0.93,2.83,2.83,0.93,2.83,2.83,0.93,2.83,2.83,0.93,2.83,2.83,0.93,2.83,2.83,0.93,2.83,2.83,0.93,2.83,2.83,0.93,2.83,2.83,0.93,2.83,2.83,0.93,2.83,2.83,0.93,2.83,2.83,0.93,2.83,2.83,0.93,2.83,2.83,0.93,2.83,2.83,0.93,2.83,2.83,0.93,2.83,2.83,0.93,2.83,2.83,0.93,2.83,2.83,0.93,2.83,2.83,0.93,2.83,2.83,0.93,2.83,2.83,0.93
{'710'} android.hardware.bluetooth@1.1-service-mediatek(MB): min(0.93) max(2.83) average(2.2)
{'889'} traced(MB): 2.82,2.82,0.96,2.82,2.82,0.96,2.82,2.82,0.96,2.82,2.82,0.96,2.82,2.82,0.96,2.82,2.82,0.96,2.82,2.82,0.96,2.82,2.82,0.96,2.82,2.82,0.96,2.82,2.82,0.96,2.82,2.82,0.96,2.82,2.82,0.96,2.82,2.82,0.96,2.82,2.82,0.96,2.82,2.82,0.96,2.82,2.82,0.96,2.82,2.82,0.96,2.82,2.82,0.96,2.82,2.82,0.96,2.82,2.82,0.96,2.82,2.82,0.96,2.82,2.82,0.96,2.82,2.82,0.96,2.82,2.82,0.96,2.82,2.82,0.96,2.82,2.82,0.96,2.82,2.82,0.96,2.82,2.82,0.96,2.82,2.82,0.96
{'889'} traced(MB): min(0.96) max(2.82) average(2.2)
{'725'} ip6tables-restore(MB): 2.80,2.80,1.13,2.80,2.80,1.13,2.80,2.80,1.13,2.80,2.80,1.13,2.80,2.80,1.13,2.80,2.80,1.13,2.80,2.80,1.13,2.80,2.80,1.13,2.80,2.80,1.13,2.80,2.80,1.13,2.80,2.80,1.13,2.80,2.80,1.13,2.80,2.80,1.13,2.80,2.80,1.13,2.80,2.80,1.13,2.80,2.80,1.13,2.80,2.80,1.13,2.80,2.80,1.13,2.80,2.80,1.13,2.80,2.80,1.13,2.80,2.80,1.13,2.80,2.80,1.13,2.80,2.80,1.13,2.80,2.80,1.13,2.80,2.80,1.13,2.80,2.80,1.13,2.80,2.80,1.13,2.80,2.80,1.13,2.80,2.80,1.13
{'725'} ip6tables-restore(MB): min(1.13) max(2.8) average(2.24)
{'2113'} batterywarning(MB): 2.75,2.75,0.74,2.75,2.75,0.74,2.75,2.75,0.74,2.75,2.75,0.74,2.75,2.75,0.74,2.75,2.75,0.74,2.75,2.75,0.74,2.75,2.75,0.74,2.75,2.75,0.74,2.75,2.75,0.74,2.75,2.75,0.74,2.75,2.75,0.74,2.75,2.75,0.74,2.75,2.75,0.74,2.75,2.75,0.74,2.75,2.75,0.74,2.75,2.75,0.74,2.75,2.75,0.74,2.75,2.75,0.74,2.75,2.75,0.74,2.75,2.75,0.74,2.75,2.75,0.74,2.75,2.75,0.74,2.75,2.75,0.74,2.75,2.75,0.74,2.75,2.75,0.74,2.75,2.75,0.74,2.75,2.75,0.74,2.75,2.75,0.74
{'2113'} batterywarning(MB): min(0.74) max(2.75) average(2.08)
{'2999', '939'} netdiag(MB): 2.74,1.81,2.74,1.81,0.60,0.57,2.75,1.81,2.75,1.81,0.60,0.57,2.75,1.81,2.75,1.81,0.60,0.57,2.75,1.81,2.75,1.81,0.60,0.57,2.75,1.81,2.75,1.81,0.60,0.57,2.75,1.81,2.75,1.81,0.60,0.57,2.75,1.81,2.75,1.81,0.60,0.57,2.75,1.81,2.75,1.81,0.60,0.57,2.75,1.81,2.75,1.81,0.60,0.57,2.75,1.81,2.75,1.81,0.60,0.57,2.75,1.81,2.75,1.81,0.60,0.57,2.75,1.81,2.75,1.81,0.60,0.57,2.75,1.81,2.75,1.81,0.60,0.57,2.75,1.81,2.75,1.81,0.60,0.57,2.75,1.81,2.75,1.81,0.60,0.57,2.75,1.81,2.75,1.81,0.60,0.57,2.75,1.81,2.75,1.81,0.60,0.57,2.75,1.81,2.75,1.81,0.60,0.57,2.75,1.81,2.75,1.81,0.60,0.57,2.75,1.81,2.75,1.81,0.60,0.57,2.75,1.81,2.75,1.81,0.60,0.57,2.75,1.81,2.75,1.81,0.60,0.57,2.75,1.81,2.75,1.81,0.60,0.57,2.75,1.81,2.75,1.81,0.60,0.57,2.75,1.81,2.75,1.81,0.60,0.57,2.75,1.81,2.75,1.81,0.60,0.57,2.75,1.81,2.75,1.81,0.60,0.57,2.75,1.81,2.75,1.81,0.60,0.57,2.75,1.81,2.75,1.81,0.60,0.57
{'2999', '939'} netdiag(MB): min(0.57) max(2.75) average(1.71)
{'708'} android.hidl.allocator@1.0-service(MB): 2.73,2.73,0.75,2.73,2.73,0.75,2.73,2.73,0.75,2.73,2.73,0.75,2.73,2.73,0.75,2.73,2.73,0.75,2.73,2.73,0.75,2.73,2.73,0.75,2.73,2.73,0.75,2.73,2.73,0.75,2.73,2.73,0.75,2.73,2.73,0.75,2.73,2.73,0.75,2.73,2.73,0.75,2.73,2.73,0.75,2.73,2.73,0.75,2.73,2.73,0.75,2.73,2.73,0.75,2.73,2.73,0.75,2.73,2.73,0.75,2.73,2.73,0.75,2.73,2.73,0.75,2.73,2.73,0.75,2.73,2.73,0.75,2.73,2.73,0.75,2.73,2.73,0.75,2.73,2.73,0.75,2.73,2.73,0.75,2.73,2.73,0.75
{'708'} android.hidl.allocator@1.0-service(MB): min(0.75) max(2.73) average(2.07)
{'724'} iptables-restore(MB): 2.73,2.73,1.09,2.73,2.73,1.09,2.73,2.73,1.09,2.73,2.73,1.09,2.73,2.73,1.09,2.73,2.73,1.09,2.73,2.73,1.09,2.73,2.73,1.09,2.73,2.73,1.09,2.73,2.73,1.09,2.73,2.73,1.09,2.73,2.73,1.09,2.73,2.73,1.09,2.73,2.73,1.09,2.73,2.73,1.09,2.73,2.73,1.09,2.73,2.73,1.09,2.73,2.73,1.09,2.73,2.73,1.09,2.73,2.73,1.09,2.73,2.73,1.09,2.73,2.73,1.09,2.73,2.73,1.09,2.73,2.73,1.09,2.73,2.73,1.09,2.73,2.73,1.09,2.73,2.73,1.09,2.73,2.73,1.09,2.73,2.73,1.09
{'724'} iptables-restore(MB): min(1.09) max(2.73) average(2.18)
{'440'} wmt_launcher(MB): 2.66,2.66,0.72,2.66,2.66,0.72,2.66,2.66,0.72,2.66,2.66,0.72,2.66,2.66,0.72,2.66,2.66,0.72,2.66,2.66,0.72,2.66,2.66,0.72,2.66,2.66,0.72,2.66,2.66,0.72,2.66,2.66,0.72,2.66,2.66,0.72,2.66,2.66,0.72,2.66,2.66,0.72,2.66,2.66,0.72,2.66,2.66,0.72,2.66,2.66,0.72,2.66,2.66,0.72,2.66,2.66,0.72,2.66,2.66,0.72,2.66,2.66,0.72,2.66,2.66,0.72,2.66,2.66,0.72,2.66,2.66,0.72,2.66,2.66,0.72,2.66,2.66,0.72,2.66,2.66,0.72,2.66,2.66,0.72,2.66,2.66,0.72
{'440'} wmt_launcher(MB): min(0.72) max(2.66) average(2.01)
{'926'} thermald(MB): 2.63,2.63,0.68,2.63,2.63,0.68,2.63,2.63,0.68,2.63,2.63,0.68,2.63,2.63,0.68,2.63,2.63,0.68,2.63,2.63,0.68,2.63,2.63,0.68,2.63,2.63,0.68,2.63,2.63,0.68,2.63,2.63,0.68,2.63,2.63,0.68,2.63,2.63,0.68,2.63,2.63,0.68,2.63,2.63,0.68,2.63,2.63,0.68,2.63,2.63,0.68,2.63,2.63,0.68,2.63,2.63,0.68,2.63,2.63,0.68,2.63,2.63,0.68,2.63,2.63,0.68,2.63,2.63,0.68,2.63,2.63,0.68,2.63,2.63,0.68,2.63,2.63,0.68,2.63,2.63,0.68,2.63,2.63,0.68,2.63,2.63,0.68
{'926'} thermald(MB): min(0.68) max(2.63) average(1.98)
{'960'} wlan_assistant(MB): 2.60,2.60,0.66,2.60,2.60,0.66,2.60,2.60,0.66,2.60,2.60,0.66,2.60,2.60,0.66,2.60,2.60,0.66,2.60,2.60,0.66,2.60,2.60,0.66,2.60,2.60,0.66,2.60,2.60,0.66,2.60,2.60,0.66,2.60,2.60,0.66,2.60,2.60,0.66,2.60,2.60,0.66,2.60,2.60,0.66,2.60,2.60,0.66,2.60,2.60,0.66,2.60,2.60,0.66,2.60,2.60,0.66,2.60,2.60,0.66,2.60,2.60,0.66,2.60,2.60,0.66,2.60,2.60,0.66,2.60,2.60,0.66,2.60,2.60,0.66,2.60,2.60,0.66,2.60,2.60,0.66,2.60,2.60,0.66,2.60,2.60,0.66
{'960'} wlan_assistant(MB): min(0.66) max(2.6) average(1.95)
{'950'} thermal(MB): 2.59,2.59,0.64,2.59,2.59,0.64,2.59,2.59,0.64,2.59,2.59,0.64,2.59,2.59,0.64,2.59,2.59,0.64,2.59,2.59,0.64,2.59,2.59,0.64,2.59,2.59,0.64,2.59,2.59,0.64,2.59,2.59,0.64,2.59,2.59,0.64,2.59,2.59,0.64,2.59,2.59,0.64,2.59,2.59,0.64,2.59,2.59,0.64,2.59,2.59,0.64,2.59,2.59,0.64,2.59,2.59,0.64,2.59,2.59,0.64,2.59,2.59,0.64,2.59,2.59,0.64,2.59,2.59,0.64,2.59,2.59,0.64,2.59,2.59,0.64,2.59,2.59,0.64,2.59,2.59,0.64,2.59,2.59,0.64,2.59,2.59,0.64
{'950'} thermal(MB): min(0.64) max(2.59) average(1.94)
{'813'} stp_dump3(MB): 2.57,2.57,0.66,2.57,2.57,0.66,2.57,2.57,0.66,2.57,2.57,0.66,2.57,2.57,0.66,2.57,2.57,0.66,2.57,2.57,0.66,2.57,2.57,0.66,2.57,2.57,0.66,2.57,2.57,0.66,2.57,2.57,0.66,2.57,2.57,0.66,2.57,2.57,0.66,2.57,2.57,0.66,2.57,2.57,0.66,2.57,2.57,0.66,2.57,2.57,0.66,2.57,2.57,0.66,2.57,2.57,0.66,2.57,2.57,0.66,2.57,2.57,0.66,2.57,2.57,0.66,2.57,2.57,0.66,2.57,2.57,0.66,2.57,2.57,0.66,2.57,2.57,0.66,2.57,2.57,0.66,2.57,2.57,0.66,2.57,2.57,0.66
{'813'} stp_dump3(MB): min(0.66) max(2.57) average(1.93)
{'920'} emdlogger(MB): 2.50,2.50,0.66,2.50,2.50,0.66,2.50,2.50,0.66,2.50,2.50,0.66,2.50,2.50,0.66,2.50,2.50,0.66,2.50,2.50,0.66,2.50,2.50,0.66,2.50,2.50,0.66,2.50,2.50,0.66,2.50,2.50,0.66,2.50,2.50,0.66,2.50,2.50,0.66,2.50,2.50,0.66,2.50,2.50,0.66,2.50,2.50,0.66,2.50,2.50,0.66,2.50,2.50,0.66,2.50,2.50,0.66,2.50,2.50,0.66,2.50,2.50,0.66,2.50,2.50,0.66,2.50,2.50,0.66,2.50,2.50,0.66,2.50,2.50,0.66,2.50,2.50,0.66,2.50,2.50,0.66,2.50,2.50,0.66,2.50,2.50,0.66
{'920'} emdlogger(MB): min(0.66) max(2.5) average(1.89)
{'887'} traced_probes(MB): 2.46,2.46,0.89,2.46,2.46,0.89,2.46,2.46,0.89,2.46,2.46,0.89,2.46,2.46,0.89,2.46,2.46,0.89,2.46,2.46,0.89,2.46,2.46,0.89,2.46,2.46,0.89,2.46,2.46,0.89,2.46,2.46,0.89,2.46,2.46,0.89,2.46,2.46,0.89,2.46,2.46,0.89,2.46,2.46,0.89,2.46,2.46,0.89,2.46,2.46,0.89,2.46,2.46,0.89,2.46,2.46,0.89,2.46,2.46,0.89,2.46,2.46,0.89,2.46,2.46,0.89,2.46,2.46,0.89,2.46,2.46,0.89,2.46,2.46,0.89,2.46,2.46,0.89,2.46,2.46,0.89,2.46,2.46,0.89,2.46,2.46,0.89
{'887'} traced_probes(MB): min(0.89) max(2.46) average(1.94)
{'749'} fuelgauged(MB): 2.44,2.44,0.92,2.44,2.44,0.92,2.44,2.44,0.92,2.44,2.44,0.92,2.44,2.44,0.92,2.44,2.44,0.92,2.44,2.44,0.92,2.44,2.44,0.92,2.44,2.44,0.92,2.44,2.44,0.92,2.44,2.44,0.92,2.44,2.44,0.92,2.44,2.44,0.92,2.44,2.44,0.92,2.44,2.44,0.92,2.44,2.44,0.92,2.44,2.44,0.92,2.44,2.44,0.92,2.44,2.44,0.92,2.44,2.44,0.91,2.44,2.44,0.92,2.44,2.44,0.92,2.44,2.44,0.92,2.44,2.44,0.92,2.44,2.44,0.92,2.44,2.44,0.92,2.44,2.44,0.92,2.44,2.44,0.92,2.44,2.44,0.92
{'749'} fuelgauged(MB): min(0.91) max(2.44) average(1.93)
{'955'} thermalloadalgod(MB): 2.25,2.25,0.69,2.25,2.25,0.69,2.25,2.25,0.69,2.25,2.25,0.69,2.25,2.25,0.69,2.25,2.25,0.69,2.25,2.25,0.69,2.25,2.25,0.69,2.25,2.25,0.69,2.25,2.25,0.69,2.25,2.25,0.69,2.25,2.25,0.69,2.25,2.25,0.69,2.25,2.25,0.69,2.25,2.25,0.69,2.25,2.25,0.69,2.25,2.25,0.69,2.25,2.25,0.69,2.25,2.25,0.69,2.25,2.25,0.68,2.25,2.25,0.69,2.25,2.25,0.69,2.25,2.25,0.69,2.25,2.25,0.69,2.25,2.25,0.69,2.25,2.25,0.69,2.25,2.25,0.69,2.25,2.25,0.69,2.25,2.25,0.69
{'955'} thermalloadalgod(MB): min(0.68) max(2.25) average(1.73)
{'435'} aee_aed(MB): 2.00,2.00,1.15,2.00,2.00,1.12,2.00,2.00,1.12,2.00,2.00,1.12,2.00,2.00,1.12,2.00,2.00,1.12,2.00,2.00,1.12,2.00,2.00,1.12,2.00,2.00,1.12,2.00,2.00,1.12,2.00,2.00,1.12,2.00,2.00,1.12,2.00,2.00,1.12,2.00,2.00,1.12,2.00,2.00,1.12,2.00,2.00,1.12,2.00,2.00,1.12,2.00,2.00,1.12,2.00,2.00,1.12,2.00,2.00,1.12,2.00,2.00,1.12,2.00,2.00,1.12,2.00,2.00,1.12,2.00,2.00,1.12,2.00,2.00,1.12,2.00,2.00,1.12,2.00,2.00,1.12,2.00,2.00,1.12,2.00,2.00,1.12
{'435'} aee_aed(MB): min(1.12) max(2.0) average(1.71)
{'437'} aee_aedv(MB): 1.34,1.34,0.91,1.35,1.35,0.91,1.35,1.35,0.91,1.35,1.35,0.91,1.35,1.35,0.91,1.35,1.35,0.91,1.35,1.35,0.91,1.35,1.35,0.91,1.35,1.35,0.91,1.35,1.35,0.91,1.35,1.35,0.91,1.35,1.35,0.91,1.35,1.35,0.91,1.35,1.35,0.91,1.35,1.35,0.91,1.35,1.35,0.91,1.35,1.35,0.91,1.35,1.35,0.91,1.35,1.35,0.91,1.35,1.35,0.91,1.35,1.35,0.91,1.35,1.35,0.91,1.35,1.35,0.91,1.35,1.35,0.91,1.35,1.35,0.91,1.35,1.35,0.91,1.35,1.35,0.91,1.35,1.35,0.91,1.35,1.35,0.91
{'437'} aee_aedv(MB): min(0.91) max(1.35) average(1.2)
{'13960'} com.android.settings(MB): 95.17,95.17,26.92,95.55,95.55,27.05,95.51,95.51,27.01,95.43,95.43,25.29,95.43,95.43,25.22,95.43,95.43,25.22,95.43,95.43,25.22,95.43,95.43,25.21,95.43,95.43,25.22,95.43,95.43,25.21,95.43,95.43,25.22,95.43,95.43,25.22,95.42,95.42,25.22,95.42,95.42,25.22,95.42,95.42,24.86,95.42,95.42,24.71,95.42,95.42,25.12,95.42,95.42,25.12,95.42,95.42,25.12,95.42,95.42,25.12,95.42,95.42,25.12,95.42,95.42,25.12,95.42,95.42,25.12,192.82,192.82,89.30
{'13960'} com.android.settings(MB): min(24.71) max(192.82) average(75.67)
{'14473'} <pre-initialized>(MB): 91.53,91.53,19.24
{'14473'} <pre-initialized>(MB): min(19.24) max(91.53) average(67.43)
{'14473'} com.jxw.maidain(MB): 93.62,93.62,21.02,93.64,93.64,21.04,93.52,93.52,20.59,92.42,92.42,19.49,92.42,92.42,19.49,92.42,92.42,19.48,92.42,92.42,19.48,92.42,92.42,19.48,92.41,92.41,19.48,92.41,92.41,19.48,92.32,92.32,19.08,92.32,92.32,18.93,92.32,92.32,19.31,92.15,92.15,19.14,92.15,92.15,19.14,92.15,92.15,19.14,92.15,92.15,19.14,92.15,92.15,19.14,92.15,92.15,19.14,92.15,92.15,18.90
{'14473'} com.jxw.maidain(MB): min(18.9) max(93.64) average(68.16)
