total_ram(MB): 452.27,452.27,452.27,452.27,452.27,452.27,452.27,452.27,452.27,452.27,452.27,452.27,452.27,452.27,452.27,452.27,452.27,452.27,452.27,452.27,452.27,452.27,452.27,452.27,452.27,452.27,452.27,452.27,452.27,452.27,452.27,452.27,452.27,452.27,452.27,452.27,452.27,452.27,452.27,452.27,452.27,452.27,452.27
total_ram(MB): min(452.27) max(452.27) average(452.27)
free_ram(MB): 141.21,150.49,142.30,142.24,147.06,150.54,156.98,148.11,153.58,154.48,154.78,150.85,153.19,149.13,147.42,184.16,158.71,156.36,154.45,148.43,146.76,145.14,139.10,135.05,128.27,131.37,126.30,121.71,119.93,129.62,124.12,118.06,108.42,118.45,119.39,118.29,115.76,119.76,113.49,119.12,110.86,116.56,111.34
free_ram(MB): min(108.42) max(184.16) average(136.78)
used_ram(MB): 250.92,249.90,264.51,271.92,268.57,263.53,250.70,255.57,254.46,254.29,279.25,259.24,265.38,254.88,258.84,241.87,254.20,268.77,263.26,261.67,262.15,265.27,269.60,288.46,277.81,280.71,284.30,287.10,291.96,280.33,282.28,290.88,290.30,288.43,292.19,296.07,288.16,288.84,291.90,292.26,287.21,281.21,282.91
used_ram(MB): min(241.87) max(296.07) average(272.84)
lost_ram(MB): 60.14,51.88,45.46,38.11,36.65,38.20,44.59,48.59,44.22,43.50,18.25,42.18,33.71,48.27,46.01,26.24,39.36,27.14,34.56,42.17,43.37,41.86,43.58,28.76,46.20,40.20,41.67,43.46,40.38,42.32,45.87,43.33,53.56,45.40,40.69,37.91,48.35,43.67,46.89,40.90,54.20,54.51,58.02
lost_ram(MB): min(18.25) max(60.14) average(42.66)
free(MB): 33.78,42.39,33.14,31.61,36.07,39.10,45.55,37.23,42.38,42.89,43.47,39.45,41.98,37.32,28.56,61.20,37.23,47.51,45.99,38.37,36.24,31.82,25.53,22.66,29.80,34.91,28.91,23.68,21.54,38.22,32.20,42.70,30.89,38.46,44.48,40.49,34.97,36.81,27.93,41.27,33.18,34.80,40.13
free(MB): min(21.54) max(61.2) average(36.67)
used_pss(MB): 225.81,224.66,239.23,246.58,243.19,238.13,225.28,230.09,228.95,228.76,253.71,233.68,239.80,229.29,233.15,216.15,228.41,243.29,237.77,236.16,236.62,239.72,243.99,262.81,253.45,256.77,261.22,264.16,269.11,257.61,259.52,268.17,267.52,265.49,269.25,273.00,265.07,265.73,268.78,269.14,264.07,258.02,259.77
used_pss(MB): min(216.15) max(273.0) average(248.4)
kernel(MB): 0.00,0.00,0.00,0.00,0.00,0.00,0.00,0.00,0.00,0.00,0.00,0.00,0.00,0.00,0.00,0.00,0.00,0.00,0.00,0.00,0.00,0.00,0.00,0.00,0.00,0.00,0.00,0.00,0.00,0.00,0.00,0.00,0.00,0.00,0.00,0.00,0.00,0.00,0.00,0.00,0.00,0.00,0.00
kernel(MB): min(0.0) max(0.0) average(0.0)
buffers(MB): 3.98,3.98,3.98,4.00,4.00,4.01,4.01,4.05,4.05,4.06,4.06,4.07,4.07,4.08,4.10,4.11,4.14,3.84,3.84,3.86,3.89,3.90,3.94,3.96,2.66,2.23,1.31,1.16,1.02,0.83,0.84,0.79,0.82,0.91,0.87,0.94,0.95,0.96,0.96,0.96,0.97,0.99,0.92
buffers(MB): min(0.79) max(4.14) average(2.72)
shmem(MB): 0.13,0.13,0.13,0.13,0.13,0.13,0.13,0.13,0.13,0.13,0.13,0.13,0.13,0.13,0.13,0.13,0.13,0.13,0.13,0.13,0.13,0.13,0.13,0.13,0.13,0.13,0.13,0.13,0.13,0.13,0.13,0.13,0.13,0.13,0.13,0.13,0.13,0.13,0.13,0.13,0.13,0.13,0.13
shmem(MB): min(0.13) max(0.13) average(0.13)
slab(MB): 21.01,21.12,21.17,21.20,21.23,21.26,21.27,21.30,21.33,21.34,21.35,21.36,21.36,21.37,21.46,21.48,21.52,21.51,21.52,21.53,21.51,21.52,21.54,21.56,21.57,21.57,21.64,21.65,21.71,21.77,21.79,21.79,21.83,21.89,21.94,22.00,22.02,22.02,22.03,22.02,22.04,22.07,22.08
slab(MB): min(21.01) max(22.08) average(21.59)
total_swap(MB): 96.00,96.00,96.00,96.00,96.00,96.00,96.00,96.00,96.00,96.00,96.00,96.00,96.00,96.00,96.00,96.00,96.00,96.00,96.00,96.00,96.00,96.00,96.00,96.00,96.00,96.00,96.00,96.00,96.00,96.00,96.00,96.00,96.00,96.00,96.00,96.00,96.00,96.00,96.00,96.00,96.00,96.00,96.00
total_swap(MB): min(96.0) max(96.0) average(96.0)
used_swap(MB): 20.56,20.56,20.56,20.56,20.56,20.56,20.56,20.56,20.56,20.56,20.56,20.56,20.56,20.56,20.56,20.56,20.56,20.77,20.77,20.77,20.77,20.77,20.82,20.97,21.24,21.25,21.25,21.25,21.26,21.30,21.30,22.06,22.29,22.35,22.57,22.57,22.57,22.57,22.57,23.43,23.43,23.43,24.12
used_swap(MB): min(20.56) max(24.12) average(21.35)
{'5079'} com.ccos.tv.homepage(MB): 85.17,84.23,98.88,106.80,102.91,98.18,95.89,101.15,99.67,99.70,124.36,104.80,110.56,100.27,103.72,86.32,99.31,114.04,108.89,107.38,107.64,110.94,115.06,134.65,125.92,129.44,133.58,136.80,141.73,130.84,132.49,143.64,143.10,141.56,144.88,149.94,141.88,142.80,145.46,147.45,143.94,138.12,140.50
{'5079'} com.ccos.tv.homepage(MB): min(84.23) max(149.94) average(119.87)
{'4526'} com.tianci.movieplatform(MB): 21.19,21.19,21.19,21.19,21.19,21.19,21.25,21.25,21.25,21.25,21.25,21.25,21.29,21.29,21.29,21.29,21.29,21.28,21.28,21.28,21.28,21.28,21.27,21.27,21.27,21.26,21.25,21.25,21.22,21.13,21.13,20.48,20.47,20.14,20.19,19.89,19.88,19.88,19.88,19.87,19.12,19.12,18.96
{'4526'} com.tianci.movieplatform(MB): min(18.96) max(21.29) average(20.85)
{'3891'} system(MB): 20.10,20.18,19.60,19.39,19.50,19.64,19.63,19.47,19.52,19.60,19.60,19.43,19.54,19.60,19.70,20.41,20.40,20.40,19.64,19.67,19.50,19.58,19.53,19.36,19.21,19.30,19.36,19.36,19.16,19.23,19.32,19.21,19.01,19.08,19.34,19.12,18.97,19.05,19.13,18.78,18.62,18.69,18.72
{'3891'} system(MB): min(18.62) max(20.41) average(19.43)
{'4445'} com.coocaa.os.ccosservice(MB): 14.64,14.63,14.62,14.59,14.59,14.59,14.66,14.66,14.65,14.65,14.65,14.64,14.65,14.65,14.63,14.63,14.63,14.63,14.63,14.63,14.62,14.62,14.61,14.41,14.00,14.00,13.97,13.97,13.96,13.59,13.59,13.30,13.27,13.23,13.23,13.09,13.09,13.08,13.07,13.08,12.87,12.87,12.85
{'4445'} com.coocaa.os.ccosservice(MB): min(12.85) max(14.66) average(14.07)
{'5202'} com.tianci.de(MB): 14.18,14.17,14.18,14.18,14.17,14.17,14.25,14.25,14.26,14.25,14.25,14.24,14.24,14.25,14.28,14.25,14.25,14.27,14.27,14.24,14.25,14.24,14.24,14.23,14.21,14.20,14.18,14.19,14.19,14.20,14.19,14.09,14.06,14.16,14.16,13.99,13.98,13.96,13.99,13.96,13.85,13.85,13.82
{'5202'} com.tianci.de(MB): min(13.82) max(14.28) average(14.16)
{'4079'} com.tianci.system(MB): 12.79,12.79,13.01,13.01,13.10,12.77,12.83,12.84,12.84,12.84,12.84,12.84,12.84,12.84,12.84,12.84,12.84,12.83,12.91,12.91,12.91,12.91,12.91,12.84,12.92,12.92,12.90,12.90,12.89,12.94,12.94,12.60,12.55,12.53,12.54,12.65,12.64,12.63,12.62,12.55,12.48,12.48,12.39
{'4079'} com.tianci.system(MB): min(12.39) max(13.1) average(12.79)
{'5516'} com.tianci.ad(MB): 11.43,11.43,11.42,11.42,11.42,11.42
{'5516'} com.tianci.ad(MB): min(11.42) max(11.43) average(11.42)
{'7353'} com.tianci.user(MB): 10.36,10.34,10.33,10.31,10.31,10.31,10.38,10.37,10.36,10.36,10.36,10.36,10.35,10.34,10.34,10.35,10.35,10.35,10.35,10.35,10.35,10.35,10.34,10.34,9.99,9.99,9.96,9.96,9.95,9.94,9.94,9.31,9.31,9.03,9.03,8.98,8.98,8.97,8.97,8.97,8.84,8.84,8.83
{'7353'} com.tianci.user(MB): min(8.83) max(10.38) average(9.91)
{'7397'} com.coocaa.sysreport(MB): 8.94,8.94,8.94,8.94,8.94,8.94,9.02,9.02,9.02,9.01,9.02,9.02,9.02,9.02,9.01,9.02,9.01,9.01,9.01,9.01,9.10,9.10,9.02,9.02,8.90,8.90,8.89,8.89,8.89,8.83,8.83,8.69,8.68,8.67,8.67,8.60,8.60,8.60,8.60,8.60,8.47,8.47,8.44
{'7397'} com.coocaa.sysreport(MB): min(8.44) max(9.1) average(8.87)
{'4646'} com.coocaa.os.softsettings.provider(MB): 7.94,7.94,7.94,7.94,7.94,7.94,7.99,7.99,7.99,7.99,7.99,7.99,7.99,7.99,7.99,7.99,7.99,7.99,7.99,7.99,7.99,7.99,7.99,7.99,7.99,7.99,7.99,7.99,7.99,7.99,7.99,7.94,7.94,7.94,7.94,7.88,7.88,7.88,7.88,7.88,7.59,7.59,7.05
{'4646'} com.coocaa.os.softsettings.provider(MB): min(7.05) max(7.99) average(7.93)
{'4206'} com.tianci.push(MB): 7.22,7.22,7.22,7.22,7.22,7.22,7.28,7.28,7.28,7.28,7.28,7.28,7.28,7.28,7.28,7.28,7.29,7.10,7.10,7.10,7.10,7.10,7.10,7.06,6.81,6.81,6.79,6.79,6.78,6.78,6.78,6.48,6.48,6.47,6.47,6.42,6.42,6.42,6.42,6.42,6.33,6.33,6.31
{'4206'} com.tianci.push(MB): min(6.31) max(7.29) average(6.92)
{'5493'} android.process.media(MB): 4.78,4.78,4.78,4.78,4.78,4.78,4.83,4.83,4.83,4.83,4.83,4.83,4.83,4.83,4.83,4.83,4.83,4.83,4.83,4.83,4.83,4.83,4.83,4.83,4.83,4.83,4.83,4.83,4.83,4.83,4.83,4.79,4.79,4.79,4.79,4.74,4.74,4.74,4.74,4.74,4.67,4.67,4.65
{'5493'} android.process.media(MB): min(4.65) max(4.83) average(4.8)
{'4070'} com.skyworth.android.skyRMService(MB): 3.50,3.50,3.50,3.50,3.50,3.54,3.58,3.58,3.58,3.58,3.58,3.58,3.50,3.50,3.52,3.51,3.52,3.52,3.52,3.52,3.54,3.54,3.54,3.54,3.54,3.54,3.58,3.58,3.63,3.63,3.51,3.47,3.47,3.47,3.47,3.42,3.43,3.43,3.43,3.38,3.37,3.37,3.37
{'4070'} com.skyworth.android.skyRMService(MB): min(3.37) max(3.63) average(3.51)
{'4061'} com.dunn.instrument(MB): 3.20,3.20,3.20,3.20,3.20,3.24,3.24,3.24,3.24,3.24,3.24,3.24,3.24,3.24,3.24,3.24,3.24,3.24,3.24,3.24,3.24,3.24,3.25,3.25,3.25,3.25,3.27,3.27,3.27,3.26,3.27,3.22,3.22,3.24,3.22,3.19,3.20,3.20,3.20,3.15,3.16,3.16,3.14
{'4061'} com.dunn.instrument(MB): min(3.14) max(3.27) average(3.23)
{'3497'} zygote(MB): 1.84,1.84,1.83,1.83,1.83,1.87,1.87,1.87,1.87,1.87,1.87,1.87,1.87,1.87,1.87,1.87,1.87,1.87,1.87,1.87,1.87,1.87,1.87,1.87,1.87,1.86,1.86,1.86,1.86,1.86,1.86,1.82,1.82,1.82,1.77,1.77,1.77,1.77,1.77,1.61,1.61,1.61,1.60
{'3497'} zygote(MB): min(1.6) max(1.87) average(1.82)
{'4264'} app_process(MB): 1.82,1.82,1.82,1.82,1.82,1.85,1.85,1.85,1.85,1.85,1.85,1.85,1.85,1.85,1.85,1.85,1.85,1.85,1.85,1.85,1.85,1.85,1.85,1.85,1.85,1.85,1.85,1.85,1.85,1.85,1.85,1.81,1.81,1.81,1.75,1.75,1.75,1.75,1.75,1.60,1.60,1.60,1.60
{'4264'} app_process(MB): min(1.6) max(1.85) average(1.81)
{'6982'} logcat(MB): 1.51,1.51,1.51,1.51,1.51,1.51,1.51,1.51,1.51,1.51,1.51,1.51,1.51,1.51,1.51,1.51,0.52,1.13,1.13,1.13,1.30,1.30,1.31,1.31,1.31,1.31,1.31,1.31,1.31,1.31,1.31,1.31,1.31,1.31,1.31,1.31,1.31,1.31,1.31,1.31,1.31,1.31,1.31
{'6982'} logcat(MB): min(0.52) max(1.51) average(1.35)
{'743'} surfaceflinger(MB): 1.25,1.25,1.25,1.25,1.25,1.25,1.25,1.25,1.25,1.25,1.25,1.25,1.25,1.25,1.25,1.25,1.25,1.25,1.25,1.47,1.25,1.25,1.25,1.25,1.25,1.25,1.25,1.25,1.25,1.25,1.25,1.25,1.25,1.25,1.25,1.25,1.25,1.25,1.25,0.90,0.90,0.90,0.90
{'743'} surfaceflinger(MB): min(0.9) max(1.47) average(1.22)
{'1146'} TvServer(MB): 0.81,0.81,0.81,0.81,0.81,0.81,0.81,0.81,0.81,0.81,0.81,0.81,0.81,0.81,0.81,0.81,0.81,0.81,0.81,0.81,0.81,0.81,0.81,0.81,0.81,0.81,0.81,0.81,0.81,0.81,0.81,0.81,0.80,0.81,0.77,0.77,0.77,0.77,0.77,0.74,0.74,0.74,0.74
{'1146'} TvServer(MB): min(0.74) max(0.81) average(0.8)
{'3963'} wpa_supplicant(MB): 0.46,0.46,0.46,0.46,0.46,0.47,0.47,0.47,0.47,0.47,0.47,0.47,0.47,0.47,0.47,0.47,0.46,0.47,0.47,0.47,0.46,0.47,0.47,0.47,0.47,0.47,0.47,0.47,0.47,0.47,0.47,0.46,0.46,0.46,0.47,0.46,0.46,0.46,0.46,0.46,0.46,0.46,0.46
{'3963'} wpa_supplicant(MB): min(0.46) max(0.47) average(0.47)
{'3499'} mediaserver(MB): 0.40,0.40,0.40,0.40,0.40,0.41,0.41,0.41,0.41,0.41,0.41,0.41,0.41,0.41,0.41,0.41,0.40,0.41,0.41,0.41,0.40,0.41,0.41,0.41,0.41,0.40,0.40,0.40,0.40,0.40,0.40,0.40,0.40,0.40,0.40,0.40,0.40,0.40,0.40,0.38,0.38,0.38,0.38
{'3499'} mediaserver(MB): min(0.38) max(0.41) average(0.4)
{'14292', '14532', '15017', '15707', '14666', '14792', '15410', '14896', '15826', '15091', '15196', '14185', '16282', '14063', '15932', '15291', '16384', '15506', '16147', '15598', '14420', '16053'} dumpsys(MB): 0.27,0.00,0.29,0.00,0.29,0.00,0.29,0.00,0.29,0.00,0.29,0.00,0.29,0.00,0.29,0.00,0.29,0.00,0.29,0.00,0.29,0.00,0.29,0.00,0.22,0.00,0.29,0.00,0.22,0.00,0.29,0.00,0.28,0.00,0.29,0.00,0.29,0.00,0.29,0.00,0.29,0.00,0.29
{'14292', '14532', '15017', '15707', '14666', '14792', '15410', '14896', '15826', '15091', '15196', '14185', '16282', '14063', '15932', '15291', '16384', '15506', '16147', '15598', '14420', '16053'} dumpsys(MB): min(0.0) max(0.29) average(0.14)
{'1'} /init(MB): 0.24,0.24,0.24,0.24,0.24,0.24,0.24,0.24,0.24,0.24,0.24,0.24,0.24,0.24,0.24,0.24,0.24,0.24,0.24,0.24,0.24,0.24,0.24,0.24,0.24,0.24,0.24,0.24,0.24,0.24,0.24,0.24,0.23,0.23,0.23,0.23,0.23,0.23,0.23,0.23,0.23,0.23,0.23
{'1'} /init(MB): min(0.23) max(0.24) average(0.24)
{'3498'} netd(MB): 0.23,0.23,0.23,0.23,0.23,0.23,0.23,0.23,0.23,0.23,0.23,0.23,0.23,0.23,0.23,0.23,0.23,0.23,0.23,0.23,0.23,0.23,0.23,0.27,0.28,0.28,0.28,0.28,0.28,0.28,0.28,0.28,0.28,0.28,0.28,0.28,0.28,0.28,0.28,0.28,0.28,0.28,0.28
{'3498'} netd(MB): min(0.23) max(0.28) average(0.25)
{'748'} keystore(MB): 0.23,0.23,0.23,0.23,0.23,0.23,0.23,0.23,0.23,0.23,0.23,0.23,0.23,0.23,0.23,0.23,0.23,0.23,0.23,0.23,0.23,0.23,0.23,0.23,0.23,0.23,0.23,0.23,0.23,0.23,0.23,0.23,0.23,0.23,0.23,0.23,0.23,0.23,0.23,0.22,0.22,0.22,0.22
{'748'} keystore(MB): min(0.22) max(0.23) average(0.23)
{'1403'} adbd(MB): 0.21,0.21,0.21,0.21,0.21,0.21,0.21,0.21,0.21,0.21,0.21,0.21,0.21,0.21,0.21,0.21,0.21,0.21,0.21,0.21,0.21,0.21,0.21,0.21,0.21,0.21,0.21,0.21,0.21,0.21,0.21,0.21,0.21,0.21,0.21,0.21,0.21,0.21,0.21,0.21,0.21,0.21,0.21
{'1403'} adbd(MB): min(0.21) max(0.21) average(0.21)
{'4133', '733'} sh(MB): 0.17,0.08,0.17,0.08,0.17,0.08,0.17,0.08,0.17,0.08,0.17,0.08,0.17,0.08,0.17,0.08,0.17,0.08,0.17,0.08,0.17,0.08,0.17,0.08,0.17,0.08,0.17,0.08,0.17,0.08,0.17,0.08,0.17,0.05,0.17,0.06,0.17,0.08,0.15,0.08,0.17,0.05,0.17,0.08,0.17,0.08,0.17,0.08,0.17,0.08,0.17,0.08,0.17,0.08,0.17,0.08,0.17,0.08,0.17,0.08,0.17,0.08,0.17,0.08,0.17,0.08,0.17,0.08,0.17,0.08,0.17,0.08,0.17,0.08,0.17,0.08,0.17,0.08,0.16,0.07,0.16,0.07,0.16,0.07,0.16,0.07
{'4133', '733'} sh(MB): min(0.05) max(0.17) average(0.12)
{'754'} sdcard(MB): 0.15,0.15,0.15,0.15,0.15,0.15,0.15,0.15,0.15,0.15,0.15,0.15,0.15,0.15,0.15,0.15,0.15,0.15,0.15,0.15,0.15,0.15,0.15,0.15,0.15,0.15,0.15,0.15,0.15,0.15,0.15,0.15,0.14,0.13,0.13,0.13,0.13,0.13,0.13,0.13,0.13,0.13,0.13
{'754'} sdcard(MB): min(0.13) max(0.15) average(0.15)
{'742'} debuggerd(MB): 0.13,0.13,0.13,0.13,0.13,0.13,0.13,0.13,0.13,0.13,0.13,0.13,0.13,0.13,0.13,0.13,0.13,0.13,0.13,0.13,0.13,0.13,0.13,0.13,0.13,0.13,0.13,0.13,0.13,0.13,0.13,0.13,0.13,0.13,0.13,0.13,0.13,0.13,0.13,0.13,0.13,0.13,0.13
{'742'} debuggerd(MB): min(0.13) max(0.13) average(0.13)
{'735'} vold(MB): 0.13,0.13,0.13,0.13,0.13,0.13,0.13,0.13,0.13,0.13,0.13,0.13,0.13,0.13,0.13,0.13,0.13,0.13,0.13,0.13,0.13,0.13,0.13,0.13,0.13,0.13,0.13,0.13,0.13,0.13,0.13,0.13,0.13,0.13,0.13,0.13,0.13,0.13,0.13,0.12,0.12,0.12,0.12
{'735'} vold(MB): min(0.12) max(0.13) average(0.13)
{'732'} healthd(MB): 0.12,0.12,0.12,0.12,0.12,0.12,0.12,0.12,0.12,0.12,0.12,0.12,0.12,0.12,0.12,0.12,0.12,0.12,0.12,0.12,0.12,0.12,0.12,0.12,0.12,0.12,0.12,0.12,0.12,0.12,0.12,0.12,0.12,0.12,0.12,0.12,0.12,0.12,0.12,0.12,0.12,0.12,0.12
{'732'} healthd(MB): min(0.12) max(0.12) average(0.12)
{'752'} coocaa_guard(MB): 0.08,0.08,0.08,0.08,0.08,0.08,0.08,0.08,0.08,0.08,0.08,0.08,0.08,0.08,0.08,0.08,0.08,0.08,0.08,0.08,0.08,0.08,0.08,0.08,0.08,0.08,0.08,0.08,0.08,0.08,0.08,0.08,0.08,0.08,0.08,0.08,0.08,0.08,0.08,0.08,0.08,0.08,0.08
{'752'} coocaa_guard(MB): min(0.08) max(0.08) average(0.08)
{'512'} ueventd(MB): 0.07,0.07,0.07,0.07,0.07,0.07,0.07,0.07,0.07,0.07,0.07,0.07,0.07,0.07,0.07,0.07,0.07,0.07,0.07,0.07,0.07,0.07,0.07,0.07,0.07,0.07,0.07,0.07,0.07,0.07,0.07,0.07,0.07,0.07,0.07,0.07,0.07,0.07,0.07,0.07,0.07,0.07,0.07
{'512'} ueventd(MB): min(0.07) max(0.07) average(0.07)
{'747'} installd(MB): 0.07,0.07,0.07,0.07,0.07,0.07,0.07,0.07,0.07,0.07,0.07,0.07,0.07,0.07,0.07,0.07,0.07,0.07,0.07,0.07,0.07,0.07,0.07,0.07,0.07,0.07,0.07,0.07,0.07,0.07,0.07,0.07,0.07,0.07,0.07,0.07,0.07,0.07,0.07,0.07,0.07,0.07,0.07
{'747'} installd(MB): min(0.07) max(0.07) average(0.07)
{'14544', '1581', '15604', '15209', '15023', '15421'} busybox(MB): 0.07,0.07,0.07,0.07,0.07,0.07,0.07,0.07,0.07,0.00,0.07,0.00,0.07,0.07,0.07,0.07,0.07,0.07,0.07,0.00,0.07,0.00,0.07,0.07,0.07,0.00,0.07,0.00,0.07,0.07,0.07,0.00,0.07,0.00,0.07,0.07,0.07,0.00,0.07,0.00,0.07,0.07,0.07,0.07,0.07,0.07,0.07,0.07,0.07,0.07,0.07,0.07,0.07
{'14544', '1581', '15604', '15209', '15023', '15421'} busybox(MB): min(0.0) max(0.07) average(0.06)
{'734'} servicemanager(MB): 0.06,0.06,0.06,0.06,0.06,0.06,0.06,0.06,0.06,0.06,0.06,0.06,0.06,0.06,0.06,0.06,0.06,0.06,0.06,0.06,0.06,0.06,0.06,0.06,0.06,0.06,0.06,0.06,0.06,0.06,0.06,0.06,0.06,0.06,0.06,0.06,0.06,0.06,0.06,0.06,0.06,0.06,0.06
{'734'} servicemanager(MB): min(0.06) max(0.06) average(0.06)
{'1249'} VirtualEvent(MB): 0.06,0.06,0.06,0.06,0.06,0.06,0.06,0.06,0.06,0.06,0.06,0.06,0.06,0.06,0.06,0.06,0.06,0.06,0.06,0.06,0.06,0.06,0.06,0.06,0.05,0.05,0.05,0.05,0.05,0.05,0.05,0.03,0.03,0.03,0.03,0.03,0.03,0.03,0.03,0.03,0.03,0.03,0.03
{'1249'} VirtualEvent(MB): min(0.03) max(0.06) average(0.05)
{'1114'} RootApp(MB): 0.05,0.05,0.05,0.05,0.05,0.05,0.05,0.05,0.05,0.05,0.05,0.05,0.05,0.05,0.05,0.05,0.05,0.05,0.05,0.05,0.05,0.05,0.05,0.05,0.05,0.05,0.05,0.05,0.05,0.05,0.05,0.05,0.05,0.05,0.05,0.05,0.05,0.05,0.05,0.05,0.05,0.05,0.05
{'1114'} RootApp(MB): min(0.05) max(0.05) average(0.05)
{'1110'} logwrapper(MB): 0.04,0.04,0.04,0.04,0.04,0.04,0.04,0.04,0.04,0.04,0.04,0.04,0.04,0.04,0.04,0.04,0.04,0.04,0.04,0.04,0.04,0.04,0.04,0.04,0.04,0.04,0.04,0.04,0.04,0.04,0.04,0.04,0.04,0.04,0.04,0.04,0.04,0.04,0.04,0.04,0.04,0.04,0.04
{'1110'} logwrapper(MB): min(0.04) max(0.04) average(0.04)
{'745'} drmserver(MB): 0.04,0.04,0.04,0.04,0.04,0.04,0.04,0.04,0.04,0.04,0.04,0.04,0.04,0.04,0.04,0.04,0.04,0.04,0.04,0.04,0.04,0.04,0.04,0.04,0.04,0.04,0.04,0.04,0.04,0.04,0.04,0.04,0.04,0.04,0.04,0.04,0.04,0.04,0.04,0.03,0.03,0.03,0.03
{'745'} drmserver(MB): min(0.03) max(0.04) average(0.04)
{'3985'} dhcpcd(MB): 0.04,0.04,0.04,0.04,0.04,0.04,0.04,0.04,0.04,0.04,0.04,0.04,0.04,0.04,0.04,0.04,0.04,0.04,0.04,0.04,0.04,0.04,0.04,0.04,0.04,0.04,0.04,0.04,0.04,0.04,0.04,0.04,0.04,0.04,0.04,0.04,0.04,0.04,0.04,0.04,0.04,0.04,0.04
{'3985'} dhcpcd(MB): min(0.04) max(0.04) average(0.04)
{'739'} keypad(MB): 0.04,0.04,0.04,0.04,0.04,0.04,0.04,0.04,0.04,0.04,0.04,0.04,0.04,0.04,0.04,0.04,0.04,0.04,0.04,0.04,0.04,0.04,0.04,0.04,0.04,0.04,0.04,0.04,0.04,0.04,0.04,0.04,0.04,0.04,0.04,0.04,0.04,0.04,0.04,0.03,0.03,0.03,0.03
{'739'} keypad(MB): min(0.03) max(0.04) average(0.04)
{'749'} FileDesc_server(MB): 0.03,0.03,0.03,0.03,0.03,0.03,0.03,0.03,0.03,0.03,0.03,0.03,0.03,0.03,0.03,0.03,0.03,0.03,0.03,0.03,0.03,0.03,0.03,0.03,0.03,0.03,0.03,0.03,0.03,0.03,0.03,0.03,0.03,0.03,0.03,0.03,0.03,0.03,0.03,0.03,0.03,0.03,0.03
{'749'} FileDesc_server(MB): min(0.03) max(0.03) average(0.03)
{'736'} hardwared(MB): 0.03,0.03,0.03,0.03,0.03,0.03,0.03,0.03,0.03,0.03,0.03,0.03,0.03,0.03,0.03,0.03,0.03,0.03,0.03,0.03,0.03,0.03,0.03,0.03,0.03,0.03,0.03,0.03,0.03,0.03,0.03,0.03,0.03,0.03,0.03,0.03,0.03,0.03,0.03,0.03,0.03,0.03,0.03
{'736'} hardwared(MB): min(0.03) max(0.03) average(0.03)
{'1252'} smobsd(MB): 0.01,0.01,0.01,0.01,0.01,0.01,0.01,0.01,0.01,0.01,0.01,0.01,0.01,0.01,0.01,0.01,0.01,0.01,0.01,0.01,0.01,0.01,0.01,0.01,0.01,0.01,0.01,0.01,0.01,0.01,0.01,0.01,0.01,0.01,0.01,0.01,0.01,0.01,0.01,0.01,0.01,0.01,0.01
{'1252'} smobsd(MB): min(0.01) max(0.01) average(0.01)
