usr: 42,52,51,14,49,38,60,45,59,61,67,52,40,49,51,56,40,48,65,45,51,56,45,52,64,73,20,61,50,51,43,56,17,42,29,38,14,31,27,55,41,58,13,44,44,59,56,27,27,57,51,42,9,32,49,49,47,40,21,35,41,61,28,55,28,8,51,36,50,37,41,45,16,53,50,43,43
usr: min(8.0) max(73.0) average(43.45)
sys: 26,31,28,18,32,25,25,35,28,29,24,22,27,37,14,36,31,42,27,29,28,19,17,27,18,18,24,17,25,30,25,32,26,24,35,12,16,13,18,23,17,29,18,32,36,17,25,17,11,19,45,14,18,36,43,41,39,28,31,37,38,34,21,32,30,14,31,46,32,25,33,43,24,23,29,28,25
sys: min(11.0) max(46.0) average(26.94)
nic: 0,0,0,0,0,0,0,0,0,0,0,0,0,0,0,0,0,0,0,0,0,0,0,0,0,0,0,0,0,0,0,0,0,0,0,0,0,0,0,0,0,0,0,0,0,0,0,0,0,0,0,0,0,0,0,0,0,0,0,0,0,0,0,0,0,0,0,0,0,0,0,0,0,0,0,0,0
nic: min(0.0) max(0.0) average(0.0)
idle: 20,8,16,65,16,34,12,12,8,7,5,20,25,11,26,4,22,6,3,19,18,23,32,17,16,6,52,21,23,14,25,4,56,24,31,42,65,52,52,16,39,0,64,16,18,21,3,52,55,15,0,40,70,25,3,1,7,26,25,17,7,0,45,3,36,77,7,8,14,35,19,7,57,17,6,18,29
idle: min(0.0) max(77.0) average(23.51)
io: 0,0,0,0,0,0,0,0,0,0,0,0,0,0,0,0,0,0,0,0,0,0,0,0,0,0,0,0,0,0,0,0,0,0,0,0,0,0,0,0,0,0,0,0,0,0,0,0,0,0,0,0,0,0,0,0,1,0,17,0,0,0,0,0,0,0,0,8,0,0,0,0,0,0,0,1,0
io: min(0.0) max(17.0) average(0.35)
irq: 0,0,0,0,0,0,0,0,0,0,0,0,0,0,0,0,0,0,0,0,0,0,0,0,0,0,0,0,0,0,0,0,0,0,0,0,0,0,0,0,0,0,0,0,0,0,0,0,0,0,0,0,0,0,0,0,0,0,0,0,0,0,0,0,0,0,0,0,0,0,0,0,0,0,0,0,0
irq: min(0.0) max(0.0) average(0.0)
sirq: 11,7,3,2,1,2,1,6,4,1,1,6,5,1,8,4,5,4,3,5,2,0,4,1,0,2,4,0,1,4,6,5,0,8,3,6,4,1,1,4,1,11,3,7,2,2,14,1,4,7,3,2,1,5,3,7,3,6,4,9,12,3,4,8,3,0,9,0,4,1,5,3,1,6,14,8,2
sirq: min(0.0) max(14.0) average(4.08)
{'5079'} com.ccos.tv.homepage: 27,34,32,12,27,30,33,29,45,46,60,38,34,35,47,33,28,50,62,41,37,49,23,49,37,65,0,45,42,35,38,29,0,33,14,35,2,25,20,37,37,53,11,35,40,44,56,22,9,60,42,41,0,19,61,40,47,22,21,27,50,27,31,46,25,0,44,43,42,35,23,51,0,60,46,48,21
{'5079'} com.ccos.tv.homepage: min(0.0) max(65.0) average(34.25)
{'3891'} system_server: 24,0,16,0,22,0,26,10,20,16,8,26,5,20,0,23,0,0,15,2,22,0,21,0,26,0,14,24,4,22,2,25,18,2,29,0,22,0,0,22,0,23,2,21,8,12,16,0,24,2,23,0,0,27,0,21,0,24,0,23,4,27,0,21,2,10,21,0,20,0,21,2,22,2,21,0,19
{'3891'} system_server: min(0.0) max(29.0) average(11.74)
{'1403'} /sbin/adbd: 7,7,4,7,9,5,6,6,5,6,4,5,8,6,12,9,8,6,6,4,4,6,4,4,2,2,2,6,6,13,10,2,3,6,2,4,2,2,2,2,2,4,3,2,6,6,6,2,4,2,4,7,2,5,6,2,5,2,2,2,4,4,4,4,3,4
{'1403'} /sbin/adbd: min(2.0) max(13.0) average(4.71)
{'6982'} long-vlogcat: 7,6,2,5,6,5,6,4,5,6,2,7,8,6,14,7,10,6,4,4,6,8,2,8,6,8,6,8,2,4,4,2,2,4,2,4,2,3,2,4,2,4,2,3,4,5,4,5,12,5,2,4,7,2,6,6,3,2
{'6982'} long-vlogcat: min(2.0) max(14.0) average(4.91)
{'5202'} com.tianci.de: 2,4,9,4,5,6,2,6,4,5,4,0,7,2,4,4,13,6,5,8,6,4,4,2,6,4,2,4,2,4,4,6,2,8,6,6,2,2,2,4,4,2,2,4,2,4,7,2,4,4,3,2,4,2,6,4,6,4,4,6,4,7,6,3,2,0,5,2,4,2,5,4,2,4,2,3,4
{'5202'} com.tianci.de: min(0.0) max(13.0) average(4.09)
{'1146'} 2706800640TvServer: 2,2,2,2,2,2,2,0,4,2,2,0,4,0,2,2,0,0,2,2,2,3,0,2,0,2,2,0,2,2,0,0,0,2,2,0,0,2,2,3,2,0,2,2,2,2,0,2,2,0,2,2,2,2,0,2,2,2
{'1146'} 2706800640TvServer: min(0.0) max(4.0) average(1.52)
{'743'} /system/bin/surfaceflinger: 2,7,2,2,2,2,2,6,4,2,2,6,2,2,2,0,0,10,4,2,6,0,2,8,7,0,0,0,0,2,0,2,0,0,4,0,2,0,3,4,2,4,0,3,2,2,2,0,2,2
{'743'} /system/bin/surfaceflinger: min(0.0) max(10.0) average(2.4)
{'15768', '14066', '14346', '14808', '15453', '15421', '15803', '14488', '16225', '15474', '15265', '14849', '16324', '15115', '14581', '15177', '16046', '14732', '14544', '15357', '16406', '16259', '15954', '15580', '14457', '15709', '16351', '15004', '14425', '15925', '15642', '15297', '15397', '15836', '14253', '15604', '15023', '16381', '14097', '14230', '14375', '14131', '14894', '15328', '14960', '15508', '15740', '14308', '16290', '15070', '15209', '14670', '15892', '16194', '14774', '15989', '14704', '15556', '14869', '15051', '14917', '14285', '15672', '16119', '15868', '16020', '15094', '15142', '16066', '16153', '14623', '16097', '14194', '14516', '15532'} 1-ntopbusybox: 2,6,4,4,2,2,4,4,2,2,4,5,2,4,4,4,2,4,2,2,4,2,4,2,2,2,2,2,2,4,3,2,4,4,4,2,3,2,2,2,2,5,2,2,2,2,2,2,3,4,2,2,4,4,2,4,2,8,5,3,4,3,4,2,3,4,4,4,4,4,2,2,4,3,4
{'15768', '14066', '14346', '14808', '15453', '15421', '15803', '14488', '16225', '15474', '15265', '14849', '16324', '15115', '14581', '15177', '16046', '14732', '14544', '15357', '16406', '16259', '15954', '15580', '14457', '15709', '16351', '15004', '14425', '15925', '15642', '15297', '15397', '15836', '14253', '15604', '15023', '16381', '14097', '14230', '14375', '14131', '14894', '15328', '14960', '15508', '15740', '14308', '16290', '15070', '15209', '14670', '15892', '16194', '14774', '15989', '14704', '15556', '14869', '15051', '14917', '14285', '15672', '16119', '15868', '16020', '15094', '15142', '16066', '16153', '14623', '16097', '14194', '14516', '15532'} 1-ntopbusybox: min(2.0) max(8.0) average(3.09)
{'30'} [kworker/1:1]: 2,2,2,2,2,2,4,2,2,2,2,2,2
{'30'} [kworker/1:1]: min(2.0) max(4.0) average(2.15)
{'6985'} [kworker/3:0]: 2,2,2,2,2,2,2,2,2,2,2,2,2,2
{'6985'} [kworker/3:0]: min(2.0) max(2.0) average(2.0)
{'4526'} com.tianci.movieplatform: 0,0,0,0,0,0,0,0,0,0,0,0,0,0,0,0,0,0,0,0,0,0,0,0,0,0,0,0,0,0,0,0,0,0,0,0,0,0,0,0,0,0,0,0,0,0,0,0,0,0,2,0,0,0,2,0,0,0,0,0,0,0,0,0,2,0,0,0,0,0,2,0,0,0,0,0,0
{'4526'} com.tianci.movieplatform: min(0.0) max(2.0) average(0.1)
{'4079'} com.tianci.system: 0,0,2,0,0,0,0,10,0,0,0,0,0,0,0,0,0,0,0,0,0,0,0,0,2,0,0,0,2,0,0,0,0,0,0,0,0,0,0,0,0,0,0,0,0,0,0,0,0,2,0,2,0,0,0,0,0,0,0,0,0,3,0,0,0,0,0,0,0,0,0,0,0,0,2,0,0
{'4079'} com.tianci.system: min(0.0) max(10.0) average(0.32)
{'4445'} com.coocaa.os.ccosservice: 0,0,0,0,0,0,0,0,0,0,0,0,0,0,0,0,0,0,0,0,0,0,0,0,0,0,0,0,0,0,0,0,0,0,0,0,0,0,0,0,0,0,0,0,0,4,0,0,0,0,0,0,0,0,0,0,0,0,0,0,0,0,0,0,0,0,0,0,0,0,0,0,0,0,0,0,4
{'4445'} com.coocaa.os.ccosservice: min(0.0) max(4.0) average(0.1)
{'7353'} com.tianci.user: 0,0,0,0,0,0,0,0,0,0,0,0,0,0,0,0,0,0,0,0,0,0,0,0,0,0,0,0,0,0,0,0,0,0,0,0,0,0,0,0,0,0,0,0,0,0,0,0,0,0,0,0,0,0,0,0,0,0,0,0,0,0,0,0,0,0,0,0,0,0,0,0,0,0,0,0,0
{'7353'} com.tianci.user: min(0.0) max(0.0) average(0.0)
{'4206'} com.tianci.push: 0,0,0,0,0,0,0,0,0,0,0,0,0,0,0,0,0,0,0,0,0,0,0,0,0,0,0,0,0,0,2,0,0,0,0,0,0,0,0,0,0,0,0,0,0,0,0,0,0,0,0,0,0,0,0,0,0,0,0,0,0,0,0,0,0,0,0,0,0,0,0,0,0,0,0,0,0
{'4206'} com.tianci.push: min(0.0) max(2.0) average(0.03)
{'7397'} com.coocaa.sysreport: 0,0,0,0,0,0,0,0,0,0,0,0,0,0,0,0,0,0,0,0,0,0,0,0,0,0,0,0,0,0,0,0,0,0,0,0,0,0,0,0,0,0,0,0,0,0,0,0,0,0,0,0,0,0,0,0,0,0,0,0,0,0,0,0,0,0,0,0,0,0,0,0,0,0,0,0,0
{'7397'} com.coocaa.sysreport: min(0.0) max(0.0) average(0.0)
{'5516'} com.tianci.ad: 0,0,0,0,0,0,0,0,0,0
{'5516'} com.tianci.ad: min(0.0) max(0.0) average(0.0)
{'4646'} com.coocaa.os.softsettings.provide: 0,0,0,0,0,0,0,0,0,0,0,0,0,0,0,0,0,0,0,0,0,0,0,0,0,0,0,0,0,0,0,0,0,0,0,0,0,0,0,0,0,0,0,0,0,0,0,0,0,0,0,0,0,0,0,0,0,0,0,0,0,0,0,0,0,0,0,0,0,0,0,0,0,0,0,0,0
{'4646'} com.coocaa.os.softsettings.provide: min(0.0) max(0.0) average(0.0)
{'5493'} android.process.media: 0,0,0,0,0,0,0,0,0,0,0,0,0,0,0,0,0,0,0,0,0,0,0,0,0,0,0,0,0,0,0,0,0,0,0,0,0,0,0,0,0,0,0,0,0,0,0,0,0,0,0,0,0,0,0,0,0,0,0,0,0,0,0,0,0,0,0,0,0,0,0,0,0,0,0,0,0
{'5493'} android.process.media: min(0.0) max(0.0) average(0.0)
{'4061'} com.dunn.instrument: 0,0,0,0,0,0,0,0,0,0,0,0,0,0,0,0,0,0,0,0,0,0,0,0,0,0,0,0,0,0,0,0,0,0,0,0,0,0,0,0,0,0,0,0,0,0,0,0,0,0,0,0,0,0,0,0,0,0,0,0,0,0,0,0,0,0,0,0,0,0,0,0,0,0,0
{'4061'} com.dunn.instrument: min(0.0) max(0.0) average(0.0)
{'33'} [kworker/0:1]: 1,4,2,2,4,2,6,4,2,2,2,1,2,3,2,2,4,2,2,2
{'33'} [kworker/0:1]: min(1.0) max(6.0) average(2.55)
{'4264'} com.dunn.i/system/binapp_process: 0,0,0,0,0,0,0,0,0,0,0,0,0,0,0,0,0,0,0,0,0,0,0,0,0,0,0,0,0,0,0,0,0,0,0,0,0,0,0,0,0,0,0,0,0,0,0,0,0,0,0,0,0,0,0,0,0,0,0,0,0,0,0,0,0,0,0,0,0
{'4264'} com.dunn.i/system/binapp_process: min(0.0) max(0.0) average(0.0)
{'4070'} com.skyworth.android.skyRMService: 0,0,0,0,0,0,0,0,0,0,0,0,0,0,0,0,0,0,0,0,0,0,0,0,0,0,0,0,0,0,0,0,0,0,0,0,0,0,0,0,0,0,0,0,0,0,0,0,0,0,0,0,0,0,0
{'4070'} com.skyworth.android.skyRMService: min(0.0) max(0.0) average(0.0)
{'457'} [mmcqd/0]: 2,2,4,4,4,4,4,7,14,2,13,17,20,23,2,12,12,5,20,2,15,2,4,2,4
{'457'} [mmcqd/0]: min(2.0) max(23.0) average(8.0)
{'1573'} [RTW_CMD_THREAD]: 2,2,2,2,1,2,2,2
{'1573'} [RTW_CMD_THREAD]: min(1.0) max(2.0) average(1.88)
{'739'} /system/bin/keypad: 2,2,2,2
{'739'} /system/bin/keypad: min(2.0) max(2.0) average(2.0)
{'5181'} [kworker/u:1]: 2,2,2,2,2,2
{'5181'} [kworker/u:1]: min(2.0) max(2.0) average(2.0)
{'3497'} /-Xzygote/bin/app_processzygote: 0,0,0,0,0,0,0,0,0,0,0,0,0,0,0,0,0,0,0,0,0,0,0,0,0,0,0,0,0,0,0,0,0,0,0
{'3497'} /-Xzygote/bin/app_processzygote: min(0.0) max(0.0) average(0.0)
{'11398'} [kworker/u:0H]: 2,2,2,2,2
{'11398'} [kworker/u:0H]: min(2.0) max(2.0) average(2.0)
{'31'} [kworker/2:1]: 2,2,2,2,2,2,1,2,2,2,2
{'31'} [kworker/2:1]: min(1.0) max(2.0) average(1.91)
{'10'} [rcu_preempt]: 2,2,2
{'10'} [rcu_preempt]: min(2.0) max(2.0) average(2.0)
{'3963'} -ip2p0/system/bin/wpa_supplicant: 2
{'3963'} -ip2p0/system/bin/wpa_supplicant: min(2.0) max(2.0) average(2.0)
{'7'} [kworker/u:0]: 2,2,2,2,2
{'7'} [kworker/u:0]: min(2.0) max(2.0) average(2.0)
{'3499'} /system/bin/mediaserver: 0,0,0,0,0,0,0,0,0,0
{'3499'} /system/bin/mediaserver: min(0.0) max(0.0) average(0.0)
{'1249'} VirtualEvent: 0,0,0,0,0,0
{'1249'} VirtualEvent: min(0.0) max(0.0) average(0.0)
{'752'} /system/vendor/bin/coocaa_guard: 2
{'752'} /system/vendor/bin/coocaa_guard: min(2.0) max(2.0) average(2.0)
{'13824'} [kworker/u:1H]: 2,2
{'13824'} [kworker/u:1H]: min(2.0) max(2.0) average(2.0)
{'1457'} [kworker/u:3]: 2,2,2,2
{'1457'} [kworker/u:3]: min(2.0) max(2.0) average(2.0)
{'348'} [kswapd0]: 5,2
{'348'} [kswapd0]: min(2.0) max(5.0) average(3.5)
{'21'} [ksoftirqd/3]: 2
{'21'} [ksoftirqd/3]: min(2.0) max(2.0) average(2.0)
{'4'} [ksoftirqd/0]: 2
{'4'} [ksoftirqd/0]: min(2.0) max(2.0) average(2.0)
