usr: 16,38,56,48,54,25,49,36,53,49,34,41,54,49,42,31,52,32,26,36,75,43,54,44,44,44,26,30,29,51,67,42,37,49,54,22,41,25,15,63,37,37,46,37,17,54,7,16,38,6,19,28,10,48,51,31,34,12,48,32,13,49,44,43,41,56,35,57,54,69,33,58,37,47,44,45
usr: min(6.0) max(75.0) average(39.59)
sys: 20,32,36,30,38,37,38,27,38,38,17,41,35,39,34,27,33,31,32,30,23,29,27,24,34,44,23,40,31,40,23,42,16,37,33,38,20,39,38,31,50,22,16,41,19,16,7,20,16,27,21,28,16,26,35,53,22,12,32,30,13,24,36,19,33,34,18,36,26,26,18,28,35,39,22,27
sys: min(7.0) max(53.0) average(29.32)
nic: 0,0,0,1,0,0,0,4,0,0,0,0,0,0,0,0,0,0,0,0,0,0,0,0,0,0,0,0,0,0,0,0,0,0,0,0,0,0,0,0,0,0,0,0,0,0,0,0,0,0,0,0,0,0,0,0,0,0,0,0,0,0,0,0,0,0,0,0,0,0,0,0,0,0,0,0
nic: min(0.0) max(4.0) average(0.07)
idle: 60,22,4,9,0,7,5,17,1,8,44,1,3,1,12,37,8,21,19,26,0,20,14,22,7,6,39,21,3,3,3,3,43,3,5,22,29,21,23,3,3,35,34,13,54,26,84,63,44,25,59,34,74,14,4,8,40,74,12,30,72,9,10,33,15,3,41,3,10,2,41,6,11,4,28,21
idle: min(0.0) max(84.0) average(21.5)
io: 1,6,0,9,0,23,3,12,1,0,3,11,5,9,4,3,3,9,21,8,0,4,2,5,11,4,8,7,35,1,3,9,0,0,5,14,2,9,21,0,5,4,0,5,7,0,0,0,0,40,0,8,0,0,1,5,2,0,2,5,0,9,8,1,5,1,1,0,4,2,5,1,11,4,2,3
io: min(0.0) max(40.0) average(5.42)
irq: 0,0,0,0,0,0,0,0,0,0,0,0,0,0,0,0,0,0,0,0,0,0,0,0,0,0,0,0,0,0,0,0,0,0,0,0,0,0,0,0,0,0,0,0,0,0,0,0,0,0,0,0,0,0,0,0,0,0,0,0,0,0,0,0,0,0,0,0,0,0,0,0,0,0,0,0
irq: min(0.0) max(0.0) average(0.0)
sirq: 0,2,4,0,6,5,3,2,3,3,0,3,0,0,6,0,1,4,0,0,1,2,2,3,1,2,2,0,0,1,1,1,1,9,0,2,6,3,1,1,1,0,4,1,0,4,0,0,2,0,0,0,0,10,7,1,2,0,6,0,0,7,0,1,3,4,1,1,4,0,0,5,3,4,2,1
sirq: min(0.0) max(10.0) average(2.04)
{'1349'} system_server: 17,2,17,2,21,6,21,0,2,22,0,21,0,20,2,2,23,2,23,0,14,4,19,0,4,23,11,25,0,19,0,26,2,11,20,2,27,0,2,10,19,0,26,21,2,24,0,24,12,0,23,4,2,31,6,24,2,20,22,6,24,4,28,16,0,14,0,21,1,20,0,20,0,21,0,26
{'1349'} system_server: min(0.0) max(31.0) average(11.64)
{'2027'} com.tianci.de: 2,2,4,5,5,2,7,2,12,8,2,6,2,4,4,2,5,3,2,6,4,2,2,6,2,4,7,2,4,6,3,3,4,8,4,6,0,6,0,3,8,2,2,2,2,4,2,2,4,0,4,2,0,6,9,7,4,0,0,4,2,4,2,4,4,4,2,4,4,2,2,4,8,2,8,2
{'2027'} com.tianci.de: min(0.0) max(12.0) average(3.72)
{'1437'} /sbin/adbd: 2,2,2,2,2
{'1437'} /sbin/adbd: min(2.0) max(2.0) average(2.0)
{'6309', '5190', '4875', '4904', '5861', '4794', '7043', '5104', '4834', '5245', '6528', '4754', '5364', '5302', '5606', '5817', '6462', '5327', '5897', '6843', '5132', '6233', '6797', '6877', '5659', '6934', '5707', '4962', '6436', '5537', '5767', '5270', '7117', '6560', '6597', '5218', '6346', '4995', '6381', '6705', '5489', '6646', '6278', '6738', '7198', '6496', '6679', '7175', '6013', '5063', '5934', '7015', '6083', '5737', '5168', '7145', '5398', '6153', '5508', '6047', '6906', '5432', '6955', '5028', '5687', '5970', '6988', '5462', '6619', '7073', '4941', '6404', '5565', '5638'} 1-ntopbusybox: 2,4,2,4,4,4,5,2,4,3,4,4,5,6,2,2,5,3,4,4,4,2,2,2,2,4,2,2,2,4,7,3,2,4,4,4,2,4,2,3,4,4,2,4,2,2,2,4,2,2,2,4,6,3,2,2,2,4,2,4,4,2,4,4,2,4,3,2,4,3,4,2,4,2
{'6309', '5190', '4875', '4904', '5861', '4794', '7043', '5104', '4834', '5245', '6528', '4754', '5364', '5302', '5606', '5817', '6462', '5327', '5897', '6843', '5132', '6233', '6797', '6877', '5659', '6934', '5707', '4962', '6436', '5537', '5767', '5270', '7117', '6560', '6597', '5218', '6346', '4995', '6381', '6705', '5489', '6646', '6278', '6738', '7198', '6496', '6679', '7175', '6013', '5063', '5934', '7015', '6083', '5737', '5168', '7145', '5398', '6153', '5508', '6047', '6906', '5432', '6955', '5028', '5687', '5970', '6988', '5462', '6619', '7073', '4941', '6404', '5565', '5638'} 1-ntopbusybox: min(2.0) max(7.0) average(3.2)
{'1603'} com.tianci.movieplatform: 0,42,35,46,40,10,33,43,44,34,4,34,51,28,49,27,32,15,12,32,62,46,42,43,35,33,11,17,22,24,42,26,28,40,35,18,31,23,12,48,23,33,30,21,10,38,0,0,24,2,0,23,0,32,40,14,26,0,38,25,0,53,17,21,39,48,34,46,40,43,34,49,40,39,34,26
{'1603'} com.tianci.movieplatform: min(0.0) max(62.0) average(28.83)
{'1588'} com.tianci.system: 0,0,0,0,1,16,0,0,0,0,0,0,0,1,2,0,0,0,0,0,2,0,2,0,0,0,0,0,0,2,0,0,0,2,0,0,0,0,0,0,0,0,0,0,0,0,0,0,0,0,0,2,0,0,9,0,0,0,0,0,0,0,2,0,0,0,0,2,0,0,0,0,2,4,0,2
{'1588'} com.tianci.system: min(0.0) max(16.0) average(0.67)
{'3370'} com.tianci.user: 0,0,0,0,0,0,0,0,0,0,0,0,0,0,0,0,0,0,0,0,0,0,0,0,0,0,0,0,0,0,0,0,0,0,0,0,0,0,0,0,0,0,0,0,0,0,0,0,0,0,0,0,0,0,0,0,0,0,0,0,0,0,0,0,0,0,0,0,0,0,0,0,0,0,0,0
{'3370'} com.tianci.user: min(0.0) max(0.0) average(0.0)
{'1741'} com.coocaa.os.ccosservice: 0,0,0,0,0,0,0,0,0,0,0,0,0,0,0,0,0,0,0,0,0,0,0,0,0,0,0,0,0,0,0,0,0,2,0,0,0,0,0,0,0,0,0,0,0,0,0,0,0,0,0,0,0,0,0,0,0,0,0,0,0,0,0,0,0,7,0,0,0,0,0,0,0,0,0,0
{'1741'} com.coocaa.os.ccosservice: min(0.0) max(7.0) average(0.12)
{'1917'} com.coocaa.os.softsettings.provide: 0,0,0,0,0,0,0,0,0,0,0,0,0,0,0,0,0,0,0,0,0,0,0,0,0,0,0,0,0,0,0,0,0,0,0,0,0,0,0,2,0,0,0,0,0,0,0,0,0,0,0,0,0,0,0,0,0,0,0,0,0,0,0,0,0,0,0,0,0,0,0,0,0,0,0,0
{'1917'} com.coocaa.os.softsettings.provide: min(0.0) max(2.0) average(0.03)
{'2262'} com.tianci.ad: 0,0,0,0,0,0,0,0,0,0,0,0,0,0,0,0,0,0,0,0,0,0,0,0,0,0,0,0,0,0,0,0,0,0,0,0,0,0,0,0,0,0,0,0,0,0,0,0,0,0,0,0,0,0,0,0,0,0,0,0,0,0,0,0,0,0,0,0,0,0,0,0,0,0,0,0
{'2262'} com.tianci.ad: min(0.0) max(0.0) average(0.0)
{'1756'} com.tianci.push: 0,0,0,0,0,0,0,0,0,0,0,0,0,0,0,0,0,0,0,0,0,0,0,0,0,0,2,0,0,0,0,0,0,0,0,0,0,0,0,0,0,0,0,0,0,0,0,0,0,0,0,0,0,0,0,0,0,0,0,0,0,0,0,0,0,0,0,0,0,0,0,0,0,0,2,0
{'1756'} com.tianci.push: min(0.0) max(2.0) average(0.05)
{'1929'} com.coocaa.sysreport: 0,0,8,4,6,0,7,2,2,7,29,0,0,0,6,2,4,16,0,0,0,4,6,4,8,0,4,6,6,15,25,5,0,9,0,0,0,2,4,3,4,6,0,0,4,0,0,0,0,0,0,6,0,0,6,2,4,0,4,4,0,0,11,0,6,3,2,5,16,20,2,3,2,8,4,2
{'1929'} com.coocaa.sysreport: min(0.0) max(29.0) average(4.18)
{'2834'} com.tianci.ad:adUpgrade: 0,0,0,0,0,0,0,0,0,0,0,0,0,0,0,0,0,0,0,0,0,0,0,0,0,0,0,0,0,0,0,0,0,0,0,0,0,0,0,0,0,0,0,0,0,0,0,0,0,0,0,0,0,0,0,0,0,0,0,0,0,0,0,0,0,0,0,0,0,0,0,0,0,0,0,0
{'2834'} com.tianci.ad:adUpgrade: min(0.0) max(0.0) average(0.0)
{'1623'} android.process.media: 0,0,0,0,0,0,0,0,0,0,0,0,0,0,0,0,0,0,0,0,0,0,0,0,0,0,0,0,0,0,0,0,0,0,0,0,0,0,0,0,0,0,0,0,0,0,0,0,0,0,0,0,0,0,0,0,0,0,0,0,0,0,0,0,0,0,0,0,0,0,0,0,0,0,0,0
{'1623'} android.process.media: min(0.0) max(0.0) average(0.0)
{'1578'} com.skyworth.android.skyRMService: 0,0,0,0,0,0,0,0,0,0,0,0,0,0,0,0,0,0,0,0,0,0,0,0,0,0,0,0,0,0,0,0,0,0,0,0,0,0,0,0,0,0,0,0,0,0,0,0,0,0,0,0,0,0,0,0,0,0,0,0,0,0,0,0,0,0,0,0,0,0,0,0,0
{'1578'} com.skyworth.android.skyRMService: min(0.0) max(0.0) average(0.0)
{'743'} /-Xzygote/bin/app_processzygote: 0,0,0,0,0,0,0,0,0,0,0,0,0,0,0,0,0,0,0,0,0,0,0,0,0,0,0,0,0,0,0,0,0,0,0,0,0,0,0,0,0,0,0,0,0,0,0,0,0,0,0,0,0,0,0,0,0,0,0,0,0,0,0,0,0,0,0
{'743'} /-Xzygote/bin/app_processzygote: min(0.0) max(0.0) average(0.0)
{'1057'} 2706104320TvServer: 0,0,2,2,0,2,0,2,0,0,2,4,0,2,0,0,0,2,2,2,0,0,2,2,0,0,0,2,2,0,2,4,2,0,2,2,2,2,2,4,2,0,0,2,2,0,0,0,0,0,2,0,1,0,0,0,0,0,2,0,0,0,2,0,0,2,1,0,0,1,4,2,2,2
{'1057'} 2706104320TvServer: min(0.0) max(4.0) average(1.07)
{'742'} /system/bin/surfaceflinger: 0,0,6,11,0,10,0,8,3,0,2,7,0,4,0,7,0,0,2,4,2,0,4,2,0,0,0,8,0,2,8,6,0,4,2,4,0,10,8,2,0,0,0,0,0,2,0,0,0,0,4,11,7,2,0,2,8,0,2,6,0,1,0,4,0,0,0,1,2,2,6,2
{'742'} /system/bin/surfaceflinger: min(0.0) max(11.0) average(2.61)
{'747'} /system/bin/mediaserver: 0,0,0,0,0,0,0,0,0,0,0,0,0,0,0,0,0,0,0,0,0,0,0,0,0,0,0,0,0,0,0,0,0,0,0,0,0,0,0,0,0,0,0,0,0,0,0,0,0,0,0,0,0,0,0,0
{'747'} /system/bin/mediaserver: min(0.0) max(0.0) average(0.0)
{'1272'} VirtualEvent: 0,0,0,0,0,0,0,0,0,0,0,0,0,0,0,0,0,0,0,0,0,0,0,0,0,0,0,0,0,0,0,0,0
{'1272'} VirtualEvent: min(0.0) max(0.0) average(0.0)
{'457'} [mmcqd/0]: 16,19,12,4,22,5,19,15,5,4,17,21,17,9,10,5,10,12,16,7,8,4,7,21,21,11,10,20,13,10,19,6,22,24,4,23,17,3,17,8,23,12,26,11,4,22,4,8,6,15,11,2,12,7,2,4,13,4,6,6,15,10,6,9
{'457'} [mmcqd/0]: min(2.0) max(26.0) average(11.73)
{'10'} [rcu_preempt]: 2,1,2,2,2,2
{'10'} [rcu_preempt]: min(1.0) max(2.0) average(1.83)
{'739'} /system/bin/keypad: 2,2,2,2,1,1,1
{'739'} /system/bin/keypad: min(1.0) max(2.0) average(1.57)
{'699'} [jbd2/mmcblk0p2-]: 2,2,2,1,2,2,2,2,2,2,2,2,2,2,1,2,1,2
{'699'} [jbd2/mmcblk0p2-]: min(1.0) max(2.0) average(1.83)
{'27'} [kworker/u:1]: 2,1,2,2,2,2
{'27'} [kworker/u:1]: min(1.0) max(2.0) average(1.83)
{'7'} [kworker/u:0]: 2,2,2,2,1,2,2,1,2
{'7'} [kworker/u:0]: min(1.0) max(2.0) average(1.78)
{'320'} [kworker/u:1H]: 2,2
{'320'} [kworker/u:1H]: min(2.0) max(2.0) average(2.0)
{'13'} [ksoftirqd/1]: 2,2,2
{'13'} [ksoftirqd/1]: min(2.0) max(2.0) average(2.0)
{'1505'} -ip2p0/system/bin/wpa_supplicant: 1
{'1505'} -ip2p0/system/bin/wpa_supplicant: min(1.0) max(1.0) average(1.0)
{'1613'} [RTW_CMD_THREAD]: 1,2,2,2,2,2,1
{'1613'} [RTW_CMD_THREAD]: min(1.0) max(2.0) average(1.71)
{'1423'} [kworker/u:2H]: 2,2,2
{'1423'} [kworker/u:2H]: min(2.0) max(2.0) average(2.0)
{'30'} [kworker/1:1]: 1,2
{'30'} [kworker/1:1]: min(1.0) max(2.0) average(1.5)
{'4'} [ksoftirqd/0]: 2,2,1
{'4'} [ksoftirqd/0]: min(1.0) max(2.0) average(1.67)
{'33'} [kworker/0:1]: 2,2
{'33'} [kworker/0:1]: min(2.0) max(2.0) average(2.0)
{'17'} [ksoftirqd/2]: 2,2,2
{'17'} [ksoftirqd/2]: min(2.0) max(2.0) average(2.0)
{'1377'} [kworker/u:3]: 2,2,2,1,2
{'1377'} [kworker/u:3]: min(1.0) max(2.0) average(1.8)
{'21'} [ksoftirqd/3]: 2,2,1,2
{'21'} [ksoftirqd/3]: min(1.0) max(2.0) average(1.75)
{'746'} /system/bin/drmserver: 0,0,0,0,0,0,0
{'746'} /system/bin/drmserver: min(0.0) max(0.0) average(0.0)
{'740'} /system/bin/netd: 0
{'740'} /system/bin/netd: min(0.0) max(0.0) average(0.0)
{'750'} [flush-179:0]: 1
{'750'} [flush-179:0]: min(1.0) max(1.0) average(1.0)
