total_ram(MB): 452.27,452.27,452.27,452.27,452.27,452.27,452.27,452.27,452.27,452.27,452.27,452.27,452.27,452.27,452.27,452.27,452.27,452.27,452.27,452.27,452.27,452.27,452.27,452.27,452.27,452.27,452.27,452.27,452.27,452.27,452.27,452.27,452.27,452.27,452.27,452.27,452.27,452.27,452.27,452.27,452.27,452.27,452.27
total_ram(MB): min(452.27) max(452.27) average(452.27)
free_ram(MB): 190.22,176.22,163.77,170.78,167.29,155.28,150.91,154.61,154.95,149.66,149.43,144.90,143.75,143.71,142.99,142.60,141.73,139.91,142.61,141.42,140.89,139.67,135.87,136.32,134.69,132.59,135.17,135.01,134.59,131.45,124.61,124.65,124.28,124.35,118.43,113.33,118.48,117.84,117.20,114.29,114.49,113.62,113.61
free_ram(MB): min(113.33) max(190.22) average(138.66)
used_ram(MB): 259.25,272.68,291.62,279.89,281.55,295.27,295.95,296.77,295.11,299.76,299.65,315.70,304.30,305.02,305.44,305.96,306.83,307.30,311.31,306.67,307.37,301.18,299.13,302.82,300.01,302.28,299.62,300.13,300.22,303.41,304.62,307.71,308.52,308.69,309.90,307.03,307.72,312.50,308.41,308.23,310.21,310.73,311.31
used_ram(MB): min(259.25) max(315.7) average(301.58)
lost_ram(MB): 2.79,3.37,-3.12,1.61,3.44,1.72,5.41,0.90,2.21,2.85,3.19,-8.33,4.22,3.54,3.85,3.71,3.71,5.07,-1.65,4.18,4.02,11.42,17.27,13.14,17.57,17.41,17.48,17.13,17.46,17.41,23.04,19.92,19.48,19.23,23.94,31.92,26.07,21.93,26.67,29.76,27.58,27.93,27.36
lost_ram(MB): min(-8.33) max(31.92) average(12.04)
free(MB): 52.74,33.84,18.04,24.77,20.78,9.04,4.29,9.80,10.09,8.09,9.26,23.14,22.10,21.61,20.80,20.32,17.83,15.82,19.66,17.99,17.11,21.91,20.92,22.80,22.37,19.12,21.65,21.41,21.27,18.21,25.34,24.21,23.71,23.33,20.34,12.71,18.30,16.87,16.16,15.79,15.60,14.65,14.38
free(MB): min(4.29) max(52.74) average(19.26)
used_pss(MB): 232.59,244.99,263.46,251.19,252.47,265.75,266.09,267.49,265.48,270.68,270.39,287.55,275.96,276.28,276.22,276.19,276.59,276.55,280.20,275.00,275.18,268.56,267.18,270.81,268.48,270.49,267.75,268.18,268.38,271.35,274.71,277.33,277.93,277.70,278.89,279.37,279.66,283.83,279.14,278.80,280.38,280.58,280.80
used_pss(MB): min(232.59) max(287.55) average(271.55)
kernel(MB): 0.00,0.00,0.00,0.00,0.00,0.00,0.00,0.00,0.00,0.00,0.00,0.00,0.00,0.00,0.00,0.00,0.00,0.00,0.00,0.00,0.00,0.00,0.00,0.00,0.00,0.00,0.00,0.00,0.00,0.00,0.00,0.00,0.00,0.00,0.00,0.00,0.00,0.00,0.00,0.00,0.00,0.00,0.00
kernel(MB): min(0.0) max(0.0) average(0.0)
buffers(MB): 6.93,7.75,8.15,8.61,8.97,9.34,9.62,9.00,9.33,8.71,8.87,7.57,7.93,8.33,8.82,9.38,9.78,10.28,10.65,11.15,11.68,12.10,11.34,11.46,10.91,11.16,11.28,11.34,11.29,11.48,9.30,9.75,9.91,10.19,10.27,6.86,7.24,7.83,8.44,8.59,9.00,9.36,9.77
buffers(MB): min(6.86) max(12.1) average(9.53)
shmem(MB): 0.18,0.18,0.18,0.18,0.18,0.18,0.18,0.18,0.18,0.18,0.18,0.35,0.18,0.18,0.18,0.18,0.18,0.18,0.18,0.22,0.18,0.18,0.25,0.18,0.18,0.18,0.18,0.21,0.18,0.18,0.18,0.18,0.18,0.25,0.18,0.18,0.18,0.18,0.18,0.19,0.18,0.18,0.18
shmem(MB): min(0.18) max(0.35) average(0.19)
slab(MB): 19.56,19.75,19.84,19.91,19.92,20.00,20.06,20.10,20.12,20.18,20.21,20.24,20.24,20.24,20.22,20.21,20.28,20.29,20.29,20.30,20.33,20.35,20.36,20.37,20.44,20.45,20.41,20.41,20.36,20.40,20.43,20.46,20.50,20.55,20.56,20.62,20.64,20.66,20.65,20.65,20.64,20.62,20.56
slab(MB): min(19.56) max(20.66) average(20.31)
total_swap(MB): 96.00,96.00,96.00,96.00,96.00,96.00,96.00,96.00,96.00,96.00,96.00,96.00,96.00,96.00,96.00,96.00,96.00,96.00,96.00,96.00,96.00,96.00,96.00,96.00,96.00,96.00,96.00,96.00,96.00,96.00,96.00,96.00,96.00,96.00,96.00,96.00,96.00,96.00,96.00,96.00,96.00,96.00,96.00
total_swap(MB): min(96.0) max(96.0) average(96.0)
used_swap(MB): 7.96,7.96,7.96,7.96,7.96,7.96,7.98,8.05,8.05,8.06,8.09,10.32,10.32,10.32,10.32,10.32,10.32,10.32,10.32,10.32,10.32,11.49,12.94,13.34,14.20,14.20,14.20,14.20,14.25,14.25,14.66,14.66,14.66,14.66,14.89,15.63,15.63,15.63,15.63,15.64,15.64,15.64,15.64
used_swap(MB): min(7.96) max(15.64) average(11.93)
{'1603'} com.tianci.movieplatform(MB): 77.65,90.00,108.39,95.54,96.72,111.05,110.86,112.76,110.65,116.07,115.76,135.95,124.66,125.30,124.90,125.06,125.21,125.27,128.93,123.80,123.80,124.76,127.76,131.81,130.15,132.36,129.85,131.13,131.16,133.94,139.09,143.20,143.67,143.85,146.89,148.77,149.55,153.89,149.20,149.05,150.56,150.75,150.72
{'1603'} com.tianci.movieplatform(MB): min(77.65) max(153.89) average(127.92)
{'1349'} system(MB): 20.23,20.27,20.16,20.27,20.32,20.16,20.25,20.22,20.28,20.27,20.12,20.04,20.04,19.85,19.97,20.01,20.02,19.87,19.97,20.06,20.06,19.83,19.84,19.81,19.73,19.81,19.86,19.86,19.71,19.78,19.66,19.66,19.48,19.55,19.06,18.71,18.15,18.18,17.90,17.98,18.01,17.86,17.93
{'1349'} system(MB): min(17.86) max(20.32) average(19.6)
{'1588'} com.tianci.system(MB): 17.63,17.63,17.63,17.76,17.76,17.49,17.49,17.47,17.50,17.49,17.49,17.35,17.35,17.35,17.36,17.36,17.36,17.36,17.36,17.37,17.37,17.37,17.25,17.34,17.43,17.42,17.13,17.13,17.13,17.14,17.22,17.45,17.45,17.04,16.77,16.64,16.74,16.63,16.73,16.46,16.58,16.85,16.85
{'1588'} com.tianci.system(MB): min(16.46) max(17.76) average(17.25)
{'2027'} com.tianci.de(MB): 16.90,16.91,16.92,16.93,16.94,16.96,16.96,16.77,16.78,16.78,16.78,16.57,16.56,16.57,16.57,16.57,16.57,16.58,16.58,16.58,16.59,15.97,15.81,15.81,15.81,15.81,15.81,15.82,15.82,15.83,15.48,15.45,15.46,15.46,15.26,16.78,16.71,16.57,16.57,16.57,16.57,16.57,16.56
{'2027'} com.tianci.de(MB): min(15.26) max(16.96) average(16.37)
{'1741'} com.coocaa.os.ccosservice(MB): 16.71,16.70,16.70,16.94,16.94,16.54,16.54,16.55,16.56,16.54,16.53,16.54,16.29,16.30,16.31,16.31,16.31,16.31,16.22,16.23,16.29,15.87,15.79,15.77,15.78,15.77,15.77,15.77,15.77,15.77,15.71,14.60,14.60,14.60,14.36,14.04,13.90,13.99,13.93,13.93,13.92,13.92,13.92
{'1741'} com.coocaa.os.ccosservice(MB): min(13.9) max(16.94) average(15.67)
{'1756'} com.tianci.push(MB): 13.65,13.65,13.65,13.65,13.65,13.64,13.64,13.63,13.63,13.62,13.62,13.57,13.39,13.39,13.42,13.42,13.42,13.42,13.42,13.42,13.42,13.42,11.95,11.94,11.94,11.92,11.92,11.92,11.92,11.92,10.82,10.80,10.80,10.80,10.66,10.54,10.54,10.54,10.54,10.54,10.54,10.54,10.54
{'1756'} com.tianci.push(MB): min(10.54) max(13.65) average(12.36)
{'3370'} com.tianci.user(MB): 13.28,13.27,13.27,13.27,13.27,13.27,13.27,13.27,13.27,13.27,13.27,13.21,13.13,13.13,13.13,13.13,13.13,13.13,13.13,13.13,13.13,12.91,12.85,12.85,12.85,12.85,12.85,12.85,12.85,12.85,12.83,12.83,12.83,12.83,12.69,12.48,11.19,11.19,11.19,9.77,9.67,9.67,9.67
{'3370'} com.tianci.user(MB): min(9.67) max(13.28) average(12.6)
{'2262'} com.tianci.ad(MB): 11.26,11.26,11.26,11.26,11.26,11.26,11.26,11.26,11.26,11.25,11.26,11.23,11.23,11.23,11.23,11.17,11.17,11.16,11.16,11.16,11.16,11.15,11.10,11.08,11.08,11.08,11.08,11.08,11.08,11.08,11.04,11.04,11.04,11.04,10.89,10.73,10.73,10.86,10.86,10.86,10.86,10.85,10.85
{'2262'} com.tianci.ad(MB): min(10.73) max(11.26) average(11.1)
{'1929'} com.coocaa.sysreport(MB): 9.99,10.00,9.99,9.98,10.07,10.04,10.23,10.21,10.14,10.14,10.14,10.08,10.03,10.05,10.05,10.05,10.11,10.32,10.11,10.10,10.10,10.00,10.02,10.22,10.22,10.24,10.24,9.21,9.82,9.84,9.79,9.47,9.50,9.61,9.88,9.78,9.79,9.80,9.82,10.09,9.92,9.93,9.93
{'1929'} com.coocaa.sysreport(MB): min(9.21) max(10.32) average(9.98)
{'1917'} com.coocaa.os.softsettings.provider(MB): 9.29,9.29,9.29,9.30,9.30,9.30,9.30,9.29,9.29,9.29,9.29,9.24,9.23,9.23,9.23,9.23,9.23,9.23,9.23,9.23,9.23,8.95,8.90,8.89,8.89,8.89,8.89,8.89,8.89,8.89,8.88,8.87,8.87,8.87,8.74,8.65,8.65,8.65,8.65,8.65,8.65,8.65,8.65
{'1917'} com.coocaa.os.softsettings.provider(MB): min(8.65) max(9.3) average(9.02)
{'747'} mediaserver(MB): 7.57,7.57,7.57,7.57,7.57,7.57,7.57,7.57,7.57,7.57,7.57,6.86,6.86,6.86,6.86,6.86,6.86,6.86,6.86,6.86,6.86,3.76,2.36,1.91,1.08,1.08,1.08,1.08,1.06,1.06,0.89,0.89,0.89,0.89,0.88,0.79,0.79,0.79,0.79,0.79,0.79,0.79,0.79
{'747'} mediaserver(MB): min(0.79) max(7.57) average(4.12)
{'2834'} com.tianci.ad:adUpgrade(MB): 6.83,6.83,6.83,6.83,6.83,6.83,6.83,6.83,6.83,6.83,6.83,6.79,6.79,6.79,6.79,6.79,6.79,6.79,6.79,6.79,6.79,6.79,6.74,6.74,6.74,6.74,6.74,6.74,6.74,6.74,6.72,6.72,6.72,6.72,6.60,6.46,6.46,6.46,6.46,6.46,6.46,6.46,6.46
{'2834'} com.tianci.ad:adUpgrade(MB): min(6.46) max(6.83) average(6.72)
{'743'} zygote(MB): 6.26,6.26,6.26,6.26,6.26,6.26,6.26,6.26,6.26,6.26,6.26,6.25,6.25,6.25,6.25,6.25,6.26,6.26,6.26,6.26,6.26,4.63,3.74,3.72,3.72,3.72,3.72,3.72,3.70,3.70,3.63,3.63,3.63,3.63,3.36,2.91,2.91,2.91,2.91,2.91,2.91,2.91,2.91
{'743'} zygote(MB): min(2.91) max(6.26) average(4.81)
{'1623'} android.process.media(MB): 5.11,5.11,5.11,5.11,5.11,5.11,5.11,5.11,5.11,5.11,5.11,5.08,5.08,5.08,5.08,5.08,5.08,5.08,5.08,5.08,5.08,5.08,5.04,5.03,5.03,5.03,5.03,5.03,5.03,5.03,5.02,5.02,5.02,5.02,4.88,4.78,4.78,4.78,4.78,4.78,4.78,4.78,4.78
{'1623'} android.process.media(MB): min(4.78) max(5.11) average(5.01)
{'1578'} com.skyworth.android.skyRMService(MB): 4.04,4.04,4.04,4.08,4.08,4.08,4.14,4.14,3.98,3.98,3.98,3.97,3.97,3.97,3.97,3.99,3.99,4.00,4.00,4.00,4.02,4.02,3.98,4.01,4.01,3.91,3.92,3.92,3.92,3.94,3.93,3.93,3.96,3.96,3.85,3.67,3.67,3.67,3.71,3.71,3.58,3.59,3.59
{'1578'} com.skyworth.android.skyRMService(MB): min(3.58) max(4.14) average(3.93)
{'1057'} TvServer(MB): 3.59,3.59,3.59,3.59,3.59,3.59,3.59,3.59,3.59,3.59,3.59,2.17,2.17,2.17,2.17,2.17,2.17,2.17,2.17,2.17,2.17,1.71,1.57,1.57,1.55,1.55,1.55,1.55,1.55,1.55,1.55,1.55,1.55,1.55,1.55,1.36,1.36,1.36,1.36,1.36,1.36,1.36,1.36
{'1057'} TvServer(MB): min(1.36) max(3.59) average(2.19)
{'742'} surfaceflinger(MB): 1.60,1.60,1.60,1.83,1.60,1.60,1.60,1.60,1.60,1.60,1.60,1.59,1.59,1.60,1.60,1.60,1.60,1.59,1.60,1.60,1.60,1.46,1.45,1.45,1.46,1.45,1.45,1.45,1.45,1.45,1.43,1.43,1.43,1.43,1.42,1.42,1.42,1.42,1.43,1.42,1.42,1.42,1.43
{'742'} surfaceflinger(MB): min(1.42) max(1.83) average(1.52)
{'1505'} wpa_supplicant(MB): 0.82,0.82,0.82,0.82,0.82,0.82,0.82,0.82,0.82,0.82,0.82,0.81,0.81,0.82,0.82,0.82,0.82,0.82,0.82,0.82,0.82,0.82,0.82,0.82,0.82,0.82,0.82,0.82,0.82,0.82,0.82,0.82,0.82,0.82,0.81,0.48,0.49,0.49,0.49,0.49,0.49,0.50,0.50
{'1505'} wpa_supplicant(MB): min(0.48) max(0.82) average(0.76)
{'746'} drmserver(MB): 0.53,0.53,0.53,0.53,0.53,0.53,0.53,0.53,0.53,0.53,0.53,0.53,0.53,0.53,0.53,0.53,0.53,0.53,0.53,0.53,0.53,0.44,0.44,0.44,0.44,0.44,0.44,0.44,0.44,0.44,0.44,0.44,0.44,0.44,0.44,0.44,0.44,0.44,0.44,0.44,0.44,0.44,0.44
{'746'} drmserver(MB): min(0.44) max(0.53) average(0.48)
{'740'} netd(MB): 0.36,0.36,0.36,0.36,0.36,0.36,0.36,0.36,0.36,0.36,0.36,0.36,0.36,0.36,0.36,0.36,0.36,0.36,0.36,0.36,0.36,0.33,0.33,0.33,0.33,0.33,0.33,0.33,0.33,0.33,0.33,0.33,0.33,0.33,0.33,0.32,0.32,0.32,0.32,0.32,0.32,0.32,0.32
{'740'} netd(MB): min(0.32) max(0.36) average(0.34)
{'1'} /init(MB): 0.31,0.31,0.31,0.31,0.31,0.31,0.31,0.31,0.31,0.31,0.31,0.31,0.31,0.31,0.31,0.31,0.31,0.31,0.31,0.31,0.31,0.31,0.31,0.31,0.31,0.31,0.31,0.31,0.31,0.31,0.31,0.31,0.31,0.31,0.31,0.31,0.31,0.31,0.31,0.31,0.31,0.31,0.31
{'1'} /init(MB): min(0.31) max(0.31) average(0.31)
{'1272'} VirtualEvent(MB): 0.29,0.29,0.29,0.29,0.29,0.29,0.29,0.29,0.29,0.29,0.29,0.29,0.29,0.29,0.29,0.29,0.29,0.29,0.29,0.29,0.29,0.16,0.07,0.07,0.07,0.07,0.07,0.07,0.07,0.07,0.06,0.06,0.06,0.06,0.06,0.06,0.06,0.06,0.06,0.06,0.06,0.06,0.06
{'1272'} VirtualEvent(MB): min(0.06) max(0.29) average(0.18)
{'749'} keystore(MB): 0.27,0.27,0.27,0.27,0.27,0.27,0.27,0.27,0.27,0.27,0.27,0.27,0.27,0.27,0.27,0.27,0.27,0.27,0.27,0.27,0.27,0.26,0.26,0.26,0.26,0.26,0.26,0.26,0.26,0.26,0.26,0.26,0.26,0.26,0.26,0.26,0.26,0.26,0.26,0.26,0.26,0.26,0.26
{'749'} keystore(MB): min(0.26) max(0.27) average(0.26)
{'1848'} dhcpcd(MB): 0.22,0.22,0.22,0.22,0.22,0.22,0.22,0.22,0.22,0.22,0.22,0.22,0.22,0.22,0.22,0.22,0.22,0.22,0.22,0.22,0.22,0.22,0.22,0.22,0.22,0.22,0.22,0.22,0.22,0.22,0.22,0.22,0.22,0.22,0.22,0.22,0.22,0.22,0.22,0.22,0.22,0.22,0.22
{'1848'} dhcpcd(MB): min(0.22) max(0.22) average(0.22)
{'736'} vold(MB): 0.21,0.21,0.21,0.21,0.21,0.21,0.21,0.21,0.21,0.21,0.21,0.21,0.21,0.21,0.21,0.21,0.21,0.21,0.21,0.21,0.21,0.16,0.16,0.16,0.16,0.16,0.16,0.16,0.16,0.16,0.16,0.16,0.16,0.16,0.16,0.15,0.15,0.15,0.15,0.15,0.15,0.15,0.15
{'736'} vold(MB): min(0.15) max(0.21) average(0.18)
{'1437'} adbd(MB): 0.20,0.20,0.20,0.20,0.20,0.20,0.20,0.20,0.20,0.20,0.20,0.20,0.21,0.21,0.21,0.20,0.20,0.20,0.21,0.21,0.21,0.21,0.21,0.21,0.21,0.21,0.21,0.21,0.21,0.21,0.20,0.20,0.20,0.20,0.20,0.20,0.20,0.20,0.20,0.20,0.20,0.20,0.20
{'1437'} adbd(MB): min(0.2) max(0.21) average(0.2)
{'1046'} RootApp(MB): 0.14,0.14,0.14,0.14,0.14,0.14,0.14,0.14,0.14,0.14,0.14,0.14,0.14,0.14,0.14,0.14,0.14,0.14,0.14,0.14,0.14,0.05,0.05,0.05,0.05,0.05,0.05,0.05,0.05,0.05,0.05,0.05,0.05,0.05,0.05,0.05,0.05,0.05,0.05,0.05,0.05,0.05,0.05
{'1046'} RootApp(MB): min(0.05) max(0.14) average(0.09)
{'5903', '4918', '6711', '734'} sh(MB): 0.14,0.14,0.14,0.00,0.14,0.00,0.14,0.14,0.14,0.08,0.14,0.14,0.14,0.14,0.14,0.14,0.14,0.14,0.14,0.14,0.14,0.14,0.08,0.00,0.13,0.00,0.13,0.13,0.13,0.13,0.13,0.13,0.07,0.13,0.13,0.07,0.13,0.13,0.13,0.00,0.13,0.00,0.13,0.13,0.13,0.06,0.10,0.13,0.13
{'5903', '4918', '6711', '734'} sh(MB): min(0.0) max(0.14) average(0.11)
{'755'} coocaa_guard(MB): 0.12,0.12,0.12,0.12,0.12,0.12,0.12,0.12,0.12,0.12,0.12,0.12,0.12,0.12,0.12,0.12,0.12,0.12,0.12,0.12,0.12,0.10,0.10,0.10,0.10,0.10,0.10,0.10,0.10,0.10,0.10,0.10,0.10,0.10,0.10,0.10,0.10,0.10,0.10,0.10,0.10,0.10,0.10
{'755'} coocaa_guard(MB): min(0.1) max(0.12) average(0.11)
{'751'} FileDesc_server(MB): 0.12,0.12,0.12,0.12,0.12,0.12,0.12,0.12,0.12,0.12,0.12,0.12,0.12,0.12,0.12,0.12,0.12,0.12,0.12,0.12,0.12,0.11,0.11,0.11,0.11,0.11,0.11,0.11,0.11,0.11,0.11,0.11,0.11,0.11,0.11,0.11,0.11,0.11,0.11,0.11,0.11,0.11,0.11
{'751'} FileDesc_server(MB): min(0.11) max(0.12) average(0.11)
{'757'} sdcard(MB): 0.11,0.11,0.11,0.11,0.11,0.11,0.11,0.11,0.11,0.11,0.11,0.11,0.11,0.11,0.11,0.11,0.11,0.11,0.11,0.11,0.11,0.11,0.11,0.11,0.11,0.11,0.11,0.11,0.11,0.11,0.11,0.11,0.11,0.11,0.11,0.11,0.11,0.11,0.11,0.11,0.11,0.11,0.11
{'757'} sdcard(MB): min(0.11) max(0.11) average(0.11)
{'733'} healthd(MB): 0.11,0.11,0.11,0.11,0.11,0.11,0.11,0.11,0.11,0.11,0.11,0.11,0.11,0.11,0.11,0.11,0.11,0.11,0.11,0.11,0.11,0.11,0.11,0.11,0.11,0.11,0.11,0.11,0.11,0.11,0.11,0.11,0.11,0.11,0.10,0.11,0.11,0.11,0.11,0.11,0.11,0.11,0.11
{'733'} healthd(MB): min(0.1) max(0.11) average(0.11)
{'512'} ueventd(MB): 0.07,0.07,0.07,0.07,0.07,0.07,0.07,0.07,0.07,0.07,0.07,0.07,0.07,0.07,0.07,0.07,0.07,0.07,0.07,0.07,0.07,0.07,0.07,0.07,0.07,0.07,0.07,0.07,0.07,0.07,0.07,0.07,0.07,0.07,0.07,0.07,0.07,0.07,0.07,0.07,0.07,0.07,0.07
{'512'} ueventd(MB): min(0.07) max(0.07) average(0.07)
{'735'} servicemanager(MB): 0.05,0.05,0.05,0.05,0.05,0.05,0.05,0.05,0.05,0.05,0.05,0.05,0.05,0.05,0.05,0.05,0.05,0.05,0.05,0.05,0.05,0.05,0.05,0.05,0.05,0.05,0.05,0.05,0.05,0.05,0.05,0.05,0.05,0.05,0.05,0.05,0.05,0.05,0.05,0.05,0.05,0.05,0.05
{'735'} servicemanager(MB): min(0.05) max(0.05) average(0.05)
{'739'} keypad(MB): 0.05,0.05,0.05,0.05,0.05,0.05,0.05,0.05,0.05,0.05,0.05,0.05,0.05,0.05,0.05,0.05,0.05,0.05,0.05,0.05,0.05,0.05,0.05,0.05,0.05,0.05,0.05,0.05,0.05,0.05,0.05,0.05,0.05,0.05,0.05,0.05,0.05,0.05,0.05,0.05,0.05,0.05,0.05
{'739'} keypad(MB): min(0.05) max(0.05) average(0.05)
{'1041'} logwrapper(MB): 0.04,0.04,0.04,0.04,0.04,0.04,0.04,0.04,0.04,0.04,0.04,0.04,0.04,0.04,0.04,0.04,0.04,0.04,0.04,0.04,0.04,0.04,0.04,0.04,0.04,0.04,0.04,0.04,0.04,0.04,0.04,0.04,0.04,0.04,0.04,0.04,0.04,0.04,0.04,0.04,0.04,0.04,0.04
{'1041'} logwrapper(MB): min(0.04) max(0.04) average(0.04)
{'737'} hardwared(MB): 0.04,0.04,0.04,0.04,0.04,0.04,0.04,0.04,0.04,0.04,0.04,0.04,0.04,0.04,0.04,0.04,0.04,0.04,0.04,0.04,0.04,0.03,0.03,0.03,0.03,0.03,0.03,0.03,0.03,0.03,0.03,0.03,0.03,0.03,0.02,0.03,0.03,0.03,0.03,0.03,0.03,0.03,0.03
{'737'} hardwared(MB): min(0.02) max(0.04) average(0.03)
{'748'} installd(MB): 0.04,0.04,0.04,0.04,0.04,0.04,0.04,0.04,0.04,0.04,0.03,0.04,0.03,0.04,0.04,0.04,0.04,0.04,0.04,0.04,0.04,0.02,0.02,0.02,0.02,0.02,0.02,0.02,0.02,0.02,0.02,0.02,0.02,0.02,0.02,0.02,0.02,0.02,0.02,0.02,0.02,0.02,0.02
{'748'} installd(MB): min(0.02) max(0.04) average(0.03)
{'741'} debuggerd(MB): 0.03,0.03,0.03,0.03,0.03,0.03,0.03,0.03,0.03,0.03,0.03,0.03,0.03,0.03,0.03,0.03,0.03,0.03,0.03,0.03,0.03,0.01,0.01,0.01,0.01,0.01,0.01,0.01,0.01,0.01,0.01,0.01,0.01,0.01,0.01,0.01,0.01,0.01,0.01,0.01,0.01,0.01,0.01
{'741'} debuggerd(MB): min(0.01) max(0.03) average(0.02)
{'1276'} smobsd(MB): 0.02,0.02,0.02,0.02,0.02,0.02,0.02,0.02,0.02,0.02,0.02,0.02,0.02,0.02,0.02,0.02,0.02,0.02,0.02,0.02,0.02,0.02,0.01,0.01,0.01,0.01,0.01,0.01,0.01,0.01,0.01,0.01,0.01,0.01,0.01,0.01,0.01,0.01,0.01,0.01,0.01,0.01,0.01
{'1276'} smobsd(MB): min(0.01) max(0.02) average(0.02)
{'5452', '6698', '7179', '6950', '5533', '7059', '5656', '6613', '4997', '6845', '4891', '5748', '5886', '5320', '6006', '5229', '6350', '6492', '5125', '6151'} dumpsys(MB): 0.18,0.00,0.18,0.00,0.18,0.00,0.18,0.00,0.18,0.00,0.18,0.00,0.18,0.00,0.18,0.00,0.18,0.00,0.18,0.00,0.17,0.00,0.18,0.00,0.00,0.18,0.00,0.00,0.18,0.00,0.18,0.00,0.18,0.00,0.18,0.00,0.18,0.00,0.18,0.00,0.17
{'5452', '6698', '7179', '6950', '5533', '7059', '5656', '6613', '4997', '6845', '4891', '5748', '5886', '5320', '6006', '5229', '6350', '6492', '5125', '6151'} dumpsys(MB): min(0.0) max(0.18) average(0.09)
{'4920'} ps(MB): 0.00,0.00
{'4920'} ps(MB): min(0.0) max(0.0) average(0.0)
{'4921'} grep(MB): 0.00,0.00
{'4921'} grep(MB): min(0.0) max(0.0) average(0.0)
{'4922'} awk(MB): 0.00,0.00
{'4922'} awk(MB): min(0.0) max(0.0) average(0.0)
