usr: 47,53,60,53,53,55,30,40,33,54,55,46,50,49,57,36,62,45,24,34,29,52,65,53,45,45,50,24,67,32,55,58,25,45,46,67,40,47,22,41,55,58,50,50,38,63,44,35,85,48,45,58,65,57,31,51,59,28,47,41,42,52,54,45,46,38,42,52,34,50,55,50,78,62,79,35,48,34
usr: min(22.0) max(85.0) average(48.05)
sys: 17,36,28,27,31,24,22,30,22,33,8,31,18,25,34,20,20,21,14,29,27,33,19,30,30,17,30,20,21,11,31,28,25,25,22,14,34,25,11,29,34,25,21,40,24,28,18,23,10,21,31,7,26,23,35,13,22,18,37,18,19,31,29,30,33,18,25,26,34,35,23,30,14,29,18,17,19,21
sys: min(7.0) max(40.0) average(24.32)
nic: 0,0,0,0,0,0,0,0,0,0,0,0,0,0,0,0,0,0,0,0,0,0,0,0,0,0,0,0,0,0,0,0,0,0,0,0,0,0,0,0,0,0,0,0,0,0,0,0,0,0,0,0,0,0,0,0,0,0,0,0,0,0,0,0,0,0,0,0,0,0,0,0,0,0,0,0,0,0
nic: min(0.0) max(0.0) average(0.0)
idle: 28,4,10,17,12,15,42,24,44,5,31,15,25,15,2,34,13,28,60,30,37,7,9,12,21,33,15,53,10,53,5,10,46,24,31,16,17,22,66,25,8,12,27,9,31,0,33,35,0,25,19,31,4,14,29,30,18,52,7,33,34,11,12,21,16,38,29,19,26,8,21,15,6,8,2,47,25,38
idle: min(0.0) max(66.0) average(22.55)
io: 0,0,0,0,0,0,0,0,0,0,0,0,0,1,0,0,2,0,0,0,0,0,0,0,0,0,0,0,0,0,0,0,0,0,0,0,0,0,0,0,0,0,0,0,0,0,0,0,0,0,0,0,0,0,0,0,0,0,0,0,0,0,0,0,0,0,0,0,0,0,0,0,0,0,0,0,0,0
io: min(0.0) max(2.0) average(0.04)
irq: 0,0,0,0,0,0,0,0,0,0,0,0,0,0,0,0,0,0,0,0,0,0,0,0,0,0,0,0,0,0,0,0,0,0,0,0,0,0,0,0,0,0,0,0,0,0,0,0,0,0,0,0,0,0,0,0,0,0,0,0,0,0,0,0,0,0,0,0,0,0,0,0,0,0,0,0,0,0
irq: min(0.0) max(0.0) average(0.0)
sirq: 7,6,2,2,2,4,4,4,0,7,4,6,5,7,6,8,2,4,2,5,5,5,5,4,2,3,4,2,0,1,7,4,3,4,0,2,7,4,0,3,2,4,0,0,5,7,3,5,4,4,3,2,4,4,4,3,0,2,7,6,3,3,4,2,3,4,2,2,4,5,0,3,2,0,0,0,6,6
sirq: min(0.0) max(8.0) average(3.46)
{'2143'} com.ccos.tv.homepage: 26,63,40,36,36,56,22,16,23,35,52,36,43,45,36,16,40,28,26,20,29,32,48,41,34,41,39,24,50,25,43,34,25,27,45,51,27,40,0,33,32,44,45,30,25,55,37,31,74,43,25,48,39,45,21,27,51,4,47,29,38,43,42,35,24,35,24,30,30,39,47,25,72,50,58,29,36,28
{'2143'} com.ccos.tv.homepage: min(0.0) max(74.0) average(36.15)
{'1349'} system_server: 21,0,26,0,28,0,0,27,4,18,2,21,2,2,26,4,26,6,2,24,2,26,6,12,23,2,17,0,26,0,4,24,0,24,0,8,25,0,22,0,20,17,0,22,0,23,2,0,10,0,21,2,22,4,2,23,0,24,2,27,0,0,25,2,20,2,22,24,4,23,0,23,0,0,16,0,26,0
{'1349'} system_server: min(0.0) max(28.0) average(11.13)
{'2460'} com.tianci.de: 5,6,6,4,0,4,6,8,4,5,9,3,4,8,2,8,4,4,6,4,2,4,4,4,2,2,4,4,2,4,7,4,2,2,2,2,2,4,2,4,6,6,4,4,5,2,4,6,6,6,5,6,6,6,8,2,4,2,8,4,0,10,0,4,2,2,0,2,7,0,6,6,7,4,4,4,0,6
{'2460'} com.tianci.de: min(0.0) max(10.0) average(4.19)
{'1439'} /sbin/adbd: 4,10,4,12,6,6,8,6,6,10,5,6,6,9,4,8,4,4,8,8,8,4,6,7,4,4,11,6,2,3,4,2,8,10,8,8,4,2,8,7,6,4,6,4,6,7,8,11,10,2,4,10,2,8,8,6,10,6,4,4,11,11,7,2,6,2,12,8,4,4,6
{'1439'} /sbin/adbd: min(2.0) max(12.0) average(6.32)
{'2093'} long-vlogcat: 4,8,4,12,2,9,4,6,8,11,4,3,4,6,11,6,2,9,2,6,8,6,8,4,4,7,9,8,2,3,6,6,6,10,10,12,4,4,14,7,6,4,6,2,4,8,4,9,8,8,10,4,6,4,12,6,6,4,7,7,7,14,8,10,4,2,2,9
{'2093'} long-vlogcat: min(2.0) max(14.0) average(6.47)
{'11672', '11420', '10832', '11747', '10865', '11551', '12067', '10733', '12705', '11594', '12009', '10676', '11351', '12351', '11263', '10964', '11981', '12831', '10897', '11825', '10611', '11158', '10996', '11440', '12779', '10645', '11485', '10796', '11320', '11716', '11645', '12033', '12380', '12447', '12126', '12652', '12539', '12620', '12163', '11950', '11517', '11286', '11021', '12402', '11801', '11466', '11859', '12332', '12678', '12257', '10706', '12498', '12595', '11086', '12517', '11235', '11920', '11108', '12302', '12552', '12803', '12750', '11391', '12575', '11195', '12225', '11623', '12724', '12427', '11774', '11894', '11688', '11055'} 1-ntopbusybox: 4,2,2,4,4,4,4,2,3,3,6,2,2,2,2,4,2,2,2,2,2,4,2,2,2,4,2,2,4,4,2,3,4,4,4,2,2,2,2,2,4,4,4,4,6,6,4,5,2,4,2,4,2,4,2,4,2,2,4,4,2,4,2,4,4,4,2,4,2,4,2,2,2
{'11672', '11420', '10832', '11747', '10865', '11551', '12067', '10733', '12705', '11594', '12009', '10676', '11351', '12351', '11263', '10964', '11981', '12831', '10897', '11825', '10611', '11158', '10996', '11440', '12779', '10645', '11485', '10796', '11320', '11716', '11645', '12033', '12380', '12447', '12126', '12652', '12539', '12620', '12163', '11950', '11517', '11286', '11021', '12402', '11801', '11466', '11859', '12332', '12678', '12257', '10706', '12498', '12595', '11086', '12517', '11235', '11920', '11108', '12302', '12552', '12803', '12750', '11391', '12575', '11195', '12225', '11623', '12724', '12427', '11774', '11894', '11688', '11055'} 1-ntopbusybox: min(2.0) max(6.0) average(3.07)
{'1118'} 2706104320TvServer: 2,2,4,2,0,2,2,2,0,2,4,2,2,2,2,0,0,2,2,4,0,0,0,2,0,2,2,4,2,0,2,0,0,0,2,2,0,2,0,2,0,0,2,2,0,0,2,0,0,2,2,0,2,2,2,2,0,2,0,2,4,0,2,0,0,0
{'1118'} 2706104320TvServer: min(0.0) max(4.0) average(1.33)
{'33'} [kworker/0:1]: 2,6,2,2,2,2,4,2,4,6,4,4,2,2,2,4,2,4,2,2,2,2,2,4,2,2,4
{'33'} [kworker/0:1]: min(2.0) max(6.0) average(2.89)
{'2560'} com.tianci.movieplatform: 0,0,0,0,0,0,0,0,0,0,0,0,0,0,0,0,0,0,0,0,0,0,0,0,2,0,2,0,0,0,0,0,0,0,0,0,0,0,6,0,0,0,0,0,2,0,2,0,0,0,2,0,0,0,0,0,0,2,0,0,0,0,0,0,0,0,0,0,0,0,0,0,2,0,0,2,0,0
{'2560'} com.tianci.movieplatform: min(0.0) max(6.0) average(0.28)
{'1590'} com.tianci.system: 0,0,0,0,0,0,2,0,0,0,0,0,0,0,0,0,0,0,0,0,0,0,6,0,0,2,0,0,0,0,0,0,0,0,0,0,0,0,0,0,2,0,0,0,0,0,0,0,0,2,0,0,0,2,0,0,0,0,0,0,0,0,0,0,2,0,2,0,0,0,0,0,0,0,0,0,0,2
{'1590'} com.tianci.system: min(0.0) max(6.0) average(0.28)
{'2828'} com.tianci.user: 0,0,0,0,0,0,0,0,0,0,0,0,0,0,0,0,0,0,0,0,0,0,0,0,0,0,0,0,0,0,0,0,0,0,0,0,0,0,0,0,0,0,0,0,0,0,0,0,0,0,0,0,0,0,0,0,0,0,0,0,0,0,0,0,0,0,0,0,0,0,0,0,0,0,0,0,0,0
{'2828'} com.tianci.user: min(0.0) max(0.0) average(0.0)
{'1867'} com.coocaa.os.ccosservice: 0,0,0,0,0,0,0,0,0,0,0,0,0,0,0,0,0,0,0,0,0,0,2,0,0,0,0,0,0,0,0,0,0,0,0,0,0,0,0,0,0,0,0,0,0,0,0,0,0,0,0,0,0,0,0,0,0,0,0,0,0,0,0,0,0,0,0,0,0,0,0,0,0,0,0,0,0,0
{'1867'} com.coocaa.os.ccosservice: min(0.0) max(2.0) average(0.03)
{'1720'} com.tianci.push: 0,0,0,0,0,0,0,0,0,0,0,0,0,0,0,0,0,0,0,0,0,0,0,0,0,0,0,0,0,0,0,0,0,0,0,0,0,0,0,0,0,0,0,0,0,0,0,0,0,0,0,0,0,0,0,0,0,0,0,0,0,0,0,0,0,0,0,0,0,0,0,0,0,0,0,0,0,0
{'1720'} com.tianci.push: min(0.0) max(0.0) average(0.0)
{'2327'} com.coocaa.sysreport: 0,0,0,0,0,0,0,0,0,0,0,0,0,0,0,0,0,0,0,0,0,0,0,0,0,0,0,0,0,0,0,0,0,0,0,0,0,0,0,0,0,0,0,0,0,0,0,0,0,0,0,0,0,0,0,0,0,0,0,0,0,0,0,0,0,0,0,0,0,0,0,0,0,0,0,0,0,0
{'2327'} com.coocaa.sysreport: min(0.0) max(0.0) average(0.0)
{'2298'} com.coocaa.os.softsettings.provide: 0,0,0,0,0,0,0,0,0,0,0,0,0,0,0,0,0,0,0,0,0,0,0,0,0,0,0,0,0,0,0,0,0,0,0,0,0,0,0,0,0,0,0,0,0,0,0,0,0,0,0,0,0,0,0,0,0,0,0,0,0,0,0,0,0,0,0,0,0,0,0,0,0,0,0,0,0,0
{'2298'} com.coocaa.os.softsettings.provide: min(0.0) max(0.0) average(0.0)
{'1581'} com.dunn.instrument: 0,0,0,0,0,0,0,0,0,0,0,0,0,0,0,0,0,0,0,0,0,0,0,0,0,0,0,0,0,0,0,0,0,0,0,0,0,0,0,0,0,0,0,0,0,0,0,0,0,0,0,0,0,0,0,0,0,0,0,0,0,0,0,0,0,0,0,0,0,0,0,0,0,0,0,0,0,0
{'1581'} com.dunn.instrument: min(0.0) max(0.0) average(0.0)
{'2647'} android.process.media: 0,0,0,0,0,0,0,0,0,0,0,0,0,0,0,0,0,0,0,0,0,0,0,0,0,0,0,0,0,0,0,0,0,0,0,0,0,0,0,0,0,0,0,0,0,0,0,0,0,0,0,0,0,0,0,0,0,0,0,0,0,0,0,0,0,0,0,0,0,0,0,0,0,0,0,0,0
{'2647'} android.process.media: min(0.0) max(0.0) average(0.0)
{'1799'} com.dunn.i/system/binapp_process: 0,0,0,0,0,0,0,0,0,0,0,0,0,0,0,0,0,0,0,0,0,0,0,0,0,0,0,0,0,0,0,0,0,0,0,0,0,0,0,0,0,0,0,0,0,0,0,0,0,0,0,0,0,0,0,0,0,0,0,0,0,0,0,0,0,0,0,0,0,0,0
{'1799'} com.dunn.i/system/binapp_process: min(0.0) max(0.0) average(0.0)
{'744'} /-Xzygote/bin/app_processzygote: 0,0,0,0,0,0,0,0,0,0,0,0,0,0,0,0,0,0,0,0,0,0,0,0,0,0,0,0,0,0,0,0,0,0,0,0,0,0,0,0,0,0,0,0,0,0,0,0,0,0,0,0,0,0,0,0,0,0,0,0
{'744'} /-Xzygote/bin/app_processzygote: min(0.0) max(0.0) average(0.0)
{'743'} /system/bin/surfaceflinger: 0,2,6,2,2,0,2,4,3,2,4,2,8,2,9,0,2,2,4,2,2,2,4,4,2,0,0,2,0,0,2,0,4,0,2,2,4,0,2,2,2,2,0,2,2,4,4,2,0,2,2,2,0,2,2,2,0,0,4,0,4,4,2,2,4,0,0,2,2
{'743'} /system/bin/surfaceflinger: min(0.0) max(9.0) average(2.12)
{'457'} [mmcqd/0]: 2,2,2,6,2
{'457'} [mmcqd/0]: min(2.0) max(6.0) average(2.8)
{'32'} [kworker/3:1]: 2,2,2,5,2,2,2,2,2
{'32'} [kworker/3:1]: min(2.0) max(5.0) average(2.33)
{'740'} /system/bin/keypad: 2,2,2,2,2,2
{'740'} /system/bin/keypad: min(2.0) max(2.0) average(2.0)
{'30'} [kworker/1:1]: 2,2,2,2,2,2,2,2,2,2,8,2,2,2,2,2,2,2,2
{'30'} [kworker/1:1]: min(2.0) max(8.0) average(2.32)
{'31'} [kworker/2:1]: 2,2,2,2,2,2,2,2
{'31'} [kworker/2:1]: min(2.0) max(2.0) average(2.0)
{'7'} [kworker/u:0]: 2,2,2,2,2,2,2
{'7'} [kworker/u:0]: min(2.0) max(2.0) average(2.0)
{'746'} /system/bin/mediaserver: 0,0,0,0,0,0,0,0,0,0,0,0,0,0,0,0,0,0,0,0,0
{'746'} /system/bin/mediaserver: min(0.0) max(0.0) average(0.0)
{'1263'} VirtualEvent: 0,0,0,0,0,0,0,0,0,0
{'1263'} VirtualEvent: min(0.0) max(0.0) average(0.0)
{'745'} /system/bin/drmserver: 0,0
{'745'} /system/bin/drmserver: min(0.0) max(0.0) average(0.0)
{'1605'} [RTW_CMD_THREAD]: 2,2,2,4,2,2
{'1605'} [RTW_CMD_THREAD]: min(2.0) max(4.0) average(2.33)
{'10'} [rcu_preempt]: 2,2,2,2
{'10'} [rcu_preempt]: min(2.0) max(2.0) average(2.0)
{'27'} [kworker/u:1]: 2,2
{'27'} [kworker/u:1]: min(2.0) max(2.0) average(2.0)
{'286'} [kworker/u:2]: 2,2,2
{'286'} [kworker/u:2]: min(2.0) max(2.0) average(2.0)
{'11704'} [kworker/3:2]: 4,2,2,2,2,2,2,2,2,2,2
{'11704'} [kworker/3:2]: min(2.0) max(4.0) average(2.18)
{'10416'} [kworker/u:2H]: 2
{'10416'} [kworker/u:2H]: min(2.0) max(2.0) average(2.0)
{'12175'} [kworker/2:0]: 4,4,2,2,2
{'12175'} [kworker/2:0]: min(2.0) max(4.0) average(2.8)
{'6325'} [kworker/u:1H]: 2
{'6325'} [kworker/u:1H]: min(2.0) max(2.0) average(2.0)
