total_ram(MB): 452.27,452.27,452.27,452.27,452.27,452.27,452.27,452.27,452.27,452.27,452.27,452.27,452.27,452.27,452.27,452.27,452.27,452.27,452.27,452.27,452.27,452.27,452.27,452.27,452.27,452.27,452.27,452.27,452.27,452.27,452.27,452.27,452.27,452.27,452.27,452.27,452.27,452.27,452.27,452.27,452.27,452.27,452.27,452.27,452.27,452.27
total_ram(MB): min(452.27) max(452.27) average(452.27)
free_ram(MB): 160.98,162.51,160.81,159.06,156.74,157.58,163.90,161.56,163.60,159.22,189.68,164.17,163.57,161.82,166.24,165.47,166.76,166.24,166.96,165.46,168.98,166.08,161.27,161.33,162.91,161.42,154.20,154.83,157.26,163.91,165.01,164.40,161.83,158.20,162.15,161.91,166.12,163.22,149.42,154.62,161.08,163.40,158.26,158.67,160.66,158.17
free_ram(MB): min(149.42) max(189.68) average(162.21)
used_ram(MB): 246.21,243.07,245.63,243.90,253.75,249.63,248.83,245.04,244.32,244.83,225.24,263.28,260.95,247.46,252.54,243.76,245.26,243.43,243.62,243.46,242.61,244.04,248.97,249.78,268.19,248.08,251.20,261.05,254.86,251.68,258.92,245.12,247.86,255.49,247.93,247.64,244.77,244.83,255.90,254.31,256.46,249.01,252.32,253.21,254.53,251.85
used_ram(MB): min(225.24) max(268.19) average(249.45)
lost_ram(MB): 45.08,46.69,45.83,49.32,41.79,45.07,39.54,45.67,44.35,48.23,37.36,24.82,27.75,42.99,33.49,43.04,40.25,42.60,41.69,43.36,40.68,42.16,42.04,41.16,21.17,42.78,46.87,36.39,40.15,36.68,28.34,42.76,42.58,38.59,42.20,42.72,41.38,44.22,46.95,43.34,34.73,39.87,41.70,40.39,37.08,42.25
lost_ram(MB): min(21.17) max(49.32) average(40.61)
free(MB): 48.45,49.06,47.21,45.55,43.41,44.02,50.32,47.86,49.45,37.50,64.19,38.63,38.07,36.30,39.68,38.49,39.17,38.66,39.38,37.86,41.36,38.04,33.59,33.65,35.45,33.98,26.81,28.28,30.02,36.64,37.74,37.17,34.52,30.96,34.78,34.49,38.70,35.81,22.12,27.30,33.86,36.24,31.09,31.25,33.19,30.76
free(MB): min(22.12) max(64.19) average(37.85)
used_pss(MB): 223.61,220.28,222.78,221.03,230.88,226.74,225.94,222.11,221.39,221.79,202.15,240.14,237.79,224.30,229.43,220.63,222.14,220.28,220.47,220.33,219.50,220.93,225.85,226.65,245.07,224.96,228.06,237.88,231.68,228.50,235.72,221.92,224.65,232.27,224.71,224.41,221.54,221.61,232.68,231.06,233.19,225.72,229.02,229.90,231.20,228.50
used_pss(MB): min(202.15) max(245.07) average(226.33)
kernel(MB): 0.00,0.00,0.00,0.00,0.00,0.00,0.00,0.00,0.00,0.00,0.00,0.00,0.00,0.00,0.00,0.00,0.00,0.00,0.00,0.00,0.00,0.00,0.00,0.00,0.00,0.00,0.00,0.00,0.00,0.00,0.00,0.00,0.00,0.00,0.00,0.00,0.00,0.00,0.00,0.00,0.00,0.00,0.00,0.00,0.00,0.00
kernel(MB): min(0.0) max(0.0) average(0.0)
buffers(MB): 1.94,1.95,1.95,1.96,1.96,1.96,1.96,1.97,1.97,1.99,2.00,2.02,2.02,2.02,2.02,2.04,2.04,2.05,2.05,2.05,2.05,2.06,2.06,2.07,2.07,2.08,2.08,2.09,2.09,2.09,2.09,2.10,2.10,2.11,2.11,2.12,2.12,2.12,2.12,2.13,2.13,2.14,2.14,2.15,2.15,2.16
buffers(MB): min(1.94) max(2.16) average(2.06)
shmem(MB): 0.22,0.22,0.22,0.22,0.22,0.22,0.22,0.22,0.22,0.22,0.22,0.22,0.22,0.22,0.22,0.22,0.22,0.22,0.22,0.22,0.22,0.22,0.22,0.22,0.22,0.22,0.22,0.22,0.22,0.22,0.22,0.22,0.22,0.22,0.22,0.22,0.22,0.22,0.22,0.22,0.22,0.22,0.22,0.22,0.22,0.22
shmem(MB): min(0.22) max(0.22) average(0.22)
slab(MB): 20.44,20.62,20.68,20.68,20.68,20.70,20.70,20.74,20.74,20.83,20.88,20.90,20.93,20.91,20.87,20.88,20.86,20.88,20.88,20.85,20.83,20.83,20.84,20.83,20.83,20.82,20.84,20.86,20.87,20.87,20.88,20.88,20.89,20.89,20.89,20.89,20.88,20.88,20.88,20.89,20.91,20.92,20.93,20.94,20.96,20.96
slab(MB): min(20.44) max(20.96) average(20.84)
total_swap(MB): 96.00,96.00,96.00,96.00,96.00,96.00,96.00,96.00,96.00,96.00,96.00,96.00,96.00,96.00,96.00,96.00,96.00,96.00,96.00,96.00,96.00,96.00,96.00,96.00,96.00,96.00,96.00,96.00,96.00,96.00,96.00,96.00,96.00,96.00,96.00,96.00,96.00,96.00,96.00,96.00,96.00,96.00,96.00,96.00,96.00,96.00
total_swap(MB): min(96.0) max(96.0) average(96.0)
used_swap(MB): 23.47,23.47,23.47,23.47,23.47,23.47,23.47,23.47,23.47,23.47,23.47,23.47,23.47,23.47,23.47,23.47,23.47,23.47,23.47,23.47,23.47,23.47,23.47,23.47,23.47,23.47,23.47,23.47,23.47,23.47,23.47,23.47,23.47,23.47,23.47,23.47,23.47,23.47,23.47,23.47,23.47,23.47,23.47,23.47,23.47,23.47
used_swap(MB): min(23.47) max(23.47) average(23.47)
{'2143'} com.ccos.tv.homepage(MB): 94.54,91.86,94.03,93.13,101.86,97.65,96.38,92.61,93.11,93.21,72.62,111.97,108.98,95.36,101.13,92.04,93.79,91.67,91.85,91.31,90.81,90.99,97.83,97.74,116.11,95.76,98.69,109.00,102.71,99.09,106.01,92.36,96.61,103.74,95.32,95.36,92.03,92.22,103.11,101.81,103.68,96.61,99.70,100.88,101.80,100.44
{'2143'} com.ccos.tv.homepage(MB): min(72.62) max(116.11) average(97.38)
{'2560'} com.tianci.movieplatform(MB): 23.60,23.60,23.60,23.60,23.60,23.58,23.58,23.58,23.58,23.57,23.58,23.58,23.58,23.58,23.58,23.58,23.58,23.58,23.58,23.58,23.58,23.58,23.58,23.58,23.58,23.58,23.57,23.57,23.57,23.57,23.57,23.57,23.58,23.58,23.58,23.58,23.58,23.58,23.58,23.58,23.58,23.58,23.58,23.58,23.58,23.58
{'2560'} com.tianci.movieplatform(MB): min(23.57) max(23.6) average(23.58)
{'1349'} system(MB): 16.97,16.48,16.58,16.67,16.67,16.56,16.61,16.71,16.72,16.69,17.59,16.93,16.59,16.72,16.81,16.81,16.68,16.76,16.85,16.88,16.73,16.80,16.85,16.85,16.71,16.83,16.83,16.81,16.72,16.80,16.86,16.86,16.75,17.00,16.84,16.68,16.80,16.84,16.85,16.72,16.79,16.84,16.87,16.74,16.81,16.83
{'1349'} system(MB): min(16.48) max(17.59) average(16.79)
{'2460'} com.tianci.de(MB): 14.41,14.41,14.41,14.41,14.41,14.41,14.41,14.41,14.41,14.41,14.41,14.41,14.41,14.41,14.41,14.41,14.41,14.41,14.41,14.41,14.41,14.41,14.41,14.41,14.41,14.41,14.41,14.42,14.42,14.43,14.43,14.46,14.44,14.44,14.44,14.42,14.42,14.43,14.43,14.43,14.44,14.44,14.44,14.44,14.44,14.44
{'2460'} com.tianci.de(MB): min(14.41) max(14.46) average(14.42)
{'1867'} com.coocaa.os.ccosservice(MB): 14.32,14.33,14.33,14.33,14.33,14.33,14.32,14.33,14.33,14.33,14.31,14.31,14.31,14.31,14.31,14.31,14.31,14.30,14.31,14.31,14.31,14.31,14.31,14.30,14.30,14.31,14.31,14.31,14.31,14.30,14.31,14.31,14.31,14.31,14.30,14.30,14.31,14.31,14.31,14.31,14.30,14.31,14.31,14.31,14.41,14.41
{'1867'} com.coocaa.os.ccosservice(MB): min(14.3) max(14.41) average(14.32)
{'1590'} com.tianci.system(MB): 13.94,13.94,13.98,13.98,13.98,13.97,13.97,13.98,13.98,13.98,13.96,13.95,13.95,13.95,13.95,13.95,13.95,13.95,13.95,14.03,14.03,14.03,14.03,14.03,14.03,14.20,14.20,13.91,13.91,13.91,13.96,13.96,13.96,13.96,13.96,13.96,13.96,13.96,13.96,13.96,13.96,13.96,13.96,13.96,13.96,13.96
{'1590'} com.tianci.system(MB): min(13.91) max(14.2) average(13.98)
{'1720'} com.tianci.push(MB): 9.81,9.81,9.81,9.81,9.80,9.80,9.80,9.80,9.80,9.80,9.80,9.80,9.80,9.80,9.80,9.80,9.80,9.80,9.80,9.80,9.80,9.80,9.80,9.80,9.80,9.80,9.80,9.80,9.80,9.80,9.80,9.80,9.80,9.80,9.80,9.81,9.81,9.81,9.81,9.81,9.81,9.81,9.81,9.81,9.81,9.80
{'1720'} com.tianci.push(MB): min(9.8) max(9.81) average(9.8)
{'2828'} com.tianci.user(MB): 9.40,9.39,9.39,9.39,9.39,9.38,9.38,9.38,9.38,9.38,9.37,9.38,9.38,9.38,9.38,9.38,9.38,9.38,9.38,9.38,9.38,9.38,9.38,9.38,9.38,9.38,9.37,9.37,9.37,9.37,9.37,9.37,9.37,9.37,9.37,9.37,9.37,9.37,9.37,9.37,9.37,9.37,9.37,9.37,9.37,9.37
{'2828'} com.tianci.user(MB): min(9.37) max(9.4) average(9.38)
{'2327'} com.coocaa.sysreport(MB): 8.96,8.96,8.96,8.96,8.96,8.96,8.96,8.96,8.96,8.96,8.84,8.84,8.84,8.84,8.84,8.84,8.87,8.87,8.87,8.87,8.87,8.87,8.87,8.87,8.87,8.87,8.87,8.87,8.87,8.87,8.87,8.87,8.87,8.87,8.87,8.87,8.87,8.87,8.86,8.86,8.86,8.86,8.86,8.86,8.86,8.86
{'2327'} com.coocaa.sysreport(MB): min(8.84) max(8.96) average(8.88)
{'2298'} com.coocaa.os.softsettings.provider(MB): 7.54,7.54,7.54,7.54,7.54,7.54,7.54,7.54,7.54,7.54,7.54,7.54,7.54,7.54,7.54,7.54,7.54,7.54,7.54,7.54,7.54,7.54,7.54,7.54,7.54,7.54,7.54,7.52,7.52,7.52,7.52,7.52,7.52,7.52,7.52,7.52,7.52,7.52,7.52,7.52,7.52,7.52,7.52,7.52,7.52,7.52
{'2298'} com.coocaa.os.softsettings.provider(MB): min(7.52) max(7.54) average(7.53)
{'2647'} android.process.media(MB): 5.06,5.06,5.06,5.06,5.06,5.06,5.06,5.06,5.06,5.06,5.06,5.06,5.06,5.06,5.06,5.06,5.06,5.06,5.06,5.06,5.06,5.06,5.06,5.06,5.06,5.06,5.06,5.06,5.06,5.06,5.06,5.06,5.06,5.06,5.06,5.06,5.05,5.06,5.06,5.06,5.06,5.06,5.06,5.06,5.06,5.06
{'2647'} android.process.media(MB): min(5.05) max(5.06) average(5.06)
{'1581'} com.dunn.instrument(MB): 3.45,3.46,3.46,3.46,3.46,3.48,3.48,3.48,3.48,3.49,3.49,3.49,3.49,3.50,3.50,3.50,3.50,3.51,3.51,3.51,3.51,3.51,3.51,3.51,3.51,3.51,3.51,3.51,3.51,3.51,3.51,3.51,3.51,3.51,3.51,3.51,3.51,3.51,3.51,3.51,3.52,3.52,3.52,3.53,3.53,3.53
{'1581'} com.dunn.instrument(MB): min(3.45) max(3.53) average(3.5)
{'1799'} app_process(MB): 2.61,2.61,2.61,2.61,2.61,2.61,2.61,2.61,2.61,2.61,2.61,2.61,2.61,2.61,2.61,2.61,2.61,2.61,2.61,2.61,2.61,2.61,2.61,2.61,2.61,2.61,2.61,2.61,2.61,2.61,2.61,2.61,2.61,2.61,2.61,2.61,2.61,2.61,2.61,2.61,2.61,2.61,2.61,2.61,2.61,2.61
{'1799'} app_process(MB): min(2.61) max(2.61) average(2.61)
{'744'} zygote(MB): 2.03,2.03,2.03,2.03,2.03,2.03,2.03,2.03,2.03,2.03,2.03,2.03,2.03,2.03,2.03,2.03,2.03,2.03,2.03,2.03,2.03,2.03,2.03,2.03,2.03,2.03,2.03,2.03,2.03,2.03,2.03,2.03,2.03,2.03,2.03,2.03,2.03,2.03,2.03,2.03,2.03,2.03,2.03,2.03,2.03,2.03
{'744'} zygote(MB): min(2.03) max(2.03) average(2.03)
{'743'} surfaceflinger(MB): 1.23,1.23,1.23,1.23,1.23,1.23,1.23,1.23,1.23,1.23,1.23,1.23,1.23,1.23,1.23,1.23,1.23,1.23,1.23,1.23,1.23,1.23,1.23,1.23,1.23,1.23,1.23,1.23,1.23,1.23,1.23,1.23,1.23,1.23,1.23,1.23,1.23,1.23,1.23,1.23,1.23,1.23,1.23,1.23,1.23,1.23
{'743'} surfaceflinger(MB): min(1.23) max(1.23) average(1.23)
{'1118'} TvServer(MB): 0.97,0.97,0.97,0.97,0.97,0.96,0.96,0.96,0.96,0.96,0.96,0.96,0.96,0.96,0.96,0.96,0.96,0.96,0.96,0.96,0.96,0.96,0.96,0.96,0.96,0.96,0.96,0.96,0.96,0.96,0.96,0.96,0.96,0.96,0.96,0.96,0.96,0.96,0.96,0.96,0.96,0.96,0.96,0.96,0.96,0.96
{'1118'} TvServer(MB): min(0.96) max(0.97) average(0.96)
{'2093'} logcat(MB): 0.86,0.86,0.86,0.10,1.06,1.44,1.69,1.69,0.28,0.78,0.97,0.12,1.27,1.27,0.54,0.66,0.70,0.70,0.78,0.90,0.90,1.90,0.11,1.01,1.01,1.14,1.14,1.14,1.14,1.68,1.69,1.69,0.10,0.52,1.37,1.38,1.53,1.53,1.53,1.53,1.53,1.26,1.26,1.26,1.28,0.11
{'2093'} logcat(MB): min(0.1) max(1.9) average(1.05)
{'746'} mediaserver(MB): 0.80,0.80,0.80,0.80,0.80,0.80,0.80,0.80,0.80,0.80,0.80,0.80,0.80,0.80,0.80,0.80,0.80,0.80,0.80,0.80,0.80,0.80,0.80,0.80,0.80,0.80,0.80,0.80,0.80,0.80,0.80,0.80,0.80,0.80,0.80,0.80,0.80,0.80,0.80,0.80,0.80,0.80,0.80,0.80,0.80,0.80
{'746'} mediaserver(MB): min(0.8) max(0.8) average(0.8)
{'1505'} wpa_supplicant(MB): 0.43,0.43,0.43,0.43,0.43,0.43,0.43,0.43,0.43,0.42,0.43,0.43,0.43,0.43,0.43,0.43,0.43,0.43,0.43,0.43,0.43,0.43,0.43,0.43,0.43,0.43,0.43,0.43,0.43,0.43,0.43,0.43,0.43,0.43,0.43,0.43,0.43,0.43,0.43,0.43,0.43,0.43,0.43,0.43,0.43,0.43
{'1505'} wpa_supplicant(MB): min(0.42) max(0.43) average(0.43)
{'1'} /init(MB): 0.31,0.31,0.31,0.31,0.31,0.31,0.31,0.31,0.31,0.31,0.31,0.31,0.31,0.31,0.31,0.31,0.31,0.31,0.31,0.31,0.31,0.31,0.31,0.31,0.31,0.31,0.31,0.31,0.31,0.31,0.31,0.31,0.31,0.31,0.31,0.31,0.31,0.31,0.31,0.31,0.31,0.31,0.31,0.31,0.31,0.31
{'1'} /init(MB): min(0.31) max(0.31) average(0.31)
{'741'} netd(MB): 0.24,0.24,0.24,0.24,0.24,0.24,0.24,0.24,0.24,0.24,0.24,0.24,0.24,0.24,0.24,0.24,0.24,0.24,0.24,0.24,0.24,0.24,0.24,0.24,0.24,0.24,0.24,0.24,0.24,0.24,0.24,0.24,0.24,0.24,0.24,0.24,0.24,0.24,0.24,0.24,0.24,0.24,0.24,0.24,0.24,0.24
{'741'} netd(MB): min(0.24) max(0.24) average(0.24)
{'748'} keystore(MB): 0.24,0.24,0.24,0.24,0.24,0.24,0.24,0.24,0.24,0.24,0.24,0.24,0.24,0.24,0.24,0.24,0.24,0.24,0.24,0.24,0.24,0.24,0.24,0.24,0.24,0.24,0.24,0.24,0.23,0.23,0.23,0.23,0.23,0.23,0.23,0.23,0.23,0.23,0.23,0.23,0.23,0.23,0.23,0.23,0.23,0.23
{'748'} keystore(MB): min(0.23) max(0.24) average(0.24)
{'1439'} adbd(MB): 0.20,0.20,0.20,0.20,0.20,0.20,0.20,0.20,0.20,0.20,0.20,0.20,0.20,0.20,0.20,0.20,0.20,0.20,0.20,0.20,0.20,0.20,0.20,0.20,0.20,0.20,0.20,0.20,0.20,0.20,0.20,0.20,0.20,0.20,0.20,0.20,0.20,0.20,0.20,0.20,0.20,0.20,0.20,0.20,0.20,0.20
{'1439'} adbd(MB): min(0.2) max(0.2) average(0.2)
{'12617', '10613', '10724', '11521', '11052', '12296', '10955', '11969', '11231', '12176', '10826', '12467', '11642', '12719', '12797', '12394', '12062', '11435', '11714', '12541', '11862'} dumpsys(MB): 0.18,0.00,0.18,0.00,0.18,0.00,0.18,0.00,0.18,0.00,0.00,0.18,0.00,0.18,0.00,0.18,0.00,0.18,0.00,0.18,0.00,0.00,0.18,0.00,0.18,0.00,0.18,0.00,0.18,0.00,0.18,0.00,0.17,0.00,0.18,0.00,0.18,0.00,0.18,0.00,0.18,0.00,0.18,0.00
{'12617', '10613', '10724', '11521', '11052', '12296', '10955', '11969', '11231', '12176', '10826', '12467', '11642', '12719', '12797', '12394', '12062', '11435', '11714', '12541', '11862'} dumpsys(MB): min(0.0) max(0.18) average(0.09)
{'737'} vold(MB): 0.12,0.12,0.12,0.12,0.12,0.12,0.12,0.12,0.12,0.12,0.12,0.12,0.12,0.12,0.12,0.12,0.12,0.12,0.12,0.12,0.12,0.12,0.12,0.12,0.12,0.12,0.12,0.12,0.12,0.12,0.12,0.12,0.12,0.12,0.12,0.12,0.12,0.12,0.12,0.12,0.12,0.12,0.12,0.12,0.12,0.12
{'737'} vold(MB): min(0.12) max(0.12) average(0.12)
{'757'} sdcard(MB): 0.12,0.12,0.11,0.12,0.12,0.12,0.12,0.12,0.12,0.12,0.12,0.12,0.12,0.12,0.12,0.12,0.12,0.12,0.12,0.12,0.12,0.12,0.12,0.12,0.12,0.12,0.11,0.12,0.12,0.12,0.12,0.12,0.12,0.12,0.12,0.12,0.12,0.12,0.12,0.12,0.12,0.12,0.12,0.12,0.12,0.12
{'757'} sdcard(MB): min(0.11) max(0.12) average(0.12)
{'733'} healthd(MB): 0.11,0.11,0.11,0.11,0.11,0.11,0.11,0.11,0.11,0.11,0.11,0.11,0.11,0.11,0.11,0.11,0.11,0.11,0.11,0.11,0.11,0.11,0.11,0.11,0.11,0.11,0.11,0.11,0.11,0.11,0.11,0.11,0.11,0.11,0.11,0.11,0.11,0.11,0.11,0.11,0.11,0.11,0.11,0.11,0.11,0.11
{'733'} healthd(MB): min(0.11) max(0.11) average(0.11)
{'753'} coocaa_guard(MB): 0.08,0.08,0.08,0.08,0.08,0.08,0.08,0.08,0.08,0.08,0.08,0.08,0.08,0.08,0.08,0.08,0.08,0.08,0.08,0.08,0.08,0.08,0.08,0.08,0.08,0.08,0.08,0.08,0.08,0.08,0.08,0.08,0.08,0.08,0.08,0.08,0.08,0.08,0.08,0.08,0.08,0.08,0.08,0.08,0.08,0.08
{'753'} coocaa_guard(MB): min(0.08) max(0.08) average(0.08)
{'512'} ueventd(MB): 0.07,0.07,0.07,0.07,0.07,0.07,0.07,0.07,0.07,0.07,0.07,0.07,0.07,0.07,0.07,0.07,0.07,0.07,0.07,0.07,0.07,0.07,0.07,0.07,0.07,0.07,0.07,0.07,0.07,0.07,0.07,0.07,0.07,0.07,0.07,0.07,0.07,0.07,0.07,0.07,0.07,0.07,0.07,0.07,0.07,0.07
{'512'} ueventd(MB): min(0.07) max(0.07) average(0.07)
{'745'} drmserver(MB): 0.05,0.05,0.05,0.05,0.05,0.05,0.05,0.05,0.05,0.05,0.05,0.05,0.05,0.05,0.05,0.05,0.05,0.05,0.05,0.05,0.05,0.05,0.05,0.05,0.05,0.05,0.05,0.05,0.05,0.05,0.05,0.05,0.05,0.05,0.05,0.05,0.05,0.05,0.05,0.05,0.05,0.05,0.05,0.05,0.05,0.05
{'745'} drmserver(MB): min(0.05) max(0.05) average(0.05)
{'735'} servicemanager(MB): 0.05,0.05,0.05,0.05,0.05,0.05,0.05,0.05,0.05,0.05,0.05,0.05,0.05,0.05,0.05,0.05,0.05,0.05,0.05,0.05,0.05,0.05,0.05,0.05,0.05,0.05,0.05,0.05,0.05,0.05,0.05,0.05,0.05,0.05,0.05,0.05,0.05,0.05,0.05,0.05,0.05,0.05,0.05,0.05,0.05,0.05
{'735'} servicemanager(MB): min(0.05) max(0.05) average(0.05)
{'1111'} RootApp(MB): 0.05,0.05,0.05,0.05,0.05,0.05,0.05,0.05,0.05,0.05,0.05,0.05,0.05,0.05,0.05,0.05,0.05,0.05,0.05,0.05,0.05,0.05,0.05,0.05,0.05,0.05,0.05,0.05,0.05,0.05,0.05,0.05,0.05,0.05,0.05,0.05,0.05,0.05,0.05,0.05,0.05,0.05,0.05,0.05,0.05,0.05
{'1111'} RootApp(MB): min(0.05) max(0.05) average(0.05)
{'1106'} logwrapper(MB): 0.04,0.04,0.04,0.04,0.04,0.04,0.04,0.04,0.04,0.04,0.04,0.04,0.04,0.04,0.04,0.04,0.04,0.04,0.04,0.04,0.04,0.04,0.04,0.04,0.04,0.04,0.04,0.04,0.04,0.04,0.04,0.04,0.04,0.04,0.04,0.04,0.04,0.04,0.04,0.04,0.04,0.04,0.04,0.04,0.04,0.04
{'1106'} logwrapper(MB): min(0.04) max(0.04) average(0.04)
{'10733', '11981', '1635', '10964'} busybox(MB): 0.04,0.04,0.04,0.00,0.04,0.00,0.04,0.04,0.04,0.00,0.04,0.00,0.04,0.04,0.04,0.04,0.04,0.04,0.04,0.04,0.04,0.04,0.04,0.04,0.04,0.04,0.04,0.04,0.04,0.04,0.04,0.00,0.04,0.00,0.04,0.04,0.04,0.04,0.04,0.04,0.04,0.04,0.04,0.04,0.04,0.04,0.04,0.04,0.04,0.04,0.04,0.04
{'10733', '11981', '1635', '10964'} busybox(MB): min(0.0) max(0.04) average(0.04)
{'749'} FileDesc_server(MB): 0.04,0.04,0.04,0.04,0.04,0.04,0.04,0.04,0.04,0.04,0.04,0.04,0.04,0.04,0.04,0.04,0.04,0.04,0.04,0.04,0.04,0.04,0.04,0.04,0.04,0.04,0.04,0.04,0.04,0.04,0.04,0.04,0.04,0.04,0.04,0.04,0.04,0.04,0.04,0.04,0.04,0.04,0.04,0.04,0.04,0.04
{'749'} FileDesc_server(MB): min(0.04) max(0.04) average(0.04)
{'740'} keypad(MB): 0.04,0.04,0.04,0.04,0.04,0.04,0.04,0.04,0.04,0.04,0.04,0.04,0.04,0.04,0.04,0.04,0.04,0.04,0.04,0.04,0.04,0.04,0.04,0.04,0.04,0.04,0.04,0.04,0.04,0.04,0.04,0.04,0.04,0.04,0.04,0.04,0.04,0.04,0.04,0.04,0.04,0.04,0.04,0.04,0.04,0.04
{'740'} keypad(MB): min(0.04) max(0.04) average(0.04)
{'1263'} VirtualEvent(MB): 0.03,0.03,0.03,0.03,0.03,0.03,0.03,0.03,0.03,0.03,0.03,0.03,0.03,0.03,0.03,0.03,0.03,0.03,0.03,0.03,0.03,0.03,0.03,0.03,0.03,0.03,0.03,0.03,0.03,0.03,0.03,0.03,0.03,0.03,0.03,0.03,0.03,0.03,0.03,0.03,0.03,0.03,0.03,0.03,0.03,0.03
{'1263'} VirtualEvent(MB): min(0.03) max(0.03) average(0.03)
{'1878'} dhcpcd(MB): 0.03,0.03,0.03,0.03,0.03,0.03,0.03,0.03,0.03,0.03,0.03,0.03,0.03,0.03,0.03,0.03,0.03,0.03,0.03,0.03,0.03,0.03,0.03,0.03,0.03,0.03,0.03,0.03,0.03,0.03,0.03,0.03,0.03,0.03,0.03,0.03,0.03,0.03,0.03,0.03,0.03,0.03,0.03,0.03,0.03,0.03
{'1878'} dhcpcd(MB): min(0.03) max(0.03) average(0.03)
{'738'} hardwared(MB): 0.02,0.02,0.02,0.02,0.02,0.02,0.02,0.02,0.02,0.02,0.02,0.02,0.02,0.02,0.02,0.02,0.02,0.02,0.02,0.02,0.02,0.02,0.02,0.02,0.02,0.02,0.02,0.02,0.02,0.02,0.02,0.02,0.02,0.02,0.02,0.02,0.02,0.02,0.02,0.02,0.02,0.02,0.02,0.02,0.02,0.02
{'738'} hardwared(MB): min(0.02) max(0.02) average(0.02)
{'734', '11331', '1706', '11448'} sh(MB): 0.02,0.01,0.02,0.01,0.02,0.01,0.02,0.01,0.02,0.01,0.02,0.01,0.02,0.01,0.02,0.01,0.02,0.01,0.02,0.01,0.02,0.01,0.02,0.01,0.02,0.01,0.02,0.01,0.00,0.02,0.01,0.00,0.02,0.01,0.00,0.02,0.01,0.00,0.02,0.01,0.02,0.01,0.02,0.01,0.02,0.01,0.02,0.01,0.02,0.01,0.02,0.01,0.02,0.01,0.02,0.01,0.02,0.01,0.02,0.01,0.02,0.01,0.02,0.01,0.02,0.01,0.02,0.01,0.02,0.01,0.02,0.01,0.02,0.01,0.02,0.01,0.02,0.01,0.02,0.01,0.02,0.01,0.02,0.01,0.02,0.01,0.02,0.01,0.02,0.01,0.02,0.01,0.02,0.01,0.02,0.01
{'734', '11331', '1706', '11448'} sh(MB): min(0.0) max(0.02) average(0.01)
{'747'} installd(MB): 0.01,0.01,0.01,0.01,0.01,0.01,0.01,0.01,0.01,0.01,0.01,0.01,0.01,0.01,0.01,0.01,0.01,0.01,0.01,0.01,0.01,0.01,0.01,0.01,0.01,0.01,0.01,0.01,0.01,0.01,0.01,0.01,0.01,0.01,0.01,0.01,0.01,0.01,0.01,0.01,0.01,0.01,0.01,0.01,0.01,0.01
{'747'} installd(MB): min(0.01) max(0.01) average(0.01)
{'742'} debuggerd(MB): 0.01,0.01,0.01,0.01,0.01,0.01,0.01,0.01,0.01,0.01,0.01,0.01,0.01,0.01,0.01,0.01,0.01,0.01,0.01,0.01,0.01,0.01,0.01,0.01,0.01,0.01,0.01,0.01,0.01,0.01,0.01,0.01,0.01,0.01,0.01,0.01,0.01,0.01,0.01,0.01,0.01,0.01,0.01,0.01,0.01,0.01
{'742'} debuggerd(MB): min(0.01) max(0.01) average(0.01)
{'1266'} smobsd(MB): 0.01,0.01,0.01,0.01,0.01,0.01,0.01,0.01,0.01,0.01,0.01,0.01,0.01,0.01,0.01,0.01,0.01,0.01,0.01,0.01,0.01,0.01,0.01,0.01,0.01,0.01,0.01,0.01,0.01,0.01,0.01,0.01,0.01,0.01,0.01,0.01,0.01,0.01,0.01,0.01,0.01,0.01,0.01,0.01,0.01,0.01
{'1266'} smobsd(MB): min(0.01) max(0.01) average(0.01)
{'11334', '11450'} ps(MB): 0.00,0.00,0.00,0.00
{'11334', '11450'} ps(MB): min(0.0) max(0.0) average(0.0)
{'11451', '11335'} grep(MB): 0.00,0.00,0.00,0.00
{'11451', '11335'} grep(MB): min(0.0) max(0.0) average(0.0)
{'11336', '11452'} awk(MB): 0.00,0.00,0.00,0.00
{'11336', '11452'} awk(MB): min(0.0) max(0.0) average(0.0)
