total_ram(MB): 3655.56,3655.56,3655.56,3655.56,3655.56,3655.56,3655.56,3655.56,3655.56,3655.56,3655.56,3655.56,3655.56,3655.56,3655.56,3655.56,3655.56,3655.56,3655.56,3655.56,3655.56,3655.56,3655.56,3655.56,3655.56,3655.56,3655.56,3655.56
total_ram(MB): min(3655.56) max(3655.56) average(3655.56)
free_ram(MB): 1275.07,1299.95,1300.23,1261.10,1259.06,1274.01,1269.30,1271.45,1269.08,1275.17,1266.31,1267.67,1256.31,1264.25,1253.04,1272.87,1277.32,1268.19,1271.26,1267.25,1244.53,1279.49,1283.10,1268.40,1277.18,1281.46,1271.11,1223.12
free_ram(MB): min(1223.12) max(1300.23) average(1269.55)
used_ram(MB): 1874.09,1893.90,1889.57,1907.63,1922.09,1922.45,1911.61,1908.32,1903.05,1918.73,1904.96,1924.06,1906.98,1900.63,1918.24,1898.52,1913.71,1897.11,1916.55,1893.37,1912.21,1887.63,1905.59,1904.69,1890.73,1908.35,1897.66,1901.17
used_ram(MB): min(1874.09) max(1924.06) average(1904.77)
lost_ram(MB): 506.32,461.56,465.61,486.68,474.26,458.95,474.50,475.64,483.28,461.52,484.14,463.69,492.12,490.53,484.13,484.02,464.38,490.11,467.60,494.78,498.66,488.29,466.72,482.33,487.50,465.60,486.64,531.12
lost_ram(MB): min(458.95) max(531.12) average(481.1)
free(MB): 224.27,267.24,269.07,244.49,238.35,253.54,250.61,248.28,245.42,255.21,246.21,247.52,236.08,247.31,236.08,255.87,260.25,251.08,253.44,247.62,239.89,257.37,257.02,242.57,250.88,256.12,256.25,217.09
free(MB): min(217.09) max(269.07) average(248.4)
used_pss(MB): 1547.30,1568.39,1563.41,1581.54,1595.91,1595.43,1584.54,1581.19,1575.83,1591.59,1577.77,1596.82,1579.63,1573.39,1591.00,1571.29,1586.45,1570.08,1589.15,1565.94,1584.51,1560.13,1578.09,1576.97,1562.91,1581.40,1570.63,1573.09
used_pss(MB): min(1547.3) max(1596.82) average(1577.66)
kernel(MB): 326.79,325.51,326.16,326.10,326.18,327.02,327.07,327.13,327.21,327.13,327.20,327.24,327.35,327.25,327.24,327.23,327.26,327.03,327.41,327.43,327.70,327.50,327.50,327.71,327.82,326.94,327.03,328.08
kernel(MB): min(325.51) max(328.08) average(327.11)
buffers(MB): 0.00,0.00,0.00,0.00,0.00,0.00,0.00,0.00,0.00,0.00,0.00,0.00,0.00,0.00,0.00,0.00,0.00,0.00,0.00,0.00,0.00,0.00,0.00,0.00,0.00,0.00,0.00,0.00
buffers(MB): min(0.0) max(0.0) average(0.0)
shmem(MB): 0.00,0.00,0.00,0.00,0.00,0.00,0.00,0.00,0.00,0.00,0.00,0.00,0.00,0.00,0.00,0.00,0.00,0.00,0.00,0.00,0.00,0.00,0.00,0.00,0.00,0.00,0.00,0.00
shmem(MB): min(0.0) max(0.0) average(0.0)
slab(MB): 0.00,0.00,0.00,0.00,0.00,0.00,0.00,0.00,0.00,0.00,0.00,0.00,0.00,0.00,0.00,0.00,0.00,0.00,0.00,0.00,0.00,0.00,0.00,0.00,0.00,0.00,0.00,0.00
slab(MB): min(0.0) max(0.0) average(0.0)
total_swap(MB): 900.00,900.00,900.00,900.00,900.00,900.00,900.00,900.00,900.00,900.00,900.00,900.00,900.00,900.00,900.00,900.00,900.00,900.00,900.00,900.00,900.00,900.00,900.00,900.00,900.00,900.00,900.00,900.00
total_swap(MB): min(900.0) max(900.0) average(900.0)
used_swap(MB): 0.75,1.25,1.25,1.25,1.25,1.25,1.25,1.25,1.25,1.25,1.25,1.25,1.25,1.25,1.25,1.25,1.25,1.25,1.25,1.25,1.25,1.25,1.25,1.25,1.25,1.25,1.25,1.25
used_swap(MB): min(0.75) max(1.25) average(1.23)
{'3521'} com.tianci.movieplatform(MB): 397.12,397.12,267.76,405.51,405.51,275.81,404.77,404.77,272.20,417.29,417.29,284.62,425.60,425.60,292.83,433.00,433.00,300.16,416.58,416.58,283.61,418.51,418.51,285.40,407.14,407.14,274.04,420.37,420.37,287.24,411.66,411.66,278.51,426.30,426.30,293.14,415.04,415.04,281.86,403.96,403.96,270.73,417.61,417.61,284.37,406.36,406.36,273.11,415.62,415.62,282.36,406.23,406.23,272.97,429.70,429.70,296.43,414.35,414.35,281.03,446.97,446.97,299.08,407.01,407.01,273.61,418.78,418.78,285.32,411.91,411.91,278.44,406.20,406.20,272.71,419.29,419.29,285.77,413.96,413.96,280.43,409.20,409.20,275.65
{'3521'} com.tianci.movieplatform(MB): min(267.76) max(446.97) average(370.73)
{'1031'} system(MB): 336.94,336.94,139.96,342.25,342.25,145.22,339.39,339.39,142.29,343.66,343.66,146.55,348.47,348.47,151.36,341.14,341.14,144.03,345.79,345.79,148.68,339.45,339.45,142.34,344.89,344.89,147.78,349.37,349.37,152.26,342.15,342.15,145.04,346.83,346.83,149.72,339.98,339.98,142.87,345.15,345.15,148.04,350.01,350.01,152.90,341.42,341.42,144.31,346.80,346.80,149.69,339.92,339.92,142.81,344.30,344.30,147.19,337.87,337.87,140.76,343.66,343.66,145.51,337.57,337.57,140.46,342.93,342.93,145.82,347.53,347.53,150.42,341.55,341.55,144.44,346.20,346.20,149.09,339.98,339.98,142.87,346.71,346.71,149.60
{'1031'} system(MB): min(139.96) max(350.01) average(277.57)
{'1375'} com.coocaa.aigc.home(MB): 325.43,325.43,201.06,325.43,325.43,200.96,325.43,325.43,200.94,325.43,325.43,200.90,325.76,325.76,201.20,325.76,325.76,201.19,325.76,325.76,201.16,325.76,325.76,201.15,325.76,325.76,201.15,325.76,325.76,201.15,325.76,325.76,201.15,325.76,325.76,201.15,325.76,325.76,201.15,326.09,326.09,201.47,326.09,326.09,201.47,326.09,326.09,201.47,326.09,326.09,201.47,326.09,326.09,201.47,326.09,326.09,201.47,326.09,326.09,201.47,326.09,326.09,201.21,326.09,326.09,201.47,326.09,326.09,201.47,326.42,326.42,201.80,326.42,326.42,201.80,326.42,326.42,201.80,326.42,326.42,201.80,326.42,326.42,201.80
{'1375'} com.coocaa.aigc.home(MB): min(200.9) max(326.42) average(284.42)
{'4548'} com.skyworth.setting(MB): 218.17,218.17,93.68,218.17,218.17,93.64,218.17,218.17,93.60,218.17,218.17,93.59,218.17,218.17,93.59,218.16,218.16,93.57,218.16,218.16,93.57,218.16,218.16,93.56,218.16,218.16,93.56,218.16,218.16,93.56,218.16,218.16,93.56,218.16,218.16,93.56,218.16,218.16,93.56,218.16,218.16,93.56,218.14,218.14,93.54,218.14,218.14,93.54,218.14,218.14,93.54,218.14,218.14,93.54,218.14,218.14,93.54,218.17,218.17,93.57,218.17,218.17,93.28,218.17,218.17,93.57,218.17,218.17,93.56,218.17,218.17,93.56,218.17,218.17,93.56,218.17,218.17,93.56,218.17,218.17,93.56,218.17,218.17,93.56
{'4548'} com.skyworth.setting(MB): min(93.28) max(218.17) average(176.63)
{'368'} zygote(MB): 174.48,174.48,37.05,174.48,174.48,37.05,174.48,174.48,36.99,174.48,174.48,36.99,174.48,174.48,36.99,174.48,174.48,36.98,174.48,174.48,36.98,174.48,174.48,36.98,174.48,174.48,36.98,174.48,174.48,36.98,174.48,174.48,36.98,174.48,174.48,36.98,174.48,174.48,36.98,174.48,174.48,36.98,174.48,174.48,36.98,174.48,174.48,36.98,174.48,174.48,36.98,174.48,174.48,36.98,174.48,174.48,36.98,174.48,174.48,36.98,174.48,174.48,36.98,174.48,174.48,36.98,174.48,174.48,36.98,174.48,174.48,36.98,174.48,174.48,36.98,174.48,174.48,36.98,174.48,174.48,36.98,174.48,174.48,36.98
{'368'} zygote(MB): min(36.98) max(174.48) average(128.65)
{'2878'} com.tianci.appstore(MB): 168.15,168.15,59.22,168.23,168.23,59.30,168.30,168.30,59.36,168.36,168.36,59.43,168.43,168.43,59.50,168.50,168.50,59.57,168.57,168.57,59.64,168.64,168.64,59.71,168.71,168.71,59.78,168.78,168.78,59.85,168.85,168.85,59.92,168.92,168.92,59.98,168.99,168.99,60.05,169.05,169.05,60.12,169.12,169.12,60.19,169.19,169.19,60.26,169.26,169.26,60.33,169.32,169.32,60.39,169.39,169.39,60.46,169.46,169.46,60.53,169.53,169.53,60.10,169.61,169.61,60.67,169.67,169.67,60.73,169.75,169.75,60.81,169.82,169.82,60.88,169.89,169.89,60.95,169.95,169.95,61.01,170.01,170.01,61.07
{'2878'} com.tianci.appstore(MB): min(59.22) max(170.01) average(132.77)
{'4815'} com.coocaa.os.softsettings(MB): 164.84,164.84,46.70,164.84,164.84,46.68,164.84,164.84,46.68,164.84,164.84,46.68,164.84,164.84,46.67,164.84,164.84,46.67,164.84,164.84,46.67,164.84,164.84,46.67,164.84,164.84,46.68,164.84,164.84,46.67,164.84,164.84,46.67,164.84,164.84,46.67,164.84,164.84,46.68,164.84,164.84,46.67,164.84,164.84,46.68,164.84,164.84,46.68,164.84,164.84,46.68,164.84,164.84,46.67,164.84,164.84,46.68,164.84,164.84,46.67,164.84,164.84,45.76,164.84,164.84,46.68,164.84,164.84,46.67,164.84,164.84,46.67,164.84,164.84,46.67,164.84,164.84,46.67,164.84,164.84,46.68,164.84,164.84,46.67
{'4815'} com.coocaa.os.softsettings(MB): min(45.76) max(164.84) average(125.44)
{'1437'} com.tianci.system(MB): 158.81,158.81,50.62,158.82,158.82,50.62,158.82,158.82,50.62,158.82,158.82,50.62,158.82,158.82,50.62,158.81,158.81,50.61,158.82,158.82,50.62,158.82,158.82,50.62,158.84,158.84,50.63,158.84,158.84,50.64,159.16,159.16,50.96,159.17,159.17,50.97,159.17,159.17,50.97,159.17,159.17,50.97,159.18,159.18,50.97,159.18,159.18,50.97,159.41,159.41,51.21,159.42,159.42,51.22,159.42,159.42,51.22,159.42,159.42,51.22,159.42,159.42,50.62,159.42,159.42,51.22,159.41,159.41,51.21,159.42,159.42,51.22,159.42,159.42,51.22,159.41,159.41,51.21,159.41,159.41,51.21,159.41,159.41,51.21
{'1437'} com.tianci.system(MB): min(50.61) max(159.42) average(123.08)
{'2270'} com.sogou.inputmethod.iot(MB): 156.80,156.80,63.97,156.83,156.83,64.00,156.59,156.59,63.75,156.61,156.61,63.76,156.69,156.69,63.84,156.76,156.76,63.91,156.81,156.81,63.96,156.91,156.91,64.05,156.46,156.46,63.61,156.55,156.55,63.70,156.65,156.65,63.79,156.76,156.76,63.90,156.88,156.88,64.02,156.65,156.65,63.79,156.80,156.80,63.94,157.11,157.11,64.24,156.70,156.70,63.83,157.00,157.00,64.12,157.08,157.08,64.21,156.65,156.65,63.78,156.76,156.76,63.74,156.86,156.86,63.98,156.93,156.93,64.05,157.02,157.02,64.14,156.54,156.54,63.66,156.61,156.61,63.74,156.69,156.69,63.82,156.76,156.76,63.88
{'2270'} com.sogou.inputmethod.iot(MB): min(63.61) max(157.11) average(125.81)
{'1724'} com.skyworth.angel.voice(MB): 156.23,156.23,64.69,156.81,156.81,65.27,157.36,157.36,65.82,157.91,157.91,66.37,158.41,158.41,66.87,156.32,156.32,64.78,156.86,156.86,65.32,157.43,157.43,65.89,158.00,158.00,66.46,155.86,155.86,64.32,156.41,156.41,64.88,156.96,156.96,65.42,157.50,157.50,65.96,158.01,158.01,66.47,155.88,155.88,64.34,156.41,156.41,64.87,156.99,156.99,65.45,157.48,157.48,65.94,158.02,158.02,66.48,155.92,155.92,64.38,156.45,156.45,64.63,157.02,157.02,65.48,157.57,157.57,66.03,158.15,158.15,66.61,156.05,156.05,64.51,156.58,156.58,65.04,157.10,157.10,65.56,157.60,157.60,66.06
{'1724'} com.skyworth.angel.voice(MB): min(64.32) max(158.41) average(126.53)
{'1534'} com.coocaa.os.service(MB): 150.04,150.04,58.51,151.15,151.15,59.62,152.26,152.26,60.73,152.95,152.95,61.42,153.27,153.27,61.74,154.77,154.77,63.24,155.01,155.01,63.48,155.36,155.36,63.83,155.67,155.67,64.14,155.67,155.67,64.14,155.68,155.68,64.14,155.68,155.68,64.14,155.68,155.68,64.15,155.68,155.68,64.15,155.68,155.68,64.15,155.69,155.69,64.16,155.69,155.69,64.16,155.69,155.69,64.16,145.23,145.23,53.70,146.32,146.32,54.80,146.64,146.64,54.79,146.64,146.64,55.11,146.64,146.64,55.12,146.65,146.65,55.13,146.78,146.78,55.25,146.90,146.90,55.38,146.90,146.90,55.38,147.47,147.47,55.95
{'1534'} com.coocaa.os.service(MB): min(53.7) max(155.69) average(121.19)
{'4228'} com.coocaa.mitee.tv(MB): 141.23,141.23,46.69,141.24,141.24,46.69,141.24,141.24,46.69,141.25,141.25,46.69,141.25,141.25,46.69,141.25,141.25,46.69,141.35,141.35,46.79,141.35,141.35,46.79,141.36,141.36,46.80,141.37,141.37,46.81,141.37,141.37,46.81,141.37,141.37,46.81,141.37,141.37,46.81,141.37,141.37,46.81,141.38,141.38,46.82,141.38,141.38,46.82,141.38,141.38,46.82,141.38,141.38,46.82,141.38,141.38,46.83,141.39,141.39,46.83,141.39,141.39,46.50,141.39,141.39,46.83,141.39,141.39,46.83,141.40,141.40,46.84,141.40,141.40,46.84,141.40,141.40,46.84,141.41,141.41,46.85,141.41,141.41,46.85
{'4228'} com.coocaa.mitee.tv(MB): min(46.5) max(141.41) average(109.83)
{'2429'} com.tianci.de(MB): 133.22,133.22,34.55,133.24,133.24,34.57,133.26,133.26,34.56,133.41,133.41,34.72,133.44,133.44,34.74,133.45,133.45,34.75,133.48,133.48,34.78,133.50,133.50,34.80,133.52,133.52,34.82,133.54,133.54,34.84,133.55,133.55,34.86,133.58,133.58,34.88,133.73,133.73,35.03,133.75,133.75,35.05,133.77,133.77,35.08,133.79,133.79,35.09,133.82,133.82,35.12,133.84,133.84,35.14,133.86,133.86,35.16,133.88,133.88,35.18,133.90,133.90,35.11,133.92,133.92,35.22,134.07,134.07,35.38,134.10,134.10,35.40,134.12,134.12,35.42,134.14,134.14,35.44,134.15,134.15,35.45,134.18,134.18,35.48
{'2429'} com.tianci.de(MB): min(34.55) max(134.18) average(100.82)
{'1763'} com.skyworth.quickcenter(MB): 127.75,127.75,41.23,127.76,127.76,41.23,127.76,127.76,41.23,127.76,127.76,41.24,127.76,127.76,41.24,127.77,127.77,41.24,127.77,127.77,41.24,127.77,127.77,41.24,127.77,127.77,41.25,127.77,127.77,41.25,127.78,127.78,41.25,127.78,127.78,41.25,127.78,127.78,41.25,127.79,127.79,41.26,127.79,127.79,41.26,127.79,127.79,41.26,127.79,127.79,41.26,127.79,127.79,41.27,127.79,127.79,41.27,127.80,127.80,41.27,127.80,127.80,41.13,127.80,127.80,41.28,127.80,127.80,41.28,127.80,127.80,41.28,127.81,127.81,41.28,127.81,127.81,41.28,127.81,127.81,41.29,127.81,127.81,41.29
{'1763'} com.skyworth.quickcenter(MB): min(41.13) max(127.81) average(98.94)
{'4206'} com.skyworth.tv(MB): 127.65,127.65,32.90,127.65,127.65,32.90,127.65,127.65,32.90,127.65,127.65,32.90,127.65,127.65,32.90,127.68,127.68,32.93,127.68,127.68,32.93,127.68,127.68,32.93,127.68,127.68,32.93,127.68,127.68,32.92,127.68,127.68,32.93,127.68,127.68,32.93,127.68,127.68,32.93,127.68,127.68,32.92,127.68,127.68,32.93,127.68,127.68,32.93,127.68,127.68,32.92,127.68,127.68,32.93,127.68,127.68,32.93,127.68,127.68,32.93,127.68,127.68,32.11,127.68,127.68,32.93,127.68,127.68,32.93,127.68,127.68,32.93,127.68,127.68,32.93,127.68,127.68,32.93,127.68,127.68,32.93,127.68,127.68,32.93
{'4206'} com.skyworth.tv(MB): min(32.11) max(127.68) average(96.08)
{'3187'} com.xiaodianshi.tv.yst:stats(MB): 122.29,122.29,41.49,122.29,122.29,41.49,122.29,122.29,41.49,122.29,122.29,41.49,122.29,122.29,41.49,122.29,122.29,41.49,122.29,122.29,41.49,122.29,122.29,41.49,122.29,122.29,41.49,122.29,122.29,41.49,122.29,122.29,41.49,122.29,122.29,41.49,122.29,122.29,41.49,122.29,122.29,41.49,122.30,122.30,41.50,122.30,122.30,41.50,122.30,122.30,41.50,122.30,122.30,41.50,122.30,122.30,41.50,122.30,122.30,41.50,122.30,122.30,41.29,122.30,122.30,41.50,122.30,122.30,41.50,122.30,122.30,41.50,122.30,122.30,41.50,122.30,122.30,41.50,122.30,122.30,41.50,122.31,122.31,41.51
{'3187'} com.xiaodianshi.tv.yst:stats(MB): min(41.29) max(122.31) average(95.36)
{'2574'} com.tianci.de:TianciDaemons(MB): 113.80,113.80,18.61,113.80,113.80,18.61,113.80,113.80,18.62,113.80,113.80,18.62,113.80,113.80,18.62,113.80,113.80,18.62,113.80,113.80,18.62,113.80,113.80,18.62,113.81,113.81,18.63,113.81,113.81,18.63,113.81,113.81,18.63,113.81,113.81,18.63,113.81,113.81,18.63,113.81,113.81,18.63,113.81,113.81,18.63,113.81,113.81,18.63,113.81,113.81,18.63,113.81,113.81,18.63,113.81,113.81,18.63,113.81,113.81,18.63,113.81,113.81,18.54,113.81,113.81,18.63,113.82,113.82,18.64,113.82,113.82,18.64,113.82,113.82,18.64,113.82,113.82,18.64,113.82,113.82,18.64,113.82,113.82,18.64
{'2574'} com.tianci.de:TianciDaemons(MB): min(18.54) max(113.82) average(82.08)
{'3388'} com.coocaa.teampresent(MB): 106.63,106.63,24.34,106.63,106.63,24.34,106.63,106.63,24.34,106.63,106.63,24.34,106.64,106.64,24.35,106.64,106.64,24.35,106.64,106.64,24.35,106.64,106.64,24.35,106.64,106.64,24.35,106.64,106.64,24.35,106.64,106.64,24.35,106.64,106.64,24.35,106.65,106.65,24.36,106.65,106.65,24.36,106.65,106.65,24.36,106.65,106.65,24.36,106.66,106.66,24.36,106.66,106.66,24.37,106.66,106.66,24.37,106.66,106.66,24.37,106.66,106.66,24.08,106.66,106.66,24.37,106.66,106.66,24.37,106.66,106.66,24.37,106.67,106.67,24.38,106.67,106.67,24.38,106.67,106.67,24.38,106.67,106.67,24.38
{'3388'} com.coocaa.teampresent(MB): min(24.08) max(106.67) average(79.22)
{'1285'} com.android.bluetooth(MB): 101.92,101.92,20.99,101.92,101.92,20.99,101.92,101.92,20.97,101.92,101.92,20.97,101.92,101.92,20.97,101.92,101.92,20.97,101.92,101.92,20.97,101.92,101.92,20.97,101.92,101.92,20.97,101.92,101.92,20.97,101.92,101.92,20.97,101.92,101.92,20.97,101.92,101.92,20.97,101.92,101.92,20.97,101.92,101.92,20.97,101.92,101.92,20.97,101.92,101.92,20.97,101.92,101.92,20.97,101.92,101.92,20.97,101.92,101.92,20.97,101.92,101.92,20.78,101.92,101.92,20.97,101.92,101.92,20.97,101.92,101.92,20.97,101.92,101.92,20.97,101.92,101.92,20.97,101.92,101.92,20.97,101.92,101.92,20.97
{'1285'} com.android.bluetooth(MB): min(20.78) max(101.92) average(74.93)
{'6011'} com.tianci.de:cast_detect_process(MB): 100.98,100.98,15.22,100.98,100.98,15.22,100.98,100.98,15.22,100.98,100.98,15.22,100.98,100.98,15.22,100.98,100.98,15.22,100.98,100.98,15.22,100.98,100.98,15.22,100.98,100.98,15.22,100.98,100.98,15.22,100.98,100.98,15.22,100.98,100.98,15.22,100.98,100.98,15.22,100.98,100.98,15.21,100.98,100.98,15.22,100.98,100.98,15.22,100.98,100.98,15.22,100.98,100.98,15.22,100.98,100.98,15.22,100.98,100.98,15.22,100.98,100.98,15.13,100.98,100.98,15.22,100.98,100.98,15.22,100.98,100.98,15.22,100.98,100.98,15.22,100.98,100.98,15.22,100.98,100.98,15.22,100.98,100.98,15.22
{'6011'} com.tianci.de:cast_detect_process(MB): min(15.13) max(100.98) average(72.39)
{'4446'} com.coocaa.mitee.tv:mrelay(MB): 100.46,100.46,18.07,100.46,100.46,18.07,100.46,100.46,18.07,100.46,100.46,18.07,100.46,100.46,18.07,100.46,100.46,18.07,100.46,100.46,18.07,100.46,100.46,18.07,100.46,100.46,18.07,100.46,100.46,18.07,100.46,100.46,18.07,100.46,100.46,18.07,100.46,100.46,18.07,100.46,100.46,18.07,100.46,100.46,18.07,100.46,100.46,18.07,100.46,100.46,18.07,100.46,100.46,18.07,100.46,100.46,18.07,100.46,100.46,18.07,100.46,100.46,17.82,100.46,100.46,18.07,100.46,100.46,18.07,100.46,100.46,18.07,100.46,100.46,18.07,100.46,100.46,18.07,100.46,100.46,18.07,100.46,100.46,18.07
{'4446'} com.coocaa.mitee.tv:mrelay(MB): min(17.82) max(100.46) average(72.99)
{'2389'} com.skyworth.smartcast(MB): 97.34,97.34,14.92,97.34,97.34,14.92,97.34,97.34,14.92,97.35,97.35,14.93,97.35,97.35,14.93,97.36,97.36,14.94,97.36,97.36,14.94,97.36,97.36,14.94,97.36,97.36,14.94,97.36,97.36,14.94,97.37,97.37,14.95,97.37,97.37,14.95,97.38,97.38,14.96,97.38,97.38,14.96,97.38,97.38,14.96,96.57,96.57,14.15,96.57,96.57,14.15,96.59,96.59,14.17,96.59,96.59,14.17,96.59,96.59,14.17,96.59,96.59,14.17,96.59,96.59,14.18,96.60,96.60,14.19,96.60,96.60,14.19,96.61,96.61,14.19,96.61,96.61,14.19,96.61,96.61,14.19,96.61,96.61,14.20
{'2389'} com.skyworth.smartcast(MB): min(14.15) max(97.38) average(69.53)
{'2355'} com.android.providers.media.module(MB): 95.91,95.91,15.23,95.91,95.91,15.23,95.91,95.91,15.10,95.91,95.91,15.10,95.91,95.91,15.10,95.91,95.91,15.10,95.91,95.91,15.10,95.91,95.91,15.10,95.91,95.91,15.10,95.91,95.91,15.10,95.91,95.91,15.10,95.91,95.91,15.10,95.91,95.91,15.10,95.91,95.91,15.10,95.91,95.91,15.10,95.91,95.91,15.10,95.91,95.91,15.10,95.91,95.91,15.10,95.91,95.91,15.10,95.91,95.91,15.10,95.91,95.91,14.59,95.91,95.91,15.10,95.91,95.91,15.10,95.91,95.91,15.10,95.91,95.91,15.10,95.91,95.91,15.10,95.91,95.91,15.10,95.91,95.91,15.10
{'2355'} com.android.providers.media.module(MB): min(14.59) max(95.91) average(68.97)
{'3007'} com.loostone.tuning(MB): 91.71,91.71,11.55,91.71,91.71,11.55,91.71,91.71,11.55,91.71,91.71,11.55,91.71,91.71,11.55,91.71,91.71,11.55,91.71,91.71,11.55,91.71,91.71,11.55,91.71,91.71,11.55,91.71,91.71,11.55,91.71,91.71,11.55,91.71,91.71,11.55,91.72,91.72,11.56,91.72,91.72,11.56,91.72,91.72,11.56,91.72,91.72,11.56,91.72,91.72,11.56,91.72,91.72,11.56,91.72,91.72,11.56,91.72,91.72,11.56,91.72,91.72,11.50,91.72,91.72,11.56,91.72,91.72,11.56,91.72,91.72,11.56,91.72,91.72,11.56,91.72,91.72,11.56,91.73,91.73,11.56,91.73,91.73,11.56
{'3007'} com.loostone.tuning(MB): min(11.5) max(91.73) average(65.0)
{'2036'} com.android.permissioncontroller(MB): 90.54,90.54,15.15,90.54,90.54,15.15,90.54,90.54,15.15,90.54,90.54,15.15,90.54,90.54,15.15,90.54,90.54,15.15,90.54,90.54,15.15,90.54,90.54,15.15,90.54,90.54,15.15,90.54,90.54,15.15,90.54,90.54,15.15,90.54,90.54,15.15,90.54,90.54,15.15,90.54,90.54,15.15,90.54,90.54,15.15,90.54,90.54,15.15,90.54,90.54,15.15,90.54,90.54,15.15,90.54,90.54,15.15,90.54,90.54,15.15,90.54,90.54,13.82,90.54,90.54,15.15,90.54,90.54,15.15,90.54,90.54,15.15,90.54,90.54,15.15,90.54,90.54,15.15,90.54,90.54,15.15,90.54,90.54,15.15
{'2036'} com.android.permissioncontroller(MB): min(13.82) max(90.54) average(65.39)
{'1392'} android.ext.services(MB): 89.34,89.34,10.09,89.34,89.34,10.09,89.34,89.34,10.09,89.34,89.34,10.09,89.34,89.34,10.09,89.34,89.34,10.09,89.34,89.34,10.09,89.34,89.34,10.09,89.34,89.34,10.09,89.34,89.34,10.09,89.34,89.34,10.09,89.34,89.34,10.09,89.34,89.34,10.09,89.34,89.34,10.09,89.34,89.34,10.09,89.34,89.34,10.09,89.34,89.34,10.09,89.34,89.34,10.09,89.34,89.34,10.09,89.34,89.34,10.09,89.34,89.34,9.60,89.34,89.34,10.09,89.34,89.34,10.09,89.34,89.34,10.09,89.34,89.34,10.09,89.34,89.34,10.09,89.34,89.34,10.09,89.34,89.34,10.09
{'1392'} android.ext.services(MB): min(9.6) max(89.34) average(62.92)
{'7911'} com.android.webview:webview_service(MB): 84.44,84.44,7.66,84.44,84.44,7.66,84.44,84.44,7.66,84.44,84.44,7.66,84.44,84.44,7.66,84.44,84.44,7.66,84.44,84.44,7.66,84.44,84.44,7.66,84.44,84.44,7.66,84.44,84.44,7.66,84.44,84.44,7.66,84.44,84.44,7.66,84.44,84.44,7.66,84.44,84.44,7.66,84.44,84.44,7.66,84.44,84.44,7.66,84.44,84.44,7.66,84.44,84.44,7.66,84.44,84.44,7.66,84.44,84.44,7.66,84.44,84.44,7.66,84.44,84.44,7.66,84.44,84.44,7.66,84.44,84.44,7.66,84.44,84.44,7.66,84.44,84.44,7.66,84.44,84.44,7.66,84.44,84.44,7.66
{'7911'} com.android.webview:webview_service(MB): min(7.66) max(84.44) average(58.85)
{'2661'} android.process.media(MB): 83.66,83.66,8.97,83.66,83.66,8.97,83.66,83.66,8.97,83.66,83.66,8.97,83.66,83.66,8.96,83.66,83.66,8.97,83.66,83.66,8.97,83.66,83.66,8.97,83.66,83.66,8.97,83.66,83.66,8.97,83.66,83.66,8.97,83.66,83.66,8.97,83.66,83.66,8.97,83.66,83.66,8.97,83.66,83.66,8.97,83.66,83.66,8.97,83.66,83.66,8.97,83.66,83.66,8.97,83.66,83.66,8.97,83.66,83.66,8.97,83.66,83.66,8.88,83.66,83.66,8.97,83.66,83.66,8.97,83.66,83.66,8.97,83.66,83.66,8.97,83.66,83.66,8.97,83.66,83.66,8.97,83.66,83.66,8.97
{'2661'} android.process.media(MB): min(8.88) max(83.66) average(58.76)
{'1460'} com.android.providers.calendar(MB): 82.11,82.11,7.98,82.11,82.11,7.98,82.11,82.11,7.98,82.11,82.11,7.98,82.11,82.11,7.98,82.11,82.11,7.98,82.11,82.11,7.98,82.11,82.11,7.98,82.11,82.11,7.98,82.11,82.11,7.98,82.11,82.11,7.98,82.11,82.11,7.98,82.11,82.11,7.98,82.11,82.11,7.98,82.11,82.11,7.98,82.11,82.11,7.98,82.11,82.11,7.98,82.11,82.11,7.98,82.11,82.11,7.98,82.11,82.11,7.98,82.11,82.11,7.93,82.11,82.11,7.98,82.11,82.11,7.98,82.11,82.11,7.98,82.11,82.11,7.98,82.11,82.11,7.98,82.11,82.11,7.98,82.11,82.11,7.98
{'1460'} com.android.providers.calendar(MB): min(7.93) max(82.11) average(57.4)
{'7882'} com.android.webview:sandboxed_process0:org.chromium.content.app.SandboxedProcessService0:0(MB): 81.94,81.94,6.92,81.94,81.94,6.92,81.94,81.94,6.92,81.94,81.94,6.92,81.94,81.94,6.92,81.94,81.94,6.92,81.94,81.94,6.92,81.94,81.94,6.92,81.94,81.94,6.93,81.94,81.94,6.92,81.94,81.94,6.92,81.94,81.94,6.92,81.94,81.94,6.93,81.94,81.94,6.92,81.94,81.94,6.92,81.94,81.94,6.93,81.94,81.94,6.93,81.94,81.94,6.92,81.94,81.94,6.93,81.94,81.94,6.92,81.94,81.94,6.92,81.94,81.94,6.93,81.94,81.94,6.92,81.94,81.94,6.92,81.94,81.94,6.92,81.94,81.94,6.92,81.94,81.94,6.93,81.94,81.94,6.92
{'7882'} com.android.webview:sandboxed_process0:org.chromium.content.app.SandboxedProcessService0:0(MB): min(6.92) max(81.94) average(56.93)
{'3270'} com.skyworth.microphone(MB): 81.11,81.11,9.63,81.11,81.11,9.63,81.11,81.11,9.63,81.11,81.11,9.63,81.11,81.11,9.63,81.11,81.11,9.63,81.11,81.11,9.63,81.11,81.11,9.63,81.11,81.11,9.63,81.11,81.11,9.63,81.11,81.11,9.63,81.11,81.11,9.63,81.11,81.11,9.63,81.11,81.11,9.63,81.11,81.11,9.63,81.11,81.11,9.63,81.11,81.11,9.63,81.11,81.11,9.63,81.11,81.11,9.63,81.11,81.11,9.63,81.11,81.11,9.37,81.11,81.11,9.63,81.11,81.11,9.63,81.11,81.11,9.63,81.11,81.11,9.63,81.11,81.11,9.63,81.11,81.11,9.63,81.11,81.11,9.63
{'3270'} com.skyworth.microphone(MB): min(9.37) max(81.11) average(57.28)
{'1354'} com.realtek.power(MB): 80.62,80.62,7.27,80.62,80.62,7.27,80.62,80.62,7.27,80.62,80.62,7.27,80.62,80.62,7.27,80.62,80.62,7.27,80.62,80.62,7.27,80.62,80.62,7.27,80.62,80.62,7.27,80.62,80.62,7.27,80.62,80.62,7.27,80.62,80.62,7.27,80.62,80.62,7.27,80.62,80.62,7.27,80.62,80.62,7.27,80.62,80.62,7.27,80.62,80.62,7.27,80.62,80.62,7.27,80.62,80.62,7.27,80.62,80.62,7.27,80.62,80.62,7.27,80.62,80.62,7.27,80.62,80.62,7.27,80.62,80.62,7.27,80.62,80.62,7.27,80.62,80.62,7.27,80.62,80.62,7.27,80.62,80.62,7.27
{'1354'} com.realtek.power(MB): min(7.27) max(80.62) average(56.17)
{'2316'} com.realtek.hw.configprovider(MB): 78.91,78.91,6.83,78.91,78.91,6.83,78.91,78.91,6.83,78.91,78.91,6.83,78.91,78.91,6.83,78.91,78.91,6.83,78.91,78.91,6.83,78.91,78.91,6.83,78.91,78.91,6.83,78.91,78.91,6.83,78.91,78.91,6.83,78.91,78.91,6.83,78.91,78.91,6.83,78.91,78.91,6.83,78.91,78.91,6.83,78.91,78.91,6.83,78.91,78.91,6.83,78.91,78.91,6.83,78.91,78.91,6.83,78.91,78.91,6.83,78.91,78.91,6.83,78.91,78.91,6.83,78.91,78.91,6.83,78.91,78.91,6.83,78.91,78.91,6.83,78.91,78.91,6.83,78.91,78.91,6.83,78.91,78.91,6.83
{'2316'} com.realtek.hw.configprovider(MB): min(6.83) max(78.91) average(54.88)
{'1310'} com.android.se(MB): 78.19,78.19,5.68,78.19,78.19,5.68,78.19,78.19,5.68,78.19,78.19,5.68,78.19,78.19,5.68,78.19,78.19,5.68,78.19,78.19,5.68,78.19,78.19,5.68,78.19,78.19,5.68,78.19,78.19,5.68,78.19,78.19,5.68,78.19,78.19,5.68,78.19,78.19,5.68,78.19,78.19,5.68,78.19,78.19,5.68,78.19,78.19,5.68,78.19,78.19,5.68,78.19,78.19,5.68,78.19,78.19,5.68,78.19,78.19,5.68,78.19,78.19,5.68,78.19,78.19,5.68,78.19,78.19,5.68,78.19,78.19,5.68,78.19,78.19,5.68,78.19,78.19,5.68,78.19,78.19,5.68,78.19,78.19,5.68
{'1310'} com.android.se(MB): min(5.68) max(78.19) average(54.02)
{'1304'} webview_zygote(MB): 74.35,74.35,7.37,74.35,74.35,7.37,74.35,74.35,7.37,74.35,74.35,7.37,74.35,74.35,7.37,74.35,74.35,7.37,74.35,74.35,7.37,74.35,74.35,7.37,74.35,74.35,7.37,74.35,74.35,7.37,74.35,74.35,7.37,74.35,74.35,7.37,74.35,74.35,7.37,74.35,74.35,7.37,74.35,74.35,7.37,74.35,74.35,7.37,74.35,74.35,7.37,74.35,74.35,7.37,74.35,74.35,7.37,74.35,74.35,7.37,74.35,74.35,7.37,74.35,74.35,7.37,74.35,74.35,7.37,74.35,74.35,7.37,74.35,74.35,7.37,74.35,74.35,7.37,74.35,74.35,7.37,74.35,74.35,7.37
{'1304'} webview_zygote(MB): min(7.37) max(74.35) average(52.02)
{'486'} surfaceflinger(MB): 41.28,41.28,20.41,41.29,41.29,20.42,41.26,41.26,20.39,41.25,41.25,20.37,41.27,41.27,20.40,41.25,41.25,20.37,41.27,41.27,20.39,41.27,41.27,20.39,41.27,41.27,20.40,41.27,41.27,20.40,41.27,41.27,20.40,41.27,41.27,20.40,41.27,41.27,20.40,41.27,41.27,20.40,41.27,41.27,20.40,41.27,41.27,20.40,41.27,41.27,20.40,41.27,41.27,20.40,41.27,41.27,20.39,41.27,41.27,20.39,41.27,41.27,20.39,41.27,41.27,20.39,41.27,41.27,20.40,41.27,41.27,20.39,41.27,41.27,20.40,41.27,41.27,20.39,41.28,41.28,20.40,41.27,41.27,20.40
{'486'} surfaceflinger(MB): min(20.37) max(41.29) average(34.31)
{'386'} android.hardware.audio.service(MB): 31.00,31.00,19.28,31.00,31.00,19.28,31.00,31.00,19.27,31.00,31.00,19.27,31.00,31.00,19.27,31.00,31.00,19.27,31.00,31.00,19.27,31.00,31.00,19.27,31.00,31.00,19.27,31.00,31.00,19.27,31.00,31.00,19.27,31.00,31.00,19.27,31.00,31.00,19.27,31.00,31.00,19.27,31.00,31.00,19.27,31.00,31.00,19.27,31.00,31.00,19.27,31.00,31.00,19.27,31.00,31.00,19.27,31.00,31.00,19.27,31.00,31.00,19.27,31.00,31.00,19.27,31.00,31.00,19.27,31.00,31.00,19.27,31.00,31.00,19.27,31.00,31.00,19.27,31.00,31.00,19.27,31.00,31.00,19.27
{'386'} android.hardware.audio.service(MB): min(19.27) max(31.0) average(27.09)
{'443'} vendor.skyworth.hardware.hwtvbase@1.0-service(MB): 27.54,27.54,17.79,27.54,27.54,17.79,27.54,27.54,17.78,27.54,27.54,17.78,27.54,27.54,17.78,27.54,27.54,17.78,27.54,27.54,17.78,27.54,27.54,17.78,27.54,27.54,17.78,27.54,27.54,17.78,27.54,27.54,17.78,27.54,27.54,17.78,27.54,27.54,17.78,27.54,27.54,17.78,27.54,27.54,17.78,27.54,27.54,17.78,27.54,27.54,17.78,27.54,27.54,17.78,27.54,27.54,17.78,27.54,27.54,17.78,27.54,27.54,17.78,27.54,27.54,17.78,27.54,27.54,17.78,27.54,27.54,17.78,27.54,27.54,17.78,27.54,27.54,17.78,27.54,27.54,17.78,27.54,27.54,17.78
{'443'} vendor.skyworth.hardware.hwtvbase@1.0-service(MB): min(17.78) max(27.54) average(24.29)
{'436'} vendor.realtek.tv@1.0-service(MB): 23.28,23.28,7.44,23.28,23.28,7.44,23.28,23.28,7.44,23.28,23.28,7.44,23.28,23.28,7.44,23.28,23.28,7.44,23.28,23.28,7.44,23.28,23.28,7.44,23.28,23.28,7.44,23.28,23.28,7.44,23.28,23.28,7.44,23.28,23.28,7.44,23.28,23.28,7.44,23.28,23.28,7.44,23.28,23.28,7.44,23.28,23.28,7.44,23.28,23.28,7.44,23.28,23.28,7.44,23.28,23.28,7.44,23.28,23.28,7.44,23.28,23.28,7.44,23.28,23.28,7.44,23.28,23.28,7.44,23.28,23.28,7.44,23.28,23.28,7.44,23.28,23.28,7.44,23.28,23.28,7.44,23.28,23.28,7.44
{'436'} vendor.realtek.tv@1.0-service(MB): min(7.44) max(23.28) average(18.0)
{'649'} tvservice(MB): 23.05,23.05,9.17,23.05,23.05,9.16,23.05,23.05,9.16,23.05,23.05,9.16,23.05,23.05,9.16,23.05,23.05,9.16,23.05,23.05,9.16,23.05,23.05,9.16,23.05,23.05,9.16,23.05,23.05,9.16,23.05,23.05,9.16,23.05,23.05,9.16,23.05,23.05,9.16,23.05,23.05,9.16,23.05,23.05,9.16,23.05,23.05,9.16,23.05,23.05,9.16,23.05,23.05,9.16,23.05,23.05,9.16,23.05,23.05,9.16,23.05,23.05,9.16,23.05,23.05,9.16,23.05,23.05,9.16,23.05,23.05,9.16,23.05,23.05,9.16,23.05,23.05,9.16,23.05,23.05,9.16,23.05,23.05,9.15
{'649'} tvservice(MB): min(9.15) max(23.05) average(18.42)
{'449'} audioserver(MB): 22.34,22.34,10.30,22.34,22.34,10.30,22.55,22.55,10.41,22.55,22.55,10.41,22.55,22.55,10.41,22.55,22.55,10.41,22.55,22.55,10.41,22.55,22.55,10.41,22.55,22.55,10.41,22.55,22.55,10.41,22.55,22.55,10.41,22.55,22.55,10.41,22.55,22.55,10.41,22.55,22.55,10.41,22.55,22.55,10.41,22.55,22.55,10.41,22.55,22.55,10.41,22.55,22.55,10.41,22.55,22.55,10.41,22.55,22.55,10.41,22.55,22.55,10.41,22.55,22.55,10.41,22.55,22.55,10.41,22.55,22.55,10.41,22.55,22.55,10.41,22.55,22.55,10.41,22.55,22.55,10.41,22.55,22.55,10.41
{'449'} audioserver(MB): min(10.3) max(22.55) average(18.49)
{'442'} vendor.skyworth.hardware.hwtv@1.0-service(MB): 21.85,21.85,12.04,21.85,21.85,12.04,21.85,21.85,12.04,21.85,21.85,12.04,21.85,21.85,12.04,21.85,21.85,12.04,21.85,21.85,12.04,21.85,21.85,12.04,21.85,21.85,12.04,21.85,21.85,12.04,21.85,21.85,12.04,21.85,21.85,12.04,21.85,21.85,12.04,21.85,21.85,12.04,21.85,21.85,12.04,21.85,21.85,12.04,21.85,21.85,12.04,21.85,21.85,12.04,21.85,21.85,12.04,21.85,21.85,12.04,21.85,21.85,12.04,21.85,21.85,12.04,21.85,21.85,12.04,21.85,21.85,12.04,21.85,21.85,12.04,21.85,21.85,12.04,21.85,21.85,12.04,21.85,21.85,12.04
{'442'} vendor.skyworth.hardware.hwtv@1.0-service(MB): min(12.04) max(21.85) average(18.58)
{'558'} media.extractor(MB): 21.05,21.05,6.30,21.05,21.05,6.29,21.05,21.05,6.25,21.05,21.05,6.25,21.05,21.05,6.25,21.05,21.05,6.25,21.05,21.05,6.25,21.05,21.05,6.25,21.05,21.05,6.25,21.05,21.05,6.25,21.05,21.05,6.25,21.05,21.05,6.25,21.05,21.05,6.25,21.05,21.05,6.25,21.05,21.05,6.25,21.05,21.05,6.25,21.05,21.05,6.25,21.05,21.05,6.25,21.05,21.05,6.25,21.05,21.05,6.25,21.05,21.05,6.25,21.05,21.05,6.25,21.05,21.05,6.25,21.05,21.05,6.25,21.05,21.05,6.25,21.05,21.05,6.25,21.05,21.05,6.25,21.05,21.05,6.25
{'558'} media.extractor(MB): min(6.25) max(21.05) average(16.12)
{'495'} DhcpClientd(MB): 20.55,20.55,6.11,20.55,20.55,6.11,20.55,20.55,6.11,20.55,20.55,6.11,20.55,20.55,6.11,20.55,20.55,6.11,20.55,20.55,6.11,20.55,20.55,6.11,20.55,20.55,6.11,20.55,20.55,6.11,20.55,20.55,6.11,20.55,20.55,6.11,20.55,20.55,6.11,20.55,20.55,6.11,20.55,20.55,6.11,20.55,20.55,6.11,20.55,20.55,6.11,20.55,20.55,6.11,20.55,20.55,6.11,20.55,20.55,6.11,20.55,20.55,6.11,20.55,20.55,6.11,20.55,20.55,6.11,20.55,20.55,6.11,20.55,20.55,6.11,20.55,20.55,6.11,20.55,20.55,6.11,20.55,20.55,6.11
{'495'} DhcpClientd(MB): min(6.11) max(20.55) average(15.74)
{'603'} mediaserver(MB): 20.46,20.46,5.79,20.46,20.46,5.74,20.46,20.46,5.73,20.46,20.46,5.73,20.46,20.46,5.73,20.46,20.46,5.73,20.46,20.46,5.73,20.46,20.46,5.73,20.46,20.46,5.73,20.46,20.46,5.73,20.46,20.46,5.73,20.46,20.46,5.72,20.46,20.46,5.73,20.46,20.46,5.73,20.46,20.46,5.73,20.46,20.46,5.73,20.46,20.46,5.73,20.46,20.46,5.73,20.46,20.46,5.73,20.46,20.46,5.73,20.46,20.46,5.73,20.46,20.46,5.73,20.46,20.46,5.73,20.46,20.46,5.73,20.46,20.46,5.73,20.46,20.46,5.73,20.47,20.47,5.73,20.47,20.47,5.73
{'603'} mediaserver(MB): min(5.72) max(20.47) average(15.55)
{'544'} cameraserver(MB): 20.16,20.16,7.62,20.16,20.16,7.62,20.16,20.16,7.59,20.16,20.16,7.59,20.16,20.16,7.59,20.16,20.16,7.59,20.16,20.16,7.58,20.16,20.16,7.59,20.16,20.16,7.59,20.16,20.16,7.59,20.16,20.16,7.59,20.16,20.16,7.59,20.16,20.16,7.59,20.16,20.16,7.59,20.16,20.16,7.59,20.16,20.16,7.59,20.16,20.16,7.59,20.16,20.16,7.59,20.16,20.16,7.59,20.16,20.16,7.59,20.16,20.16,7.59,20.16,20.16,7.59,20.16,20.16,7.59,20.16,20.16,7.59,20.16,20.16,7.59,20.16,20.16,7.58,20.16,20.16,7.59,20.16,20.16,7.58
{'544'} cameraserver(MB): min(7.58) max(20.16) average(15.97)
{'414'} android.hardware.media.c2@1.2-rtk-service(MB): 19.17,19.17,7.32,19.17,19.17,7.32,20.18,20.18,7.74,20.18,20.18,7.74,20.18,20.18,7.74,20.18,20.18,7.74,20.18,20.18,7.74,20.18,20.18,7.74,20.18,20.18,7.74,20.18,20.18,7.74,20.18,20.18,7.74,20.18,20.18,7.74,20.18,20.18,7.74,20.18,20.18,7.74,20.18,20.18,7.74,20.18,20.18,7.74,20.18,20.18,7.74,20.18,20.18,7.74,20.18,20.18,7.74,20.18,20.18,7.74,20.18,20.18,7.74,20.18,20.18,7.74,20.18,20.18,7.74,20.18,20.18,7.74,20.18,20.18,7.74,20.18,20.18,7.74,20.18,20.18,7.74,20.20,20.20,7.75
{'414'} android.hardware.media.c2@1.2-rtk-service(MB): min(7.32) max(20.2) average(15.98)
{'432'} vendor.realtek.media@1.0-service(MB): 18.76,18.76,6.31,18.76,18.76,6.31,18.76,18.76,6.31,18.76,18.76,6.31,18.76,18.76,6.31,18.76,18.76,6.31,18.76,18.76,6.31,18.76,18.76,6.31,18.76,18.76,6.31,18.76,18.76,6.31,18.76,18.76,6.31,18.76,18.76,6.31,18.76,18.76,6.31,18.76,18.76,6.31,18.76,18.76,6.31,18.76,18.76,6.31,18.76,18.76,6.31,18.76,18.76,6.31,18.76,18.76,6.31,18.76,18.76,6.31,18.76,18.76,6.31,18.76,18.76,6.31,18.76,18.76,6.31,18.76,18.76,6.31,18.76,18.76,6.31,18.76,18.76,6.31,18.76,18.76,6.31,18.76,18.76,6.31
{'432'} vendor.realtek.media@1.0-service(MB): min(6.31) max(18.76) average(14.61)
{'659'} media.swcodec(MB): 17.87,17.87,8.00,18.65,18.65,8.78,18.55,18.55,8.70,18.55,18.55,8.70,18.55,18.55,8.70,18.55,18.55,8.70,18.55,18.55,8.70,18.55,18.55,8.70,18.55,18.55,8.70,18.55,18.55,8.70,18.55,18.55,8.70,18.55,18.55,8.70,18.55,18.55,8.70,18.55,18.55,8.70,18.55,18.55,8.70,18.55,18.55,8.70,18.55,18.55,8.70,18.55,18.55,8.70,18.55,18.55,8.70,18.55,18.55,8.70,18.55,18.55,8.70,18.55,18.55,8.70,18.55,18.55,8.70,18.55,18.55,8.70,18.55,18.55,8.70,18.55,18.55,8.70,18.57,18.57,8.72,18.86,18.86,8.97
{'659'} media.swcodec(MB): min(8.0) max(18.86) average(15.26)
{'406'} android.hardware.graphics.composer-rtk@2.4-service(MB): 16.43,16.43,5.14,16.43,16.43,5.14,16.43,16.43,5.13,16.43,16.43,5.12,16.43,16.43,5.13,16.43,16.43,5.13,16.43,16.43,5.13,16.43,16.43,5.13,16.43,16.43,5.13,16.43,16.43,5.13,16.43,16.43,5.13,16.43,16.43,5.13,16.43,16.43,5.13,16.43,16.43,5.13,16.43,16.43,5.12,16.43,16.43,5.13,16.43,16.43,5.13,16.43,16.43,5.13,16.43,16.43,5.13,16.43,16.43,5.13,16.43,16.43,5.13,16.43,16.43,5.13,16.43,16.43,5.13,16.43,16.43,5.13,16.43,16.43,5.13,16.43,16.43,5.13,16.43,16.43,5.13,16.43,16.43,5.13
{'406'} android.hardware.graphics.composer-rtk@2.4-service(MB): min(5.12) max(16.43) average(12.66)
{'5218'} adbd(MB): 14.16,14.16,6.26,15.15,15.15,11.53,15.15,15.15,11.52,15.15,15.15,11.53,15.15,15.15,11.53,15.15,15.15,11.52,15.15,15.15,11.53,15.15,15.15,11.53,15.16,15.16,11.54,15.15,15.15,11.52,16.16,16.16,12.53,15.15,15.15,11.53,15.15,15.15,11.52,14.16,14.16,10.53,15.15,15.15,11.52,15.15,15.15,11.52,15.15,15.15,11.52,14.16,14.16,10.53,15.15,15.15,11.52,15.15,15.15,11.53,15.15,15.15,11.52,15.16,15.16,11.54,15.15,15.15,11.52,15.15,15.15,11.52,15.16,15.16,11.54,15.15,15.15,11.53,15.15,15.15,11.52,14.16,14.16,10.53
{'5218'} adbd(MB): min(6.26) max(16.16) average(13.79)
{'607'} mediatuner(MB): 13.43,13.43,3.97,13.43,13.43,3.96,13.43,13.43,3.96,13.43,13.43,3.96,13.43,13.43,3.96,13.43,13.43,3.96,13.43,13.43,3.96,13.43,13.43,3.96,13.43,13.43,3.96,13.43,13.43,3.96,13.43,13.43,3.96,13.43,13.43,3.96,13.43,13.43,3.96,13.43,13.43,3.96,13.43,13.43,3.96,13.43,13.43,3.96,13.43,13.43,3.96,13.43,13.43,3.96,13.43,13.43,3.96,13.43,13.43,3.96,13.43,13.43,3.96,13.43,13.43,3.96,13.43,13.43,3.96,13.43,13.43,3.96,13.43,13.43,3.96,13.43,13.43,3.96,13.43,13.43,3.96,13.43,13.43,3.96
{'607'} mediatuner(MB): min(3.96) max(13.43) average(10.27)
{'309'} vendor.skyworth.hardware.hwdevice@1.0-service(MB): 13.29,13.29,4.38,13.29,13.29,4.38,13.29,13.29,4.38,13.29,13.29,4.38,13.29,13.29,4.38,13.29,13.29,4.38,13.29,13.29,4.38,13.29,13.29,4.38,13.29,13.29,4.38,13.29,13.29,4.38,13.29,13.29,4.38,13.29,13.29,4.38,13.29,13.29,4.38,13.29,13.29,4.38,13.29,13.29,4.38,13.29,13.29,4.38,13.29,13.29,4.38,13.29,13.29,4.38,13.29,13.29,4.38,13.29,13.29,4.38,13.29,13.29,4.38,13.29,13.29,4.38,13.29,13.29,4.38,13.29,13.29,4.38,13.29,13.29,4.38,13.29,13.29,4.38,13.29,13.29,4.38,13.29,13.29,4.38
{'309'} vendor.skyworth.hardware.hwdevice@1.0-service(MB): min(4.38) max(13.29) average(10.32)
{'619'} media.codec(MB): 12.37,12.37,3.33,12.37,12.37,3.33,12.37,12.37,3.33,12.37,12.37,3.33,12.37,12.37,3.33,12.37,12.37,3.33,12.37,12.37,3.33,12.37,12.37,3.33,12.37,12.37,3.33,12.37,12.37,3.33,12.37,12.37,3.33,12.37,12.37,3.33,12.37,12.37,3.33,12.37,12.37,3.33,12.37,12.37,3.33,12.37,12.37,3.33,12.37,12.37,3.33,12.37,12.37,3.33,12.37,12.37,3.33,12.37,12.37,3.33,12.37,12.37,3.33,12.37,12.37,3.33,12.37,12.37,3.33,12.37,12.37,3.33,12.37,12.37,3.33,12.37,12.37,3.33,12.37,12.37,3.33,12.37,12.37,3.33
{'619'} media.codec(MB): min(3.33) max(12.37) average(9.36)
{'439'} vendor.skyworth.hardware.hwpanelUsb@1.0-service(MB): 11.99,11.99,3.43,11.99,11.99,3.43,11.99,11.99,3.43,11.99,11.99,3.43,11.99,11.99,3.43,11.99,11.99,3.43,11.99,11.99,3.43,11.99,11.99,3.43,11.99,11.99,3.43,11.99,11.99,3.43,11.99,11.99,3.43,11.99,11.99,3.43,11.99,11.99,3.43,11.99,11.99,3.43,11.99,11.99,3.43,11.99,11.99,3.43,11.99,11.99,3.43,11.99,11.99,3.43,11.99,11.99,3.43,11.99,11.99,3.43,11.99,11.99,3.43,11.99,11.99,3.43,11.99,11.99,3.43,11.99,11.99,3.43,11.99,11.99,3.43,11.99,11.99,3.43,11.99,11.99,3.43,11.99,11.99,3.43
{'439'} vendor.skyworth.hardware.hwpanelUsb@1.0-service(MB): min(3.43) max(11.99) average(9.14)
{'302'} keystore2(MB): 11.02,11.02,4.26,11.02,11.02,4.26,11.02,11.02,4.26,11.02,11.02,4.26,11.02,11.02,4.26,11.02,11.02,4.26,11.02,11.02,4.26,11.02,11.02,4.26,11.02,11.02,4.26,11.02,11.02,4.26,11.02,11.02,4.26,11.02,11.02,4.26,11.02,11.02,4.26,11.02,11.02,4.26,11.02,11.02,4.26,11.02,11.02,4.26,11.02,11.02,4.26,11.02,11.02,4.26,11.02,11.02,4.26,11.02,11.02,4.26,11.02,11.02,4.26,11.02,11.02,4.26,11.02,11.02,4.26,11.02,11.02,4.26,11.02,11.02,4.26,11.02,11.02,4.26,11.02,11.02,4.26,11.02,11.02,4.26
{'302'} keystore2(MB): min(4.26) max(11.02) average(8.77)
{'445'} vendor.skyworth.hardware.screenrecord@1.0-service(MB): 10.47,10.47,2.64,10.47,10.47,2.64,10.47,10.47,2.64,10.47,10.47,2.64,10.47,10.47,2.64,10.47,10.47,2.64,10.47,10.47,2.64,10.47,10.47,2.64,10.47,10.47,2.64,10.47,10.47,2.64,10.47,10.47,2.64,10.47,10.47,2.64,10.47,10.47,2.64,10.47,10.47,2.64,10.47,10.47,2.64,10.47,10.47,2.64,10.47,10.47,2.64,10.47,10.47,2.64,10.47,10.47,2.64,10.47,10.47,2.64,10.47,10.47,2.64,10.47,10.47,2.64,10.47,10.47,2.64,10.47,10.47,2.64,10.47,10.47,2.64,10.47,10.47,2.64,10.47,10.47,2.64,10.47,10.47,2.64
{'445'} vendor.skyworth.hardware.screenrecord@1.0-service(MB): min(2.64) max(10.47) average(7.86)
{'624'} audioserver_sky(MB): 9.63,9.63,2.62,9.63,9.63,2.61,9.63,9.63,2.61,9.63,9.63,2.61,9.63,9.63,2.61,9.63,9.63,2.61,9.63,9.63,2.61,9.63,9.63,2.61,9.63,9.63,2.61,9.63,9.63,2.61,9.63,9.63,2.61,9.63,9.63,2.61,9.63,9.63,2.61,9.63,9.63,2.61,9.63,9.63,2.61,9.63,9.63,2.61,9.63,9.63,2.61,9.63,9.63,2.61,9.63,9.63,2.61,9.63,9.63,2.61,9.63,9.63,2.61,9.63,9.63,2.61,9.63,9.63,2.61,9.63,9.63,2.61,9.63,9.63,2.61,9.63,9.63,2.61,9.63,9.63,2.61,9.63,9.63,2.61
{'624'} audioserver_sky(MB): min(2.61) max(9.63) average(7.29)
{'367'} netd(MB): 9.61,9.61,4.47,9.65,9.65,4.51,9.66,9.66,4.51,9.66,9.66,4.51,9.66,9.66,4.51,9.62,9.62,4.48,9.63,9.63,4.49,9.64,9.64,4.50,9.64,9.64,4.50,9.64,9.64,4.50,9.64,9.64,4.50,9.64,9.64,4.50,9.64,9.64,4.50,9.64,9.64,4.50,9.64,9.64,4.50,9.64,9.64,4.50,9.64,9.64,4.50,9.64,9.64,4.50,9.64,9.64,4.50,9.64,9.64,4.50,9.64,9.64,4.50,9.64,9.64,4.50,9.64,9.64,4.50,9.64,9.64,4.50,9.64,9.64,4.50,9.64,9.64,4.50,9.64,9.64,4.50,9.64,9.64,4.50
{'367'} netd(MB): min(4.47) max(9.66) average(7.93)
{'419'} android.hardware.tv.cec@1.0-service(MB): 9.53,9.53,2.17,9.53,9.53,2.17,9.53,9.53,2.17,9.53,9.53,2.17,9.53,9.53,2.17,9.53,9.53,2.17,9.53,9.53,2.17,9.53,9.53,2.17,9.53,9.53,2.17,9.53,9.53,2.17,9.53,9.53,2.17,9.53,9.53,2.17,9.53,9.53,2.17,9.53,9.53,2.17,9.53,9.53,2.17,9.53,9.53,2.17,9.53,9.53,2.17,9.53,9.53,2.17,9.53,9.53,2.17,9.53,9.53,2.17,9.53,9.53,2.17,9.53,9.53,2.17,9.53,9.53,2.17,9.53,9.53,2.17,9.53,9.53,2.17,9.53,9.53,2.17,9.53,9.53,2.17,9.53,9.53,2.17
{'419'} android.hardware.tv.cec@1.0-service(MB): min(2.17) max(9.53) average(7.08)
{'1', '226'} init(MB): 9.32,6.43,9.32,6.43,5.08,2.52,9.32,6.43,9.32,6.43,5.08,2.52,9.32,6.43,9.32,6.43,5.08,2.52,9.32,6.43,9.32,6.43,5.08,2.52,9.32,6.43,9.32,6.43,5.08,2.52,9.32,6.43,9.32,6.43,5.08,2.52,9.32,6.43,9.32,6.43,5.08,2.52,9.32,6.43,9.32,6.43,5.08,2.52,9.32,6.43,9.32,6.43,5.08,2.52,9.32,6.43,9.32,6.43,5.08,2.52,9.32,6.43,9.32,6.43,5.08,2.52,9.32,6.43,9.32,6.43,5.08,2.52,9.32,6.43,9.32,6.43,5.08,2.52,9.32,6.43,9.32,6.43,5.08,2.52,9.32,6.43,9.32,6.43,5.08,2.52,9.32,6.43,9.32,6.43,5.08,2.52,9.32,6.43,9.32,6.43,5.08,2.52,9.32,6.43,9.32,6.43,5.08,2.52,9.32,6.43,9.32,6.43,5.08,2.52,9.32,6.43,9.32,6.43,5.08,2.52,9.32,6.43,9.32,6.43,5.08,2.52,9.32,6.43,9.32,6.43,5.08,2.52,9.32,6.43,9.32,6.43,5.08,2.52,9.32,6.43,9.32,6.43,5.08,2.52,9.32,6.43,9.32,6.43,5.08,2.52,9.32,6.43,9.32,6.43,5.08,2.52,9.32,6.43,9.32,6.43,5.08,2.52,9.32,6.43,9.32,6.43,5.08,2.52
{'1', '226'} init(MB): min(2.52) max(9.32) average(6.52)
{'654'} vscserver(MB): 8.89,8.89,2.26,8.89,8.89,2.26,8.89,8.89,2.26,8.89,8.89,2.26,8.89,8.89,2.26,8.89,8.89,2.26,8.89,8.89,2.26,8.89,8.89,2.26,8.89,8.89,2.26,8.89,8.89,2.26,8.89,8.89,2.26,8.89,8.89,2.26,8.89,8.89,2.26,8.89,8.89,2.26,8.89,8.89,2.26,8.89,8.89,2.26,8.89,8.89,2.26,8.89,8.89,2.26,8.89,8.89,2.26,8.89,8.89,2.26,8.89,8.89,2.26,8.89,8.89,2.26,8.89,8.89,2.26,8.89,8.89,2.26,8.89,8.89,2.26,8.89,8.89,2.26,8.89,8.89,2.26,8.95,8.95,2.28
{'654'} vscserver(MB): min(2.26) max(8.95) average(6.68)
{'308'} rtkd(MB): 8.86,8.86,2.08,8.86,8.86,2.08,8.86,8.86,2.08,8.86,8.86,2.08,8.86,8.86,2.08,8.86,8.86,2.08,8.86,8.86,2.08,8.86,8.86,2.08,8.86,8.86,2.08,8.86,8.86,2.08,8.86,8.86,2.08,8.86,8.86,2.08,8.86,8.86,2.08,8.86,8.86,2.08,8.86,8.86,2.08,8.86,8.86,2.08,8.86,8.86,2.08,8.86,8.86,2.08,8.86,8.86,2.08,8.86,8.86,2.08,8.86,8.86,2.08,8.86,8.86,2.08,8.86,8.86,2.08,8.86,8.86,2.08,8.86,8.86,2.08,8.86,8.86,2.08,8.86,8.86,2.08,8.86,8.86,2.08
{'308'} rtkd(MB): min(2.08) max(8.86) average(6.6)
{'1419'} wpa_supplicant(MB): 8.60,8.60,4.09,8.60,8.60,4.09,8.60,8.60,4.09,8.60,8.60,4.09,8.60,8.60,4.09,8.60,8.60,4.09,8.60,8.60,4.09,8.60,8.60,4.09,8.60,8.60,4.09,8.60,8.60,4.09,8.60,8.60,4.09,8.60,8.60,4.09,8.60,8.60,4.09,8.60,8.60,4.09,8.60,8.60,4.09,8.60,8.60,4.09,8.60,8.60,4.09,8.60,8.60,4.09,8.60,8.60,4.09,8.60,8.60,4.09,8.60,8.60,4.09,8.60,8.60,4.09,8.60,8.60,4.09,8.60,8.60,4.09,8.60,8.60,4.09,8.60,8.60,4.09,8.60,8.60,4.09,8.60,8.60,4.09
{'1419'} wpa_supplicant(MB): min(4.09) max(8.6) average(7.1)
{'400'} android.hardware.drm-service.widevine(MB): 7.68,7.68,3.50,7.68,7.68,3.50,7.68,7.68,3.50,7.68,7.68,3.50,7.68,7.68,3.50,7.68,7.68,3.50,7.68,7.68,3.50,7.68,7.68,3.50,7.68,7.68,3.50,7.68,7.68,3.50,7.68,7.68,3.50,7.68,7.68,3.50,7.68,7.68,3.50,7.68,7.68,3.50,7.68,7.68,3.50,7.68,7.68,3.50,7.68,7.68,3.50,7.68,7.68,3.50,7.68,7.68,3.50,7.68,7.68,3.50,7.68,7.68,3.50,7.68,7.68,3.50,7.68,7.68,3.50,7.68,7.68,3.50,7.68,7.68,3.50,7.68,7.68,3.50,7.68,7.68,3.50,7.68,7.68,3.50
{'400'} android.hardware.drm-service.widevine(MB): min(3.5) max(7.68) average(6.29)
{'421'} android.hardware.tv.input@1.0-service(MB): 7.21,7.21,1.29,7.21,7.21,1.29,7.21,7.21,1.29,7.21,7.21,1.29,7.21,7.21,1.29,7.21,7.21,1.29,7.21,7.21,1.29,7.21,7.21,1.29,7.21,7.21,1.29,7.21,7.21,1.29,7.21,7.21,1.29,7.21,7.21,1.29,7.21,7.21,1.29,7.21,7.21,1.29,7.21,7.21,1.29,7.21,7.21,1.29,7.21,7.21,1.29,7.21,7.21,1.29,7.21,7.21,1.29,7.21,7.21,1.29,7.21,7.21,1.29,7.21,7.21,1.29,7.21,7.21,1.29,7.21,7.21,1.29,7.21,7.21,1.29,7.21,7.21,1.29,7.21,7.21,1.29,7.21,7.21,1.29
{'421'} android.hardware.tv.input@1.0-service(MB): min(1.29) max(7.21) average(5.24)
{'1222'} android.hardware.wifi@1.0-service-lazy(MB): 7.13,7.13,4.02,7.13,7.13,4.02,7.13,7.13,4.02,7.13,7.13,4.02,7.13,7.13,4.02,7.13,7.13,4.02,7.13,7.13,4.02,7.13,7.13,4.02,7.13,7.13,4.02,7.13,7.13,4.02,7.13,7.13,4.02,7.13,7.13,4.02,7.13,7.13,4.02,7.13,7.13,4.02,7.13,7.13,4.02,7.13,7.13,4.02,7.13,7.13,4.02,7.13,7.13,4.02,7.13,7.13,4.02,7.13,7.13,4.02,7.13,7.13,4.02,7.13,7.13,4.02,7.13,7.13,4.02,7.13,7.13,4.02,7.13,7.13,4.02,7.13,7.13,4.02,7.13,7.13,4.02,7.13,7.13,4.02
{'1222'} android.hardware.wifi@1.0-service-lazy(MB): min(4.02) max(7.13) average(6.09)
{'253'} vold(MB): 6.96,6.96,2.41,6.96,6.96,2.41,6.96,6.96,2.41,6.96,6.96,2.41,6.96,6.96,2.41,6.96,6.96,2.41,6.96,6.96,2.41,6.96,6.96,2.41,6.96,6.96,2.41,6.96,6.96,2.41,6.96,6.96,2.41,6.96,6.96,2.41,6.96,6.96,2.41,6.96,6.96,2.41,6.96,6.96,2.41,6.96,6.96,2.41,6.96,6.96,2.41,6.96,6.96,2.41,6.96,6.96,2.41,6.96,6.96,2.41,6.96,6.96,2.41,6.96,6.96,2.41,6.96,6.96,2.41,6.96,6.96,2.41,6.96,6.96,2.41,6.96,6.96,2.41,6.96,6.96,2.41,6.96,6.96,2.41
{'253'} vold(MB): min(2.41) max(6.96) average(5.44)
{'402'} android.hardware.graphics.allocator@4.0-service(MB): 6.87,6.87,1.70,6.87,6.87,1.70,6.87,6.87,1.69,6.87,6.87,1.69,6.87,6.87,1.69,6.87,6.87,1.69,6.87,6.87,1.69,6.87,6.87,1.69,6.87,6.87,1.69,6.87,6.87,1.69,6.87,6.87,1.69,6.87,6.87,1.69,6.87,6.87,1.69,6.87,6.87,1.69,6.87,6.87,1.69,6.87,6.87,1.69,6.87,6.87,1.69,6.87,6.87,1.69,6.87,6.87,1.69,6.87,6.87,1.69,6.87,6.87,1.69,6.87,6.87,1.69,6.87,6.87,1.69,6.87,6.87,1.69,6.87,6.87,1.69,6.87,6.87,1.69,6.87,6.87,1.69,6.87,6.87,1.69
{'402'} android.hardware.graphics.allocator@4.0-service(MB): min(1.69) max(6.87) average(5.14)
{'562'} media.metrics(MB): 6.77,6.77,2.22,6.79,6.79,2.24,6.84,6.84,2.30,6.85,6.85,2.30,6.85,6.85,2.31,6.87,6.87,2.33,6.87,6.87,2.33,6.89,6.89,2.35,6.90,6.90,2.36,6.92,6.92,2.38,6.93,6.93,2.38,6.94,6.94,2.40,6.95,6.95,2.41,6.96,6.96,2.42,6.97,6.97,2.43,6.97,6.97,2.43,6.97,6.97,2.43,6.97,6.97,2.43,6.97,6.97,2.43,6.99,6.99,2.45,6.99,6.99,2.45,7.01,7.01,2.46,7.02,7.02,2.48,7.04,7.04,2.50,7.06,7.06,2.52,7.08,7.08,2.54,7.12,7.12,2.57,7.16,7.16,2.62
{'562'} media.metrics(MB): min(2.22) max(7.16) average(5.44)
{'307'} android.hardware.power-service.realtek(MB): 6.72,6.72,1.22,6.72,6.72,1.22,6.72,6.72,1.22,6.72,6.72,1.22,6.72,6.72,1.22,6.72,6.72,1.22,6.72,6.72,1.22,6.72,6.72,1.22,6.72,6.72,1.22,6.72,6.72,1.22,6.72,6.72,1.22,6.72,6.72,1.22,6.72,6.72,1.22,6.72,6.72,1.22,6.72,6.72,1.22,6.72,6.72,1.22,6.72,6.72,1.22,6.72,6.72,1.22,6.72,6.72,1.22,6.72,6.72,1.22,6.72,6.72,1.22,6.72,6.72,1.22,6.72,6.72,1.22,6.72,6.72,1.22,6.72,6.72,1.22,6.72,6.72,1.22,6.72,6.72,1.22,6.72,6.72,1.22
{'307'} android.hardware.power-service.realtek(MB): min(1.22) max(6.72) average(4.89)
{'228'} ueventd(MB): 6.59,6.59,2.65,6.59,6.59,2.65,6.59,6.59,2.65,6.59,6.59,2.65,6.59,6.59,2.65,6.59,6.59,2.65,6.59,6.59,2.65,6.59,6.59,2.65,6.59,6.59,2.65,6.59,6.59,2.65,6.59,6.59,2.65,6.59,6.59,2.65,6.59,6.59,2.65,6.59,6.59,2.65,6.59,6.59,2.65,6.59,6.59,2.65,6.59,6.59,2.65,6.59,6.59,2.65,6.59,6.59,2.65,6.59,6.59,2.65,6.59,6.59,2.65,6.59,6.59,2.65,6.59,6.59,2.65,6.59,6.59,2.65,6.59,6.59,2.65,6.59,6.59,2.65,6.59,6.59,2.65,6.59,6.59,2.65
{'228'} ueventd(MB): min(2.65) max(6.59) average(5.28)
{'399'} android.hardware.drm-service.playready(MB): 6.27,6.27,1.94,6.27,6.27,1.94,6.27,6.27,1.94,6.27,6.27,1.94,6.27,6.27,1.94,6.27,6.27,1.94,6.27,6.27,1.94,6.27,6.27,1.94,6.27,6.27,1.94,6.27,6.27,1.94,6.27,6.27,1.94,6.27,6.27,1.94,6.27,6.27,1.94,6.27,6.27,1.94,6.27,6.27,1.94,6.27,6.27,1.94,6.27,6.27,1.94,6.27,6.27,1.94,6.27,6.27,1.94,6.27,6.27,1.94,6.27,6.27,1.94,6.27,6.27,1.94,6.27,6.27,1.94,6.27,6.27,1.94,6.27,6.27,1.94,6.27,6.27,1.94,6.27,6.27,1.94,6.27,6.27,1.94
{'399'} android.hardware.drm-service.playready(MB): min(1.94) max(6.27) average(4.83)
{'455'} credstore(MB): 6.25,6.25,1.88,6.25,6.25,1.88,6.25,6.25,1.88,6.25,6.25,1.88,6.25,6.25,1.88,6.25,6.25,1.88,6.25,6.25,1.88,6.25,6.25,1.88,6.25,6.25,1.88,6.25,6.25,1.88,6.25,6.25,1.88,6.25,6.25,1.88,6.25,6.25,1.88,6.25,6.25,1.88,6.25,6.25,1.88,6.25,6.25,1.88,6.25,6.25,1.88,6.25,6.25,1.88,6.25,6.25,1.88,6.25,6.25,1.88,6.25,6.25,1.88,6.25,6.25,1.88,6.25,6.25,1.88,6.25,6.25,1.87,6.25,6.25,1.88,6.25,6.25,1.88,6.25,6.25,1.88,6.25,6.25,1.87
{'455'} credstore(MB): min(1.87) max(6.25) average(4.79)
{'255'} android.hardware.security.keymint-rtk-service(MB): 6.24,6.24,1.75,6.24,6.24,1.75,6.24,6.24,1.75,6.24,6.24,1.75,6.24,6.24,1.75,6.24,6.24,1.75,6.24,6.24,1.75,6.24,6.24,1.75,6.24,6.24,1.75,6.24,6.24,1.75,6.24,6.24,1.75,6.24,6.24,1.75,6.24,6.24,1.75,6.24,6.24,1.75,6.24,6.24,1.75,6.24,6.24,1.75,6.24,6.24,1.75,6.24,6.24,1.75,6.24,6.24,1.75,6.24,6.24,1.75,6.24,6.24,1.75,6.24,6.24,1.75,6.24,6.24,1.75,6.24,6.24,1.75,6.24,6.24,1.75,6.24,6.24,1.75,6.24,6.24,1.75,6.24,6.24,1.75
{'255'} android.hardware.security.keymint-rtk-service(MB): min(1.75) max(6.24) average(4.74)
{'485'} gpuservice(MB): 6.20,6.20,1.84,6.20,6.20,1.84,6.20,6.20,1.84,6.20,6.20,1.84,6.20,6.20,1.84,6.20,6.20,1.84,6.20,6.20,1.84,6.20,6.20,1.84,6.20,6.20,1.84,6.20,6.20,1.84,6.20,6.20,1.84,6.20,6.20,1.84,6.20,6.20,1.84,6.20,6.20,1.84,6.20,6.20,1.84,6.20,6.20,1.84,6.20,6.20,1.84,6.20,6.20,1.84,6.20,6.20,1.84,6.20,6.20,1.84,6.20,6.20,1.84,6.20,6.20,1.84,6.20,6.20,1.84,6.20,6.20,1.84,6.20,6.20,1.84,6.20,6.20,1.84,6.20,6.20,1.84,6.20,6.20,1.84
{'485'} gpuservice(MB): min(1.84) max(6.2) average(4.75)
{'239'} logd(MB): 6.19,6.19,3.32,6.19,6.19,3.32,6.18,6.18,3.31,6.19,6.19,3.32,6.20,6.20,3.33,6.20,6.20,3.33,6.17,6.17,3.30,6.22,6.22,3.35,6.23,6.23,3.36,6.25,6.25,3.38,6.27,6.27,3.40,6.26,6.26,3.39,6.29,6.29,3.42,6.29,6.29,3.42,6.29,6.29,3.42,6.29,6.29,3.42,6.31,6.31,3.44,6.32,6.32,3.45,6.30,6.30,3.43,6.22,6.22,3.35,6.25,6.25,3.38,6.26,6.26,3.39,6.31,6.31,3.44,6.32,6.32,3.46,6.29,6.29,3.42,6.28,6.28,3.41,6.30,6.30,3.43,6.27,6.27,3.40
{'239'} logd(MB): min(3.3) max(6.32) average(5.3)
{'613'} wificond(MB): 6.15,6.15,2.14,6.15,6.15,2.14,6.15,6.15,2.14,6.15,6.15,2.14,6.15,6.15,2.14,6.15,6.15,2.14,6.15,6.15,2.14,6.15,6.15,2.14,6.15,6.15,2.14,6.15,6.15,2.14,6.15,6.15,2.14,6.15,6.15,2.14,6.15,6.15,2.14,6.15,6.15,2.14,6.15,6.15,2.14,6.15,6.15,2.14,6.15,6.15,2.14,6.15,6.15,2.14,6.15,6.15,2.14,6.15,6.15,2.14,6.15,6.15,2.15,6.15,6.15,2.15,6.15,6.15,2.15,6.15,6.15,2.15,6.15,6.15,2.15,6.15,6.15,2.15,6.15,6.15,2.15,6.15,6.15,2.15
{'613'} wificond(MB): min(2.14) max(6.15) average(4.81)
{'438'} vendor.skyworth.hardware.hwem@1.0-service(MB): 5.93,5.93,1.34,5.93,5.93,1.34,5.93,5.93,1.34,5.93,5.93,1.34,5.93,5.93,1.34,5.93,5.93,1.34,5.93,5.93,1.34,5.93,5.93,1.34,5.93,5.93,1.34,5.93,5.93,1.34,5.93,5.93,1.34,5.93,5.93,1.34,5.93,5.93,1.34,5.93,5.93,1.34,5.93,5.93,1.34,5.93,5.93,1.34,5.93,5.93,1.34,5.93,5.93,1.34,5.93,5.93,1.34,5.93,5.93,1.34,5.93,5.93,1.34,5.93,5.93,1.34,5.93,5.93,1.34,5.93,5.93,1.34,5.93,5.93,1.34,5.93,5.93,1.34,5.93,5.93,1.34,5.93,5.93,1.34
{'438'} vendor.skyworth.hardware.hwem@1.0-service(MB): min(1.34) max(5.93) average(4.4)
{'552'} installd(MB): 5.83,5.83,1.93,5.83,5.83,1.93,5.83,5.83,1.93,5.83,5.83,1.93,5.83,5.83,1.93,5.83,5.83,1.93,5.83,5.83,1.93,5.83,5.83,1.93,5.83,5.83,1.93,5.83,5.83,1.93,5.83,5.83,1.93,5.83,5.83,1.93,5.83,5.83,1.93,5.83,5.83,1.93,5.83,5.83,1.93,5.83,5.83,1.93,5.83,5.83,1.93,5.83,5.83,1.93,5.83,5.83,1.93,5.83,5.83,1.93,5.83,5.83,1.93,5.83,5.83,1.93,5.83,5.83,1.93,5.83,5.83,1.93,5.83,5.83,1.93,5.83,5.83,1.93,5.83,5.83,1.93,5.83,5.83,1.93
{'552'} installd(MB): min(1.93) max(5.83) average(4.53)
{'417'} android.hardware.thermal@2.0-service.realtek(MB): 5.25,5.25,1.35,5.25,5.25,1.35,5.25,5.25,1.35,5.25,5.25,1.35,5.25,5.25,1.35,5.25,5.25,1.35,5.25,5.25,1.35,5.25,5.25,1.35,5.25,5.25,1.35,5.25,5.25,1.35,5.25,5.25,1.35,5.25,5.25,1.35,5.25,5.25,1.35,5.25,5.25,1.35,5.25,5.25,1.35,5.25,5.25,1.35,5.25,5.25,1.35,5.25,5.25,1.35,5.25,5.25,1.35,5.25,5.25,1.35,5.25,5.25,1.35,5.25,5.25,1.35,5.25,5.25,1.35,5.25,5.25,1.35,5.25,5.25,1.35,5.25,5.25,1.35,5.25,5.25,1.35,5.25,5.25,1.35
{'417'} android.hardware.thermal@2.0-service.realtek(MB): min(1.35) max(5.25) average(3.95)
{'389'} android.hardware.drm-service.clearkey(MB): 5.16,5.16,1.00,5.16,5.16,1.00,5.16,5.16,1.00,5.16,5.16,1.00,5.16,5.16,1.00,5.16,5.16,1.00,5.16,5.16,1.00,5.16,5.16,1.00,5.16,5.16,1.00,5.16,5.16,1.00,5.16,5.16,1.00,5.16,5.16,1.00,5.16,5.16,1.00,5.16,5.16,1.00,5.16,5.16,1.00,5.16,5.16,1.00,5.16,5.16,1.00,5.16,5.16,1.00,5.16,5.16,1.00,5.16,5.16,1.00,5.16,5.16,1.00,5.16,5.16,1.00,5.16,5.16,1.00,5.16,5.16,1.00,5.16,5.16,1.00,5.16,5.16,1.00,5.16,5.16,1.00,5.16,5.16,1.00
{'389'} android.hardware.drm-service.clearkey(MB): min(1.0) max(5.16) average(3.77)
{'242'} hwservicemanager(MB): 5.13,5.13,1.32,5.13,5.13,1.32,5.13,5.13,1.32,5.13,5.13,1.32,5.13,5.13,1.32,5.13,5.13,1.32,5.13,5.13,1.32,5.13,5.13,1.32,5.13,5.13,1.32,5.13,5.13,1.32,5.13,5.13,1.32,5.13,5.13,1.32,5.13,5.13,1.32,5.13,5.13,1.32,5.13,5.13,1.32,5.13,5.13,1.32,5.13,5.13,1.32,5.13,5.13,1.32,5.13,5.13,1.32,5.13,5.13,1.32,5.13,5.13,1.32,5.13,5.13,1.32,5.13,5.13,1.32,5.13,5.13,1.32,5.13,5.13,1.32,5.13,5.13,1.32,5.13,5.13,1.32,5.13,5.13,1.32
{'242'} hwservicemanager(MB): min(1.32) max(5.13) average(3.86)
{'398'} android.hardware.drm-service.mgkid(MB): 5.10,5.10,0.89,5.10,5.10,0.89,5.10,5.10,0.89,5.10,5.10,0.89,5.10,5.10,0.89,5.10,5.10,0.89,5.10,5.10,0.89,5.10,5.10,0.89,5.10,5.10,0.89,5.10,5.10,0.89,5.10,5.10,0.89,5.10,5.10,0.89,5.10,5.10,0.89,5.10,5.10,0.89,5.10,5.10,0.89,5.10,5.10,0.89,5.10,5.10,0.89,5.10,5.10,0.89,5.10,5.10,0.89,5.10,5.10,0.89,5.10,5.10,0.89,5.10,5.10,0.89,5.10,5.10,0.89,5.10,5.10,0.89,5.10,5.10,0.89,5.10,5.10,0.89,5.10,5.10,0.89,5.10,5.10,0.89
{'398'} android.hardware.drm-service.mgkid(MB): min(0.89) max(5.1) average(3.7)
{'433'} vendor.realtek.rtkconfigs@1.0-service(MB): 5.00,5.00,1.25,5.00,5.00,1.25,5.00,5.00,1.25,5.00,5.00,1.25,5.00,5.00,1.25,5.00,5.00,1.25,5.00,5.00,1.25,5.00,5.00,1.25,5.00,5.00,1.25,5.00,5.00,1.25,5.00,5.00,1.25,5.00,5.00,1.25,5.00,5.00,1.25,5.00,5.00,1.25,5.00,5.00,1.25,5.00,5.00,1.25,5.00,5.00,1.25,5.00,5.00,1.25,5.00,5.00,1.25,5.00,5.00,1.25,5.00,5.00,1.25,5.00,5.00,1.25,5.00,5.00,1.25,5.00,5.00,1.25,5.00,5.00,1.25,5.00,5.00,1.25,5.00,5.00,1.25,5.00,5.00,1.25
{'433'} vendor.realtek.rtkconfigs@1.0-service(MB): min(1.25) max(5.0) average(3.75)
{'529'} drmserver(MB): 4.98,4.98,1.03,4.98,4.98,1.03,4.98,4.98,1.03,4.98,4.98,1.03,4.98,4.98,1.03,4.98,4.98,1.03,4.98,4.98,1.03,4.98,4.98,1.03,4.98,4.98,1.03,4.98,4.98,1.03,4.98,4.98,1.03,4.98,4.98,1.03,4.98,4.98,1.03,4.98,4.98,1.03,4.98,4.98,1.03,4.98,4.98,1.03,4.98,4.98,1.03,4.98,4.98,1.03,4.98,4.98,1.03,4.98,4.98,1.03,4.98,4.98,1.03,4.98,4.98,1.03,4.98,4.98,1.03,4.98,4.98,1.03,4.98,4.98,1.03,4.98,4.98,1.03,4.98,4.98,1.03,4.98,4.98,1.03
{'529'} drmserver(MB): min(1.03) max(4.98) average(3.66)
{'608'} storaged(MB): 4.92,4.92,1.43,4.92,4.92,1.43,4.92,4.92,1.43,4.92,4.92,1.43,4.92,4.92,1.43,4.92,4.92,1.43,4.92,4.92,1.43,4.92,4.92,1.43,4.92,4.92,1.43,4.92,4.92,1.43,4.92,4.92,1.43,4.92,4.92,1.43,4.92,4.92,1.43,4.92,4.92,1.43,4.92,4.92,1.43,4.92,4.92,1.43,4.92,4.92,1.43,4.92,4.92,1.43,4.92,4.92,1.43,4.92,4.92,1.43,4.92,4.92,1.43,4.92,4.92,1.43,4.92,4.92,1.43,4.92,4.92,1.43,4.92,4.92,1.43,4.92,4.92,1.43,4.92,4.92,1.43,4.92,4.92,1.43
{'608'} storaged(MB): min(1.43) max(4.92) average(3.76)
{'635'} securetimeservice(MB): 4.84,4.84,0.93,4.84,4.84,0.93,4.84,4.84,0.93,4.84,4.84,0.93,4.84,4.84,0.93,4.84,4.84,0.93,4.84,4.84,0.93,4.84,4.84,0.93,4.84,4.84,0.93,4.84,4.84,0.93,4.84,4.84,0.93,4.84,4.84,0.93,4.84,4.84,0.93,4.84,4.84,0.93,4.84,4.84,0.92,4.84,4.84,0.93,4.84,4.84,0.93,4.84,4.84,0.93,4.84,4.84,0.93,4.84,4.84,0.93,4.84,4.84,0.93,4.84,4.84,0.93,4.84,4.84,0.93,4.84,4.84,0.93,4.84,4.84,0.93,4.84,4.84,0.93,4.84,4.84,0.93,4.84,4.84,0.93
{'635'} securetimeservice(MB): min(0.92) max(4.84) average(3.54)
{'663'} gatekeeperd(MB): 4.77,4.77,0.93,4.77,4.77,0.93,4.77,4.77,0.93,4.77,4.77,0.93,4.77,4.77,0.93,4.77,4.77,0.93,4.77,4.77,0.93,4.77,4.77,0.93,4.77,4.77,0.93,4.77,4.77,0.93,4.77,4.77,0.93,4.77,4.77,0.93,4.77,4.77,0.93,4.77,4.77,0.93,4.77,4.77,0.93,4.77,4.77,0.93,4.77,4.77,0.93,4.77,4.77,0.93,4.77,4.77,0.93,4.77,4.77,0.93,4.77,4.77,0.93,4.77,4.77,0.93,4.77,4.77,0.93,4.77,4.77,0.93,4.77,4.77,0.93,4.77,4.77,0.93,4.77,4.77,0.93,4.77,4.77,0.93
{'663'} gatekeeperd(MB): min(0.93) max(4.77) average(3.49)
{'366'} statsd(MB): 4.73,4.73,1.82,4.73,4.73,1.82,4.73,4.73,1.82,4.73,4.73,1.82,4.73,4.73,1.82,4.73,4.73,1.82,4.73,4.73,1.82,4.73,4.73,1.82,4.73,4.73,1.82,4.73,4.73,1.82,4.73,4.73,1.82,4.73,4.73,1.82,4.73,4.73,1.82,4.73,4.73,1.82,4.73,4.73,1.82,4.73,4.73,1.82,4.73,4.73,1.82,4.73,4.73,1.82,4.73,4.73,1.82,4.73,4.73,1.82,4.73,4.73,1.82,4.73,4.73,1.82,4.73,4.73,1.82,4.73,4.73,1.82,4.73,4.73,1.82,4.73,4.73,1.82,4.73,4.73,1.82,4.73,4.73,1.82
{'366'} statsd(MB): min(1.82) max(4.73) average(3.76)
{'435'} vendor.realtek.system@1.0-service(MB): 4.73,4.73,1.06,4.73,4.73,1.06,4.73,4.73,1.06,4.73,4.73,1.06,4.73,4.73,1.06,4.73,4.73,1.06,4.73,4.73,1.06,4.73,4.73,1.06,4.73,4.73,1.06,4.73,4.73,1.06,4.73,4.73,1.06,4.73,4.73,1.06,4.73,4.73,1.06,4.73,4.73,1.06,4.73,4.73,1.06,4.73,4.73,1.06,4.73,4.73,1.06,4.73,4.73,1.06,4.73,4.73,1.06,4.73,4.73,1.06,4.73,4.73,1.06,4.73,4.73,1.06,4.73,4.73,1.06,4.73,4.73,1.06,4.73,4.73,1.06,4.73,4.73,1.06,4.73,4.73,1.06,4.73,4.73,1.06
{'435'} vendor.realtek.system@1.0-service(MB): min(1.06) max(4.73) average(3.51)
{'388'} android.hardware.cas@1.2-service(MB): 4.70,4.70,1.24,4.70,4.70,1.24,4.70,4.70,1.24,4.70,4.70,1.24,4.70,4.70,1.24,4.70,4.70,1.24,4.70,4.70,1.24,4.70,4.70,1.24,4.70,4.70,1.24,4.70,4.70,1.24,4.70,4.70,1.24,4.70,4.70,1.24,4.70,4.70,1.24,4.70,4.70,1.24,4.70,4.70,1.24,4.70,4.70,1.24,4.70,4.70,1.24,4.70,4.70,1.24,4.70,4.70,1.24,4.70,4.70,1.24,4.70,4.70,1.24,4.70,4.70,1.24,4.70,4.70,1.24,4.70,4.70,1.24,4.70,4.70,1.24,4.70,4.70,1.24,4.70,4.70,1.24,4.70,4.70,1.24
{'388'} android.hardware.cas@1.2-service(MB): min(1.24) max(4.7) average(3.55)
{'413'} android.hardware.health-service.example(MB): 4.68,4.68,0.92,4.68,4.68,0.92,4.68,4.68,0.92,4.68,4.68,0.92,4.68,4.68,0.92,4.68,4.68,0.92,4.68,4.68,0.92,4.68,4.68,0.92,4.68,4.68,0.92,4.68,4.68,0.92,4.68,4.68,0.92,4.68,4.68,0.92,4.68,4.68,0.92,4.68,4.68,0.92,4.68,4.68,0.92,4.68,4.68,0.92,4.68,4.68,0.92,4.68,4.68,0.92,4.68,4.68,0.92,4.68,4.68,0.92,4.68,4.68,0.92,4.68,4.68,0.92,4.68,4.68,0.92,4.68,4.68,0.92,4.68,4.68,0.92,4.68,4.68,0.92,4.68,4.68,0.92,4.68,4.68,0.92
{'413'} android.hardware.health-service.example(MB): min(0.92) max(4.68) average(3.43)
{'416'} android.hardware.skywifi-service(MB): 4.64,4.64,0.81,4.64,4.64,0.81,4.64,4.64,0.81,4.64,4.64,0.81,4.64,4.64,0.81,4.64,4.64,0.81,4.64,4.64,0.81,4.64,4.64,0.81,4.64,4.64,0.81,4.64,4.64,0.81,4.64,4.64,0.81,4.64,4.64,0.81,4.64,4.64,0.81,4.64,4.64,0.81,4.64,4.64,0.81,4.64,4.64,0.81,4.64,4.64,0.81,4.64,4.64,0.81,4.64,4.64,0.81,4.64,4.64,0.81,4.64,4.64,0.81,4.64,4.64,0.81,4.64,4.64,0.81,4.64,4.64,0.81,4.64,4.64,0.81,4.64,4.64,0.81,4.64,4.64,0.81,4.64,4.64,0.81
{'416'} android.hardware.skywifi-service(MB): min(0.81) max(4.64) average(3.36)
{'236'} prng_seeder(MB): 4.63,4.63,1.93,4.62,4.62,1.93,4.62,4.62,1.93,4.62,4.62,1.93,4.62,4.62,1.93,4.62,4.62,1.93,4.62,4.62,1.93,4.62,4.62,1.93,4.62,4.62,1.93,4.62,4.62,1.93,4.62,4.62,1.93,4.62,4.62,1.93,4.62,4.62,1.93,4.62,4.62,1.93,4.62,4.62,1.93,4.62,4.62,1.93,4.62,4.62,1.93,4.62,4.62,1.93,4.62,4.62,1.93,4.62,4.62,1.93,4.62,4.62,1.93,4.62,4.62,1.93,4.62,4.62,1.93,4.62,4.62,1.93,4.62,4.62,1.93,4.62,4.62,1.93,4.62,4.62,1.93,4.62,4.62,1.93
{'236'} prng_seeder(MB): min(1.93) max(4.63) average(3.72)
{'430'} vendor.realtek.hwconfigmanager@1.0-service(MB): 4.63,4.63,0.84,4.63,4.63,0.84,4.63,4.63,0.84,4.63,4.63,0.84,4.63,4.63,0.84,4.63,4.63,0.84,4.63,4.63,0.84,4.63,4.63,0.84,4.63,4.63,0.84,4.63,4.63,0.84,4.63,4.63,0.84,4.63,4.63,0.84,4.63,4.63,0.84,4.63,4.63,0.84,4.63,4.63,0.84,4.63,4.63,0.84,4.63,4.63,0.84,4.63,4.63,0.84,4.63,4.63,0.84,4.63,4.63,0.84,4.63,4.63,0.84,4.63,4.63,0.84,4.63,4.63,0.84,4.63,4.63,0.84,4.63,4.63,0.84,4.63,4.63,0.84,4.63,4.63,0.84,4.63,4.63,0.84
{'430'} vendor.realtek.hwconfigmanager@1.0-service(MB): min(0.84) max(4.63) average(3.37)
{'390'} android.hardware.drm-service.hdcp2(MB): 4.52,4.52,0.79,4.52,4.52,0.79,4.52,4.52,0.79,4.52,4.52,0.79,4.52,4.52,0.79,4.52,4.52,0.79,4.52,4.52,0.79,4.52,4.52,0.79,4.52,4.52,0.79,4.52,4.52,0.79,4.52,4.52,0.79,4.52,4.52,0.79,4.52,4.52,0.79,4.52,4.52,0.79,4.52,4.52,0.79,4.52,4.52,0.79,4.52,4.52,0.79,4.52,4.52,0.79,4.52,4.52,0.79,4.52,4.52,0.79,4.52,4.52,0.79,4.52,4.52,0.79,4.52,4.52,0.79,4.52,4.52,0.79,4.52,4.52,0.79,4.52,4.52,0.79,4.52,4.52,0.79,4.52,4.52,0.79
{'390'} android.hardware.drm-service.hdcp2(MB): min(0.79) max(4.52) average(3.28)
{'401'} android.hardware.gatekeeper@1.0-service(MB): 4.50,4.50,0.85,4.50,4.50,0.85,4.50,4.50,0.85,4.50,4.50,0.85,4.50,4.50,0.85,4.50,4.50,0.85,4.50,4.50,0.85,4.50,4.50,0.85,4.50,4.50,0.85,4.50,4.50,0.85,4.50,4.50,0.85,4.50,4.50,0.85,4.50,4.50,0.85,4.50,4.50,0.85,4.50,4.50,0.85,4.50,4.50,0.85,4.50,4.50,0.85,4.50,4.50,0.85,4.50,4.50,0.85,4.50,4.50,0.85,4.50,4.50,0.85,4.50,4.50,0.85,4.50,4.50,0.85,4.50,4.50,0.85,4.50,4.50,0.85,4.50,4.50,0.85,4.50,4.50,0.85,4.50,4.50,0.85
{'401'} android.hardware.gatekeeper@1.0-service(MB): min(0.85) max(4.5) average(3.28)
{'415'} android.hardware.skybt-service(MB): 4.50,4.50,0.74,4.50,4.50,0.74,4.50,4.50,0.74,4.50,4.50,0.74,4.50,4.50,0.74,4.50,4.50,0.74,4.50,4.50,0.74,4.50,4.50,0.74,4.50,4.50,0.74,4.50,4.50,0.74,4.50,4.50,0.74,4.50,4.50,0.74,4.50,4.50,0.74,4.50,4.50,0.74,4.50,4.50,0.74,4.50,4.50,0.74,4.50,4.50,0.74,4.50,4.50,0.74,4.50,4.50,0.74,4.50,4.50,0.74,4.50,4.50,0.74,4.50,4.50,0.74,4.50,4.50,0.74,4.50,4.50,0.74,4.50,4.50,0.74,4.50,4.50,0.74,4.50,4.50,0.74,4.50,4.50,0.74
{'415'} android.hardware.skybt-service(MB): min(0.74) max(4.5) average(3.25)
{'422'} android.hardware.lights-service.realtek(MB): 4.45,4.45,0.74,4.45,4.45,0.74,4.45,4.45,0.74,4.45,4.45,0.74,4.45,4.45,0.74,4.45,4.45,0.74,4.45,4.45,0.74,4.45,4.45,0.74,4.45,4.45,0.74,4.45,4.45,0.74,4.45,4.45,0.74,4.45,4.45,0.74,4.45,4.45,0.74,4.45,4.45,0.74,4.45,4.45,0.74,4.45,4.45,0.74,4.45,4.45,0.74,4.45,4.45,0.74,4.45,4.45,0.74,4.45,4.45,0.74,4.45,4.45,0.74,4.45,4.45,0.74,4.45,4.45,0.74,4.45,4.45,0.74,4.45,4.45,0.74,4.45,4.45,0.74,4.45,4.45,0.74,4.45,4.45,0.74
{'422'} android.hardware.lights-service.realtek(MB): min(0.74) max(4.45) average(3.21)
{'241'} servicemanager(MB): 4.39,4.39,1.22,4.39,4.39,1.22,4.39,4.39,1.22,4.39,4.39,1.22,4.39,4.39,1.22,4.39,4.39,1.22,4.39,4.39,1.22,4.39,4.39,1.22,4.39,4.39,1.22,4.39,4.39,1.22,4.39,4.39,1.22,4.39,4.39,1.22,4.39,4.39,1.22,4.39,4.39,1.22,4.39,4.39,1.22,4.39,4.39,1.22,4.39,4.39,1.22,4.39,4.39,1.22,4.39,4.39,1.22,4.39,4.39,1.22,4.39,4.39,1.22,4.39,4.39,1.22,4.39,4.39,1.22,4.39,4.39,1.22,4.39,4.39,1.22,4.39,4.39,1.22,4.39,4.39,1.22,4.39,4.39,1.22
{'241'} servicemanager(MB): min(1.22) max(4.39) average(3.33)
{'301'} android.system.suspend@1.0-service(MB): 4.31,4.31,1.12,4.31,4.31,1.12,4.31,4.31,1.12,4.31,4.31,1.12,4.31,4.31,1.12,4.31,4.31,1.12,4.31,4.31,1.12,4.31,4.31,1.12,4.31,4.31,1.12,4.31,4.31,1.12,4.31,4.31,1.12,4.31,4.31,1.12,4.31,4.31,1.12,4.31,4.31,1.12,4.31,4.31,1.12,4.31,4.31,1.12,4.31,4.31,1.12,4.31,4.31,1.12,4.31,4.31,1.12,4.31,4.31,1.12,4.31,4.31,1.12,4.31,4.31,1.12,4.31,4.31,1.12,4.31,4.31,1.12,4.31,4.31,1.12,4.31,4.31,1.12,4.31,4.31,1.12,4.31,4.31,1.12
{'301'} android.system.suspend@1.0-service(MB): min(1.12) max(4.31) average(3.25)
{'547'} incidentd(MB): 4.31,4.31,1.01,4.31,4.31,1.01,4.31,4.31,1.01,4.31,4.31,1.01,4.31,4.31,1.01,4.31,4.31,1.01,4.31,4.31,1.01,4.31,4.31,1.01,4.31,4.31,1.01,4.31,4.31,1.01,4.31,4.31,1.01,4.31,4.31,1.01,4.31,4.31,1.01,4.31,4.31,1.01,4.31,4.31,1.01,4.31,4.31,1.01,4.31,4.31,1.01,4.31,4.31,1.01,4.31,4.31,1.01,4.31,4.31,1.01,4.31,4.31,1.01,4.31,4.31,1.01,4.31,4.31,1.01,4.31,4.31,1.01,4.31,4.31,1.01,4.31,4.31,1.01,4.31,4.31,1.01,4.31,4.31,1.01
{'547'} incidentd(MB): min(1.01) max(4.31) average(3.21)
{'387'} android.hardware.bluetooth@1.1-service(MB): 4.30,4.30,1.25,4.30,4.30,1.25,4.30,4.30,1.25,4.30,4.30,1.25,4.30,4.30,1.25,4.30,4.30,1.25,4.30,4.30,1.25,4.30,4.30,1.25,4.30,4.30,1.25,4.30,4.30,1.25,4.30,4.30,1.25,4.30,4.30,1.25,4.30,4.30,1.25,4.30,4.30,1.25,4.30,4.30,1.25,4.30,4.30,1.25,4.30,4.30,1.25,4.30,4.30,1.25,4.30,4.30,1.25,4.30,4.30,1.25,4.30,4.30,1.25,4.30,4.30,1.25,4.30,4.30,1.25,4.30,4.30,1.25,4.30,4.30,1.25,4.30,4.30,1.25,4.30,4.30,1.25,4.30,4.30,1.25
{'387'} android.hardware.bluetooth@1.1-service(MB): min(1.25) max(4.3) average(3.28)
{'426'} vendor.realtek.dongled@1.0-service(MB): 4.30,4.30,0.95,4.30,4.30,0.95,4.30,4.30,0.95,4.30,4.30,0.95,4.30,4.30,0.95,4.30,4.30,0.95,4.30,4.30,0.95,4.30,4.30,0.95,4.30,4.30,0.95,4.30,4.30,0.95,4.30,4.30,0.95,4.30,4.30,0.95,4.30,4.30,0.95,4.30,4.30,0.95,4.30,4.30,0.95,4.30,4.30,0.95,4.30,4.30,0.95,4.30,4.30,0.95,4.30,4.30,0.95,4.30,4.30,0.95,4.30,4.30,0.95,4.30,4.30,0.95,4.30,4.30,0.95,4.30,4.30,0.95,4.30,4.30,0.95,4.30,4.30,0.95,4.30,4.30,0.95,4.30,4.30,0.95
{'426'} vendor.realtek.dongled@1.0-service(MB): min(0.95) max(4.3) average(3.18)
{'1011'} VirtualEvent(MB): 3.93,3.93,1.86,3.93,3.93,1.86,3.93,3.93,1.86,3.93,3.93,1.86,3.93,3.93,1.86,3.93,3.93,1.86,3.93,3.93,1.86,3.93,3.93,1.86,3.93,3.93,1.86,3.93,3.93,1.86,3.93,3.93,1.86,3.93,3.93,1.86,3.93,3.93,1.86,3.93,3.93,1.86,3.93,3.93,1.86,3.93,3.93,1.86,3.93,3.93,1.86,3.93,3.93,1.86,3.93,3.93,1.86,3.93,3.93,1.86,3.93,3.93,1.86,3.93,3.93,1.86,3.93,3.93,1.86,3.93,3.93,1.86,3.93,3.93,1.86,3.93,3.93,1.86,3.93,3.93,1.86,3.93,3.93,1.86
{'1011'} VirtualEvent(MB): min(1.86) max(3.93) average(3.24)
{'424'} android.hardware.power.stats-service.example(MB): 3.88,3.88,0.71,3.88,3.88,0.71,3.88,3.88,0.71,3.88,3.88,0.71,3.88,3.88,0.71,3.88,3.88,0.71,3.88,3.88,0.71,3.88,3.88,0.71,3.88,3.88,0.71,3.88,3.88,0.71,3.88,3.88,0.71,3.88,3.88,0.71,3.88,3.88,0.71,3.88,3.88,0.71,3.88,3.88,0.71,3.88,3.88,0.71,3.88,3.88,0.71,3.88,3.88,0.71,3.88,3.88,0.71,3.88,3.88,0.71,3.88,3.88,0.71,3.88,3.88,0.71,3.88,3.88,0.71,3.88,3.88,0.71,3.88,3.88,0.71,3.88,3.88,0.71,3.88,3.88,0.71,3.88,3.88,0.71
{'424'} android.hardware.power.stats-service.example(MB): min(0.71) max(3.88) average(2.82)
{'243'} vndservicemanager(MB): 3.86,3.86,0.72,3.86,3.86,0.72,3.86,3.86,0.72,3.86,3.86,0.72,3.86,3.86,0.72,3.86,3.86,0.72,3.86,3.86,0.72,3.86,3.86,0.72,3.86,3.86,0.72,3.86,3.86,0.72,3.86,3.86,0.72,3.86,3.86,0.72,3.86,3.86,0.72,3.86,3.86,0.72,3.86,3.86,0.72,3.86,3.86,0.72,3.86,3.86,0.72,3.86,3.86,0.72,3.86,3.86,0.72,3.86,3.86,0.72,3.86,3.86,0.72,3.86,3.86,0.72,3.86,3.86,0.72,3.86,3.86,0.72,3.86,3.86,0.72,3.86,3.86,0.72,3.86,3.86,0.72,3.86,3.86,0.72
{'243'} vndservicemanager(MB): min(0.72) max(3.86) average(2.81)
{'423'} android.hardware.memtrack-service.example(MB): 3.75,3.75,0.65,3.75,3.75,0.65,3.75,3.75,0.65,3.75,3.75,0.65,3.75,3.75,0.65,3.75,3.75,0.65,3.75,3.75,0.65,3.75,3.75,0.65,3.75,3.75,0.65,3.75,3.75,0.65,3.75,3.75,0.65,3.75,3.75,0.65,3.75,3.75,0.65,3.75,3.75,0.65,3.75,3.75,0.65,3.75,3.75,0.65,3.75,3.75,0.65,3.75,3.75,0.65,3.75,3.75,0.65,3.75,3.75,0.65,3.75,3.75,0.65,3.75,3.75,0.65,3.75,3.75,0.65,3.75,3.75,0.65,3.75,3.75,0.65,3.75,3.75,0.65,3.75,3.75,0.65,3.75,3.75,0.65
{'423'} android.hardware.memtrack-service.example(MB): min(0.65) max(3.75) average(2.72)
{'303'} android.hardware.atrace@1.0-service(MB): 3.71,3.71,0.69,3.71,3.71,0.69,3.71,3.71,0.69,3.71,3.71,0.69,3.71,3.71,0.69,3.71,3.71,0.69,3.71,3.71,0.69,3.71,3.71,0.69,3.71,3.71,0.69,3.71,3.71,0.69,3.71,3.71,0.69,3.71,3.71,0.69,3.71,3.71,0.69,3.71,3.71,0.69,3.71,3.71,0.69,3.71,3.71,0.69,3.71,3.71,0.69,3.71,3.71,0.69,3.71,3.71,0.69,3.71,3.71,0.69,3.71,3.71,0.69,3.71,3.71,0.69,3.71,3.71,0.69,3.71,3.71,0.69,3.71,3.71,0.69,3.71,3.71,0.69,3.71,3.71,0.69,3.71,3.71,0.69
{'303'} android.hardware.atrace@1.0-service(MB): min(0.69) max(3.71) average(2.7)
{'626'} cuscontrollerserver(MB): 3.62,3.62,0.65,3.62,3.62,0.65,3.62,3.62,0.65,3.62,3.62,0.65,3.62,3.62,0.65,3.62,3.62,0.65,3.62,3.62,0.65,3.62,3.62,0.65,3.62,3.62,0.65,3.62,3.62,0.65,3.62,3.62,0.65,3.62,3.62,0.65,3.62,3.62,0.65,3.62,3.62,0.65,3.62,3.62,0.65,3.62,3.62,0.65,3.62,3.62,0.65,3.62,3.62,0.65,3.62,3.62,0.65,3.62,3.62,0.65,3.62,3.62,0.65,3.62,3.62,0.65,3.62,3.62,0.65,3.62,3.62,0.65,3.62,3.62,0.65,3.62,3.62,0.65,3.62,3.62,0.65,3.62,3.62,0.65
{'626'} cuscontrollerserver(MB): min(0.65) max(3.62) average(2.63)
{'620'} audio_codec(MB): 3.52,3.52,0.72,3.52,3.52,0.72,3.52,3.52,0.72,3.52,3.52,0.72,3.52,3.52,0.72,3.52,3.52,0.72,3.52,3.52,0.72,3.52,3.52,0.72,3.52,3.52,0.72,3.52,3.52,0.72,3.52,3.52,0.72,3.52,3.52,0.72,3.52,3.52,0.72,3.52,3.52,0.72,3.52,3.52,0.72,3.52,3.52,0.72,3.52,3.52,0.72,3.52,3.52,0.72,3.52,3.52,0.72,3.52,3.52,0.72,3.52,3.52,0.72,3.52,3.52,0.72,3.52,3.52,0.72,3.52,3.52,0.72,3.52,3.52,0.72,3.52,3.52,0.72,3.52,3.52,0.72,3.52,3.52,0.72
{'620'} audio_codec(MB): min(0.72) max(3.52) average(2.59)
{'633'} mediaservice(MB): 3.45,3.45,0.63,3.52,3.52,0.64,3.52,3.52,0.64,3.52,3.52,0.64,3.52,3.52,0.64,3.52,3.52,0.64,3.52,3.52,0.64,3.52,3.52,0.64,3.52,3.52,0.64,3.52,3.52,0.64,3.52,3.52,0.64,3.52,3.52,0.64,3.52,3.52,0.64,3.52,3.52,0.64,3.52,3.52,0.64,3.52,3.52,0.64,3.52,3.52,0.64,3.52,3.52,0.64,3.52,3.52,0.64,3.52,3.52,0.64,3.52,3.52,0.64,3.52,3.52,0.64,3.52,3.52,0.64,3.52,3.52,0.64,3.52,3.52,0.64,3.52,3.52,0.64,3.52,3.52,0.64,3.52,3.52,0.64
{'633'} mediaservice(MB): min(0.63) max(3.52) average(2.56)
{'661'} mdnsd(MB): 3.35,3.35,1.36,3.35,3.35,1.36,3.35,3.35,1.36,3.35,3.35,1.36,3.35,3.35,1.36,3.35,3.35,1.36,3.35,3.35,1.36,3.35,3.35,1.36,3.35,3.35,1.36,3.35,3.35,1.36,3.35,3.35,1.36,3.35,3.35,1.36,3.35,3.35,1.36,3.35,3.35,1.36,3.35,3.35,1.36,3.35,3.35,1.36,3.35,3.35,1.36,3.35,3.35,1.36,3.35,3.35,1.36,3.35,3.35,1.36,3.35,3.35,1.36,3.35,3.35,1.36,3.35,3.35,1.36,3.35,3.35,1.36,3.35,3.35,1.36,3.35,3.35,1.36,3.35,3.35,1.36,3.35,3.35,1.36
{'661'} mdnsd(MB): min(1.36) max(3.35) average(2.69)
{'385'} android.hidl.allocator@1.0-service(MB): 3.25,3.25,0.61,3.25,3.25,0.61,3.25,3.25,0.61,3.25,3.25,0.61,3.25,3.25,0.61,3.25,3.25,0.61,3.25,3.25,0.61,3.25,3.25,0.61,3.25,3.25,0.61,3.25,3.25,0.61,3.25,3.25,0.61,3.25,3.25,0.61,3.25,3.25,0.61,3.25,3.25,0.61,3.25,3.25,0.61,3.25,3.25,0.61,3.25,3.25,0.61,3.25,3.25,0.61,3.25,3.25,0.61,3.25,3.25,0.61,3.25,3.25,0.61,3.25,3.25,0.61,3.25,3.25,0.61,3.25,3.25,0.61,3.25,3.25,0.61,3.25,3.25,0.61,3.25,3.25,0.61,3.25,3.25,0.61
{'385'} android.hidl.allocator@1.0-service(MB): min(0.61) max(3.25) average(2.37)
{'9106', '8983', '9356', '9035', '8081', '9521', '8374', '8321', '8738', '8271', '8780', '9250', '8907', '8944', '9455', '8017', '8218', '9408', '8821', '9200', '9151', '8558', '8656', '8616', '8865', '8698', '9306', '8470'} dumpsys(MB): 3.20,3.20,0.63,3.28,3.28,0.65,3.21,3.21,0.64,3.23,3.23,0.64,3.29,3.29,0.65,3.28,3.28,0.65,3.27,3.27,0.64,3.28,3.28,0.65,3.21,3.21,0.64,3.29,3.29,0.65,3.30,3.30,0.66,3.27,3.27,0.65,3.21,3.21,0.65,3.30,3.30,0.65,3.23,3.23,0.65,3.23,3.23,0.65,3.22,3.22,0.65,3.30,3.30,0.65,3.20,3.20,0.64,3.29,3.29,0.65,3.30,3.30,0.65,3.22,3.22,0.65,3.28,3.28,0.66,3.29,3.29,0.67,3.28,3.28,0.65,3.29,3.29,0.65,3.21,3.21,0.64,3.30,3.30,0.65
{'9106', '8983', '9356', '9035', '8081', '9521', '8374', '8321', '8738', '8271', '8780', '9250', '8907', '8944', '9455', '8017', '8218', '9408', '8821', '9200', '9151', '8558', '8656', '8616', '8865', '8698', '9306', '8470'} dumpsys(MB): min(0.63) max(3.3) average(2.39)
{'254'} tee-supplicant(MB): 3.09,3.09,0.58,3.09,3.09,0.58,3.09,3.09,0.58,3.09,3.09,0.58,3.09,3.09,0.58,3.09,3.09,0.58,3.09,3.09,0.58,3.09,3.09,0.58,3.09,3.09,0.58,3.09,3.09,0.58,3.09,3.09,0.58,3.09,3.09,0.58,3.09,3.09,0.58,3.09,3.09,0.58,3.09,3.09,0.58,3.09,3.09,0.58,3.09,3.09,0.58,3.09,3.09,0.58,3.09,3.09,0.58,3.09,3.09,0.58,3.09,3.09,0.58,3.09,3.09,0.58,3.09,3.09,0.58,3.09,3.09,0.58,3.09,3.09,0.58,3.09,3.09,0.58,3.09,3.09,0.58,3.09,3.09,0.58
{'254'} tee-supplicant(MB): min(0.58) max(3.09) average(2.25)
{'240'} lmkd(MB): 3.05,3.05,0.72,3.05,3.05,0.72,3.05,3.05,0.72,3.05,3.05,0.72,3.05,3.05,0.72,3.05,3.05,0.72,3.05,3.05,0.72,3.05,3.05,0.72,3.05,3.05,0.72,3.05,3.05,0.72,3.05,3.05,0.72,3.05,3.05,0.72,3.05,3.05,0.72,3.05,3.05,0.72,3.05,3.05,0.72,3.05,3.05,0.72,3.05,3.05,0.72,3.05,3.05,0.72,3.05,3.05,0.72,3.05,3.05,0.72,3.05,3.05,0.72,3.05,3.05,0.72,3.05,3.05,0.72,3.05,3.05,0.72,3.05,3.05,0.72,3.05,3.05,0.72,3.05,3.05,0.72,3.05,3.05,0.72
{'240'} lmkd(MB): min(0.72) max(3.05) average(2.27)
{'382'} iptables-restore(MB): 2.98,2.98,1.01,2.98,2.98,1.01,2.98,2.98,1.01,2.98,2.98,1.01,2.98,2.98,1.01,2.98,2.98,1.01,2.98,2.98,1.01,2.98,2.98,1.01,2.98,2.98,1.01,2.98,2.98,1.01,2.98,2.98,1.01,2.98,2.98,1.01,2.98,2.98,1.01,2.98,2.98,1.01,2.98,2.98,1.01,2.98,2.98,1.01,2.98,2.98,1.01,2.98,2.98,1.01,2.98,2.98,1.01,2.98,2.98,1.01,2.98,2.98,1.01,2.98,2.98,1.01,2.98,2.98,1.01,2.98,2.98,1.01,2.98,2.98,1.01,2.98,2.98,1.01,2.98,2.98,1.01,2.98,2.98,1.01
{'382'} iptables-restore(MB): min(1.01) max(2.98) average(2.32)
{'488'} cmdexecutor(MB): 2.98,2.98,0.51,2.98,2.98,0.51,2.98,2.98,0.51,2.98,2.98,0.51,2.98,2.98,0.51,2.98,2.98,0.51,2.98,2.98,0.51,2.98,2.98,0.51,2.98,2.98,0.51,2.98,2.98,0.51,2.98,2.98,0.51,2.98,2.98,0.51,2.98,2.98,0.51,2.98,2.98,0.51,2.98,2.98,0.51,2.98,2.98,0.51,2.98,2.98,0.51,2.98,2.98,0.51,2.98,2.98,0.51,2.98,2.98,0.51,2.98,2.98,0.51,2.98,2.98,0.51,2.98,2.98,0.51,2.98,2.98,0.51,2.98,2.98,0.51,2.98,2.98,0.51,2.98,2.98,0.51,2.98,2.98,0.51
{'488'} cmdexecutor(MB): min(0.51) max(2.98) average(2.16)
{'383'} ip6tables-restore(MB): 2.95,2.95,1.00,2.95,2.95,1.00,2.95,2.95,1.00,2.95,2.95,1.00,2.95,2.95,1.00,2.95,2.95,1.00,2.95,2.95,1.00,2.95,2.95,1.00,2.95,2.95,1.00,2.95,2.95,1.00,2.95,2.95,1.00,2.95,2.95,1.00,2.95,2.95,1.00,2.95,2.95,1.00,2.95,2.95,1.00,2.95,2.95,1.00,2.95,2.95,1.00,2.95,2.95,1.00,2.95,2.95,1.00,2.95,2.95,1.00,2.95,2.95,1.00,2.95,2.95,1.00,2.95,2.95,1.00,2.95,2.95,1.00,2.95,2.95,1.00,2.95,2.95,1.00,2.95,2.95,1.00,2.95,2.95,1.00
{'383'} ip6tables-restore(MB): min(1.0) max(2.95) average(2.3)
{'543'} socketsys(MB): 2.95,2.95,0.69,2.95,2.95,0.69,2.95,2.95,0.69,2.95,2.95,0.69,2.95,2.95,0.69,2.95,2.95,0.69,2.95,2.95,0.69,2.95,2.95,0.69,2.95,2.95,0.69,2.95,2.95,0.69,2.95,2.95,0.69,2.95,2.95,0.69,2.95,2.95,0.69,2.95,2.95,0.69,2.95,2.95,0.69,2.95,2.95,0.69,2.95,2.95,0.69,2.95,2.95,0.69,2.95,2.95,0.69,2.95,2.95,0.69,2.95,2.95,0.69,2.95,2.95,0.69,2.95,2.95,0.69,2.95,2.95,0.69,2.95,2.95,0.69,2.95,2.95,0.69,2.95,2.95,0.69,2.95,2.95,0.69
{'543'} socketsys(MB): min(0.69) max(2.95) average(2.2)
{'5310', '5312'} process-tracker(MB): 2.67,2.59,2.67,2.59,0.66,0.65,2.67,2.59,2.67,2.59,0.66,0.65,2.67,2.59,2.67,2.59,0.65,0.65,2.67,2.59,2.67,2.59,0.66,0.65,2.67,2.59,2.67,2.59,0.66,0.65,2.67,2.59,2.67,2.59,0.65,0.65,2.67,2.59,2.67,2.59,0.66,0.65,2.67,2.59,2.67,2.59,0.66,0.65,2.67,2.59,2.67,2.59,0.66,0.65,2.67,2.59,2.67,2.59,0.65,0.65,2.67,2.59,2.67,2.59,0.66,0.65,2.67,2.59,2.67,2.59,0.66,0.65,2.67,2.59,2.67,2.59,0.65,0.65,2.67,2.59,2.67,2.59,0.66,0.65,2.67,2.59,2.67,2.59,0.65,0.65,2.67,2.59,2.67,2.59,0.66,0.65,2.67,2.59,2.67,2.59,0.66,0.65,2.67,2.59,2.67,2.59,0.66,0.65,2.67,2.59,2.67,2.59,0.65,0.65,2.67,2.59,2.67,2.59,0.66,0.65,2.67,2.59,2.67,2.59,0.66,0.65,2.67,2.59,2.67,2.59,0.65,0.65,2.67,2.59,2.67,2.59,0.65,0.65,2.67,2.59,2.67,2.59,0.65,0.65,2.67,2.59,2.67,2.59,0.66,0.65,2.67,2.59,2.67,2.59,0.66,0.65,2.67,2.59,2.67,2.59,0.65,0.65,2.67,2.59,2.67,2.59,0.66,0.65
{'5310', '5312'} process-tracker(MB): min(0.65) max(2.67) average(1.97)
{'533'} coocaa_guard(MB): 2.66,2.66,0.66,2.66,2.66,0.66,2.66,2.66,0.66,2.66,2.66,0.66,2.66,2.66,0.66,2.66,2.66,0.66,2.66,2.66,0.66,2.66,2.66,0.66,2.66,2.66,0.66,2.66,2.66,0.66,2.66,2.66,0.66,2.66,2.66,0.66,2.66,2.66,0.66,2.66,2.66,0.66,2.66,2.66,0.66,2.66,2.66,0.66,2.66,2.66,0.66,2.66,2.66,0.66,2.66,2.66,0.66,2.66,2.66,0.66,2.66,2.66,0.66,2.66,2.66,0.66,2.66,2.66,0.66,2.66,2.66,0.66,2.66,2.66,0.66,2.66,2.66,0.66,2.66,2.66,0.66,2.66,2.66,0.66
{'533'} coocaa_guard(MB): min(0.66) max(2.66) average(1.99)
{'252'} sh(MB): 2.62,2.62,0.80,2.62,2.62,0.80,2.62,2.62,0.80,2.62,2.62,0.80,2.62,2.62,0.80,2.62,2.62,0.80,2.62,2.62,0.80,2.62,2.62,0.80,2.62,2.62,0.80,2.62,2.62,0.80,2.62,2.62,0.80,2.62,2.62,0.80,2.62,2.62,0.80,2.62,2.62,0.80,2.62,2.62,0.80,2.62,2.62,0.80,2.62,2.62,0.80,2.62,2.62,0.80,2.62,2.62,0.80,2.62,2.62,0.80,2.62,2.62,0.68,2.62,2.62,0.80,2.62,2.62,0.80,2.62,2.62,0.80,2.62,2.62,0.80,2.62,2.62,0.80,2.62,2.62,0.80,2.62,2.62,0.80
{'252'} sh(MB): min(0.68) max(2.62) average(2.01)
{'347'} tombstoned(MB): 2.34,2.34,0.53,2.34,2.34,0.53,2.34,2.34,0.53,2.34,2.34,0.53,2.34,2.34,0.53,2.34,2.34,0.53,2.34,2.34,0.53,2.34,2.34,0.53,2.34,2.34,0.53,2.34,2.34,0.53,2.34,2.34,0.53,2.34,2.34,0.53,2.34,2.34,0.53,2.34,2.34,0.53,2.34,2.34,0.53,2.34,2.34,0.53,2.34,2.34,0.53,2.34,2.34,0.53,2.34,2.34,0.53,2.34,2.34,0.53,2.34,2.34,0.53,2.34,2.34,0.53,2.34,2.34,0.53,2.34,2.34,0.53,2.34,2.34,0.53,2.34,2.34,0.53,2.34,2.34,0.53,2.34,2.34,0.53
{'347'} tombstoned(MB): min(0.53) max(2.34) average(1.74)
