usr: 8.8,25.0,6.9,34.7,20.0,48.9,2.3,37.2,25.0,44.4,22.2,31.1,25.5,25.5,33.3,18.6,38.0,15.2,29.2,22.7,21.4,31.8,6.9,37.2,15.5,28.5,11.3,45.2,26.6,29.1,34.8,23.8,33.3,15.5,30.7,14.2,34.1,28.8,17.7,46.6,2.2,21.4,14.2,44.4,20.9,33.3,32.6,40.0,30.2,37.7,34.8,32.5,38.6,46.5,20.4,29.5,22.2,48.8,50.0,34.8,27.2,15.5,58.6,11.9
usr: min(2.2) max(58.6) average(28.06)
sys: 11.1,20.4,4.6,30.4,5.0,34.0,2.3,11.6,20.0,24.4,13.3,13.3,11.6,6.9,16.6,9.3,16.6,13.0,9.7,18.1,7.1,13.6,4.6,16.2,15.5,19.0,15.9,9.5,22.2,16.6,16.2,7.1,16.6,17.7,20.5,9.5,17.0,22.2,17.7,17.7,4.5,11.9,11.9,11.1,9.3,18.7,17.3,15.5,13.9,20.0,18.6,16.2,15.9,11.6,18.1,11.3,8.8,13.9,29.5,20.9,13.6,15.5,13.0,7.1
sys: min(2.3) max(34.0) average(14.73)
nic: 0.0,0.0,0.0,8.6,0.0,0.0,0.0,0.0,0.0,6.6,0.0,2.2,0.0,0.0,0.0,0.0,0.0,2.1,0.0,0.0,0.0,0.0,0.0,0.0,0.0,0.0,0.0,0.0,0.0,0.0,0.0,2.3,0.0,0.0,0.0,0.0,0.0,0.0,0.0,0.0,0.0,0.0,0.0,0.0,0.0,0.0,0.0,2.2,0.0,0.0,0.0,2.3,0.0,0.0,0.0,0.0,0.0,0.0,0.0,0.0,0.0,0.0,2.1,0.0
nic: min(0.0) max(8.6) average(0.44)
idle: 77.7,52.2,86.0,21.7,70.0,12.7,92.8,51.1,52.5,11.1,60.0,51.1,62.7,60.4,47.6,67.4,42.8,63.0,60.9,56.8,69.0,52.2,86.0,44.1,66.6,50.0,72.7,40.4,48.8,50.0,44.1,64.2,50.0,64.4,48.7,76.1,43.9,44.4,60.0,31.1,88.6,64.2,71.4,40.0,67.4,43.7,39.1,40.0,53.4,35.5,46.5,44.1,45.4,37.2,61.3,52.2,64.4,34.8,15.9,41.8,54.5,66.6,23.9,76.1
idle: min(11.1) max(92.8) average(53.36)
io: 0.0,0.0,0.0,0.0,2.5,0.0,0.0,0.0,0.0,0.0,0.0,0.0,0.0,0.0,0.0,0.0,0.0,2.1,0.0,0.0,0.0,0.0,0.0,0.0,0.0,0.0,0.0,0.0,0.0,0.0,0.0,0.0,0.0,0.0,0.0,0.0,0.0,0.0,0.0,0.0,2.2,0.0,0.0,0.0,0.0,0.0,0.0,0.0,0.0,0.0,0.0,0.0,0.0,0.0,0.0,2.2,0.0,0.0,0.0,0.0,0.0,0.0,0.0,0.0
io: min(0.0) max(2.5) average(0.14)
irq: 2.2,0.0,2.3,2.1,2.5,4.2,2.3,0.0,2.5,4.4,2.2,2.2,0.0,2.3,2.3,2.3,2.3,2.1,0.0,2.2,2.3,2.2,2.3,2.3,2.2,2.3,0.0,2.3,2.2,2.0,2.3,2.3,0.0,2.2,0.0,0.0,2.4,2.2,2.2,4.4,2.2,2.3,0.0,2.2,0.0,2.0,4.3,2.2,2.3,2.2,0.0,2.3,0.0,2.3,0.0,2.2,2.2,2.3,4.5,2.3,2.2,2.2,2.1,2.3
irq: min(0.0) max(4.5) average(1.95)
sirq: 0.0,2.2,0.0,2.1,0.0,0.0,0.0,0.0,0.0,8.8,2.2,0.0,0.0,4.6,0.0,2.3,0.0,2.1,0.0,0.0,0.0,0.0,0.0,0.0,0.0,0.0,0.0,2.3,0.0,2.0,2.3,0.0,0.0,0.0,0.0,0.0,2.4,2.2,2.2,0.0,0.0,0.0,2.3,2.2,2.3,2.0,6.5,0.0,0.0,4.4,0.0,2.3,0.0,2.3,0.0,2.2,2.2,0.0,0.0,0.0,2.2,0.0,0.0,2.3
sirq: min(0.0) max(8.8) average(1.11)
{'386'} /vendor/bin/hw/android.hardware.au: 4.4,4.5,4.6,6.5,2.1,2.1,3.5,2.3,7.5,4.4,4.4,4.4,4.6,4.1,4.1,2.3,4.3,6.5,4.1,4.5,2.3,6.8,4.6,2.1,6.6,4.7,2.2,4.4,4.4,4.1,4.6,4.4,4.5,4.4,4.2,4.7,4.6,6.6,4.4,4.4,4.5,4.2,4.7,6.6,4.0,2.0,6.5,4.4,4.6,4.4,6.9,4.1,4.5,4.3,4.5,6.8,4.4,4.6,4.5,4.4,2.2,4.1,4.3,4.7
{'386'} /vendor/bin/hw/android.hardware.au: min(2.0) max(7.5) average(4.44)
{'3521'} com.tianci.movieplatform: 2.2,6.8,2.3,30.3,12.6,44.6,0.0,13.9,10.0,48.8,0.0,22.1,0.0,14.5,10.4,13.9,15.3,13.0,2.0,4.5,16.6,4.5,0.0,12.8,11.0,7.1,9.0,15.4,11.0,10.4,11.6,15.6,9.0,8.8,6.3,7.1,11.6,8.8,11.0,26.6,0.0,2.1,4.7,17.7,12.1,10.4,30.3,15.5,6.9,35.5,11.6,28.8,13.6,36.7,0.0,9.0,11.0,25.5,40.8,13.3,4.5,10.4,34.7,0.0
{'3521'} com.tianci.movieplatform: min(0.0) max(48.8) average(13.38)
{'9586', '9248', '8420', '9110', '9535', '9314', '8015', '9156', '9073', '8124', '8206', '8996', '8795', '8691', '8078', '9382', '9495', '8981', '8329', '8619', '9273', '8563', '8452', '8709', '8654', '8591', '9517', '8858', '8763', '8873', '8783', '9222', '9328', '8233', '8283', '8910', '8342', '8297', '9027', '8669', '8050', '8486', '8526', '8959', '8731', '9438', '8368', '8922', '9203', '8632', '9174', '9458', '8890', '8258', '8746', '8819', '9421', '9054', '9299', '9359'} 1-ntopbusybox: 2.2,2.2,2.3,2.1,2.1,2.1,1.7,2.3,2.5,2.2,2.2,2.2,2.3,2.0,2.0,2.3,2.1,2.1,2.0,2.2,2.3,2.2,2.3,2.1,2.2,2.3,2.2,2.2,2.2,2.0,2.2,2.2,2.2,2.1,2.3,2.2,2.2,4.4,2.2,2.1,2.3,2.2,2.0,2.1,2.2,2.3,2.2,2.3,4.1,2.2,2.1,2.2,2.2,2.3,2.2,2.2,4.5,2.0,2.1,2.3
{'9586', '9248', '8420', '9110', '9535', '9314', '8015', '9156', '9073', '8124', '8206', '8996', '8795', '8691', '8078', '9382', '9495', '8981', '8329', '8619', '9273', '8563', '8452', '8709', '8654', '8591', '9517', '8858', '8763', '8873', '8783', '9222', '9328', '8233', '8283', '8910', '8342', '8297', '9027', '8669', '8050', '8486', '8526', '8959', '8731', '9438', '8368', '8922', '9203', '8632', '9174', '9458', '8890', '8258', '8746', '8819', '9421', '9054', '9299', '9359'} 1-ntopbusybox: min(1.7) max(4.5) average(2.29)
{'621'} [hdmi_task]: 2.2,1.7,2.3,2.5,2.1,2.3,2.3,2.2,2.2,2.3,2.2,2.2,2.1,2.3,2.2,2.2,2.1,2.0,2.0,2.2,2.3,4.1,2.2,2.1,2.2,2.2,2.0
{'621'} [hdmi_task]: min(1.7) max(4.1) average(2.25)
{'4446', '4228'} com.coocaa.mitee.tv:mrelay: 0.0,0.0,0.0,0.0,0.0,0.0,0.0,0.0,0.0,0.0,0.0,0.0,0.0,0.0,0.0,0.0,0.0,0.0,0.0,0.0,0.0,0.0,0.0,0.0,0.0,0.0,0.0,0.0,0.0,0.0,0.0,0.0,0.0,0.0,0.0,0.0,0.0,0.0,0.0,0.0,0.0,0.0,0.0,0.0,0.0,0.0,0.0,0.0,0.0,0.0,0.0,0.0,0.0,0.0,0.0,0.0,0.0,0.0,0.0,0.0,0.0,0.0,0.0,0.0,0.0,0.0,0.0,0.0,0.0,0.0,0.0,0.0,0.0,0.0,0.0,0.0,0.0,0.0,0.0,0.0,0.0,0.0,0.0,0.0,0.0,0.0,0.0,0.0,0.0,0.0,0.0,0.0,0.0,0.0,0.0,0.0,0.0,0.0,0.0,0.0,0.0,0.0,0.0,0.0,0.0,0.0,0.0,0.0,0.0,0.0,0.0,0.0,0.0,0.0,0.0,0.0,0.0,0.0,0.0,0.0,0.0,0.0,0.0,0.0,0.0,0.0,0.0,0.0
{'4446', '4228'} com.coocaa.mitee.tv:mrelay: min(0.0) max(0.0) average(0.0)
{'1031'} system_server: 0.0,24.9,0.0,21.6,0.0,19.1,0.0,23.2,5.0,6.6,24.4,2.2,25.5,0.0,23.0,0.0,21.9,4.3,24.6,27.2,0.0,24.9,0.0,23.5,2.2,23.7,0.0,24.2,22.1,8.3,23.2,4.4,24.9,0.0,25.5,2.3,27.9,24.4,2.2,22.1,0.0,23.1,2.3,24.4,0.0,24.9,2.1,19.9,23.2,0.0,20.9,0.0,20.4,2.1,22.6,22.6,0.0,23.2,0.0,26.7,22.6,0.0,17.3,2.3
{'1031'} system_server: min(0.0) max(27.9) average(13.12)
{'1375'} com.coocaa.aigc.home: 0.0,0.0,0.0,0.0,0.0,0.0,0.0,0.0,0.0,0.0,0.0,0.0,0.0,0.0,0.0,0.0,0.0,0.0,0.0,0.0,0.0,0.0,0.0,0.0,0.0,0.0,0.0,0.0,0.0,0.0,0.0,0.0,0.0,0.0,0.0,0.0,0.0,0.0,0.0,0.0,0.0,0.0,0.0,0.0,0.0,0.0,0.0,0.0,0.0,0.0,0.0,0.0,0.0,0.0,0.0,0.0,0.0,0.0,0.0,0.0,0.0,0.0,0.0,0.0
{'1375'} com.coocaa.aigc.home: min(0.0) max(0.0) average(0.0)
{'2878'} com.tianci.appstore: 0.0,0.0,0.0,0.0,0.0,0.0,0.0,0.0,0.0,0.0,0.0,0.0,0.0,0.0,0.0,0.0,0.0,0.0,0.0,0.0,0.0,0.0,0.0,0.0,0.0,0.0,0.0,0.0,0.0,0.0,0.0,0.0,0.0,0.0,0.0,0.0,0.0,0.0,0.0,0.0,0.0,0.0,0.0,0.0,0.0,0.0,0.0,0.0,0.0,0.0,0.0,0.0,0.0,0.0,0.0,0.0,0.0,0.0,0.0,0.0,0.0,0.0,0.0,0.0
{'2878'} com.tianci.appstore: min(0.0) max(0.0) average(0.0)
{'1437'} com.tianci.system: 0.0,0.0,0.0,0.0,0.0,0.0,0.0,0.0,0.0,0.0,0.0,0.0,0.0,0.0,0.0,0.0,0.0,0.0,0.0,0.0,0.0,0.0,0.0,0.0,0.0,0.0,0.0,0.0,0.0,0.0,0.0,0.0,0.0,0.0,0.0,0.0,0.0,0.0,0.0,0.0,0.0,0.0,0.0,0.0,0.0,0.0,0.0,0.0,0.0,0.0,0.0,0.0,0.0,0.0,0.0,0.0,0.0,0.0,0.0,0.0,0.0,2.0,0.0,2.3
{'1437'} com.tianci.system: min(0.0) max(2.3) average(0.07)
{'4548'} com.skyworth.setting: 0.0,0.0,0.0,0.0,0.0,0.0,0.0,0.0,0.0,0.0,0.0,0.0,0.0,0.0,0.0,0.0,0.0,0.0,0.0,0.0,0.0,0.0,0.0,0.0,0.0,0.0,0.0,0.0,0.0,0.0,0.0,0.0,0.0,0.0,0.0,0.0,0.0,0.0,0.0,0.0,0.0,0.0,0.0,0.0,0.0,0.0,0.0,0.0,0.0,0.0,0.0,0.0,0.0,0.0,0.0,0.0,0.0,0.0,0.0,0.0,0.0,0.0,0.0,0.0
{'4548'} com.skyworth.setting: min(0.0) max(0.0) average(0.0)
{'2270'} com.sogou.inputmethod.iot: 0.0,0.0,0.0,0.0,0.0,0.0,0.0,0.0,0.0,0.0,0.0,0.0,0.0,0.0,0.0,0.0,0.0,0.0,2.0,0.0,0.0,0.0,0.0,2.1,0.0,0.0,0.0,0.0,0.0,0.0,2.3,0.0,0.0,0.0,0.0,0.0,0.0,0.0,0.0,0.0,0.0,0.0,0.0,0.0,0.0,0.0,0.0,0.0,0.0,0.0,0.0,0.0,0.0,0.0,0.0,0.0,0.0,0.0,0.0,0.0,0.0,0.0,0.0,0.0
{'2270'} com.sogou.inputmethod.iot: min(0.0) max(2.3) average(0.1)
{'3187'} com.xiaodianshi.tv.yst:stats: 0.0,0.0,0.0,0.0,0.0,0.0,0.0,0.0,0.0,0.0,0.0,0.0,0.0,0.0,0.0,0.0,0.0,0.0,0.0,0.0,0.0,0.0,0.0,0.0,0.0,0.0,0.0,0.0,0.0,0.0,0.0,0.0,0.0,0.0,0.0,0.0,0.0,0.0,0.0,0.0,0.0,0.0,0.0,0.0,0.0,0.0,0.0,0.0,0.0,0.0,0.0,0.0,0.0,0.0,0.0,0.0,0.0,0.0,0.0,0.0,0.0,0.0,0.0,0.0
{'3187'} com.xiaodianshi.tv.yst:stats: min(0.0) max(0.0) average(0.0)
{'4206'} com.skyworth.tv: 0.0,0.0,0.0,0.0,0.0,0.0,0.0,0.0,0.0,0.0,2.2,0.0,0.0,0.0,0.0,0.0,0.0,0.0,0.0,0.0,0.0,0.0,0.0,0.0,0.0,0.0,0.0,0.0,0.0,0.0,0.0,0.0,0.0,0.0,0.0,0.0,0.0,0.0,0.0,0.0,0.0,0.0,0.0,0.0,0.0,0.0,0.0,0.0,0.0,0.0,0.0,0.0,0.0,0.0,0.0,0.0,0.0,0.0,0.0,0.0,0.0,0.0,0.0
{'4206'} com.skyworth.tv: min(0.0) max(2.2) average(0.03)
{'1724'} com.skyworth.angel.voice: 0.0,0.0,0.0,0.0,0.0,0.0,0.0,0.0,0.0,0.0,0.0,0.0,0.0,0.0,0.0,0.0,0.0,0.0,0.0,0.0,0.0,0.0,0.0,0.0,0.0,0.0,0.0,0.0,0.0,0.0,0.0,0.0,0.0,0.0,0.0,0.0,0.0,0.0,0.0,0.0,0.0,0.0,0.0,0.0,0.0,0.0,0.0,0.0,0.0,0.0,0.0,0.0,0.0,0.0,0.0,0.0,0.0,0.0,0.0,0.0,0.0,0.0
{'1724'} com.skyworth.angel.voice: min(0.0) max(0.0) average(0.0)
{'1534'} com.coocaa.os.service: 0.0,0.0,0.0,0.0,0.0,0.0,0.0,0.0,0.0,0.0,0.0,0.0,0.0,0.0,0.0,0.0,0.0,0.0,0.0,0.0,0.0,0.0,0.0,0.0,0.0,0.0,0.0,0.0,0.0,0.0,0.0,0.0,0.0,0.0,0.0,0.0,0.0,0.0,0.0,0.0,0.0,2.2,0.0,0.0,0.0,0.0,0.0,0.0,0.0,0.0,0.0,0.0,0.0,0.0,0.0,0.0,0.0,0.0,0.0
{'1534'} com.coocaa.os.service: min(0.0) max(2.2) average(0.04)
{'2429'} com.tianci.de: 0.0,0.0,0.0,0.0,0.0,0.0,0.0,0.0,0.0,0.0,0.0,0.0,0.0,0.0,0.0,0.0,0.0,0.0,0.0,0.0,0.0,0.0,0.0,0.0,0.0,0.0,0.0,0.0,0.0,0.0,0.0,0.0,0.0,0.0,0.0,0.0,0.0,2.1,0.0,0.0,0.0,0.0,2.2,0.0,0.0,0.0,0.0,0.0,0.0,0.0,0.0
{'2429'} com.tianci.de: min(0.0) max(2.2) average(0.08)
{'4815'} com.coocaa.os.softsettings: 0.0,0.0,0.0,0.0,0.0,0.0,0.0,0.0,0.0,0.0,0.0,0.0,0.0,0.0,0.0,0.0,0.0,0.0,0.0,0.0,0.0,0.0,0.0,0.0,0.0,0.0,0.0,0.0,0.0,0.0,0.0,0.0,0.0,0.0,0.0,0.0,0.0
{'4815'} com.coocaa.os.softsettings: min(0.0) max(0.0) average(0.0)
{'1763'} com.skyworth.quickcenter: 0.0,0.0,0.0,0.0,0.0,0.0,0.0,0.0,0.0,0.0,0.0,0.0,0.0,0.0,0.0,0.0,0.0,0.0,0.0,0.0,0.0,0.0
{'1763'} com.skyworth.quickcenter: min(0.0) max(0.0) average(0.0)
{'2574'} com.tianci.de:TianciDaemons: 0.0,0.0,0.0,0.0,0.0,0.0,0.0,0.0,0.0,0.0,0.0,0.0
{'2574'} com.tianci.de:TianciDaemons: min(0.0) max(0.0) average(0.0)
{'443', '442', '438', '309'} /vendor/bin/hw/vendor.skyworth.har: 2.2,2.2,2.2,2.0,2.0,2.1,4.5,2.3,2.1,2.2,2.2,2.1,2.3,2.2,2.3,2.0,2.0,2.1,2.2,2.2,2.1,2.2,2.3,2.2,2.2,2.0
{'443', '442', '438', '309'} /vendor/bin/hw/vendor.skyworth.har: min(2.0) max(4.5) average(2.25)
{'228'} /system/bin/ueventd: 2.2,2.3,2.2,2.2,2.2,4.7,2.0
{'228'} /system/bin/ueventd: min(2.0) max(4.7) average(2.54)
{'7429'} [kworker/u9:3-kb]: 2.2
{'7429'} [kworker/u9:3-kb]: min(2.2) max(2.2) average(2.2)
{'486'} /system/bin/surfaceflinger: 2.1,4.2,6.3,2.5,6.6,4.4,6.2,4.1,4.6,4.3,4.7,2.2,4.2,4.4,7.1,6.8,4.4,4.4,6.2,4.6,4.4,6.8,4.4,4.2,4.7,2.3,4.4,4.4,4.4,2.1,2.2,4.0,4.1,4.3,4.4,2.3,6.6,4.6,6.1,4.5,6.4,2.2,2.2,2.2,2.3,4.5,4.4,6.2,6.5
{'486'} /system/bin/surfaceflinger: min(2.1) max(7.1) average(4.42)
{'155'} [vsc_tsk]: 2.1
{'155'} [vsc_tsk]: min(2.1) max(2.1) average(2.1)
{'920', '924'} [PCRTRACK]: 2.1,2.0,2.1
{'920', '924'} [PCRTRACK]: min(2.0) max(2.1) average(2.07)
{'406'} /vendor/bin/hw/android.hardware.gr: 2.1,2.1,2.2,2.0,2.1,2.3,4.4,2.2,2.2,2.2,2.2,2.2,2.1,2.2,2.3,2.1,2.2,2.2
{'406'} /vendor/bin/hw/android.hardware.gr: min(2.0) max(4.4) average(2.29)
{'239'} /system/bin/logd: 2.1,2.2,2.2,2.0,2.1,2.0,2.2,2.3,2.2,4.4,2.3,2.2,2.0
{'239'} /system/bin/logd: min(2.0) max(4.4) average(2.32)
{'8115'} [kworker/3:2H-mm]: 2.1
{'8115'} [kworker/3:2H-mm]: min(2.1) max(2.1) average(2.1)
{'13'} [rcu_preempt]: 2.1
{'13'} [rcu_preempt]: min(2.1) max(2.1) average(2.1)
{'5218'} --/apex/com.android.adbd/bin/adbd: 2.5,2.2,2.2
{'5218'} --/apex/com.android.adbd/bin/adbd: min(2.2) max(2.5) average(2.3)
{'24'} [ksoftirqd/1]: 2.5
{'24'} [ksoftirqd/1]: min(2.5) max(2.5) average(2.5)
{'3945'} [kworker/u9:0-ma]: 2.2,2.1,2.2,2.3
{'3945'} [kworker/u9:0-ma]: min(2.1) max(2.3) average(2.2)
{'12'} [ksoftirqd/0]: 2.2
{'12'} [ksoftirqd/0]: min(2.2) max(2.2) average(2.2)
{'30'} [ksoftirqd/2]: 2.2,2.2
{'30'} [ksoftirqd/2]: min(2.2) max(2.2) average(2.2)
{'163'} film_mode_][init: 2.2
{'163'} film_mode_][init: min(2.2) max(2.2) average(2.2)
{'543'} /system/bin/socketsys: 2.2,2.2,2.2
{'543'} /system/bin/socketsys: min(2.2) max(2.2) average(2.2)
{'5310', '5312'} /data/local/tmp/.studio/process-tr: 2.2,2.2,2.1
{'5310', '5312'} /data/local/tmp/.studio/process-tr: min(2.1) max(2.2) average(2.17)
{'1285'} com.android.bluetooth: 0.0,0.0
{'1285'} com.android.bluetooth: min(0.0) max(0.0) average(0.0)
{'624'} /vendor/bin/audioserver_sky: 2.0,2.0,2.2
{'624'} /vendor/bin/audioserver_sky: min(2.0) max(2.2) average(2.07)
{'3945'} [kworker/u9:0-kb]: 2.0,2.0,2.1
{'3945'} [kworker/u9:0-kb]: min(2.0) max(2.1) average(2.03)
{'5129'} [kworker/u8:0-ex]: 2.0
{'5129'} [kworker/u8:0-ex]: min(2.0) max(2.0) average(2.0)
{'625'} [infoframe_task]: 2.0
{'625'} [infoframe_task]: min(2.0) max(2.0) average(2.0)
{'925'} [DEMUX_1]: 2.0
{'925'} [DEMUX_1]: min(2.0) max(2.0) average(2.0)
{'387'} /vendor/bin/hw/android.hardware.bl: 2.1
{'387'} /vendor/bin/hw/android.hardware.bl: min(2.1) max(2.1) average(2.1)
{'620'} /vendor/bin/audio_codec: 2.0
{'620'} /vendor/bin/audio_codec: min(2.0) max(2.0) average(2.0)
{'3945'} [kworker/u9:0+ma]: 2.2
{'3945'} [kworker/u9:0+ma]: min(2.2) max(2.2) average(2.2)
{'649'} /vendor/bin/tvservice: 2.3,2.2,2.3,2.0
{'649'} /vendor/bin/tvservice: min(2.0) max(2.3) average(2.2)
{'423'} /vendor/bin/hw/android.hardware.me: 2.1
{'423'} /vendor/bin/hw/android.hardware.me: min(2.1) max(2.1) average(2.1)
{'1975'} [kworker/u9:2-ma]: 2.1,2.2,2.0
{'1975'} [kworker/u9:2-ma]: min(2.0) max(2.2) average(2.1)
{'308'} /vendor/bin/rtkd: 2.2,2.2
{'308'} /vendor/bin/rtkd: min(2.2) max(2.2) average(2.2)
{'165'} [film_mode_detec]: 2.0
{'165'} [film_mode_detec]: min(2.0) max(2.0) average(2.0)
{'690'} [AioThread0]: 2.0
{'690'} [AioThread0]: min(2.0) max(2.0) average(2.0)
{'2389'} com.skyworth.smartcast: 2.1
{'2389'} com.skyworth.smartcast: min(2.1) max(2.1) average(2.1)
{'1419'} /system/vendor/bin/hw/wpa_supplica: 2.1
{'1419'} /system/vendor/bin/hw/wpa_supplica: min(2.1) max(2.1) average(2.1)
{'661'} /system/bin/mdnsd: 2.3,2.3,2.1
{'661'} /system/bin/mdnsd: min(2.1) max(2.3) average(2.23)
{'1975'} [kworker/u9:2-kb]: 2.3,2.3,2.0
{'1975'} [kworker/u9:2-kb]: min(2.0) max(2.3) average(2.2)
{'152'} [hdmi_detect_tsk]: 2.3
{'152'} [hdmi_detect_tsk]: min(2.3) max(2.3) average(2.3)
{'942'} [EarcThread0]: 2.2
{'942'} [EarcThread0]: min(2.2) max(2.2) average(2.2)
{'367'} /system/bin/netd: 2.3
{'367'} /system/bin/netd: min(2.3) max(2.3) average(2.3)
{'1242'} [RTW_CMD_THREAD]: 2.3
{'1242'} [RTW_CMD_THREAD]: min(2.3) max(2.3) average(2.3)
{'8172'} [kworker/1:0-eve]: 2.0
{'8172'} [kworker/1:0-eve]: min(2.0) max(2.0) average(2.0)
{'36'} [ksoftirqd/3]: 2.0
{'36'} [ksoftirqd/3]: min(2.0) max(2.0) average(2.0)
{'147'} [md_check_thread]: 2.0,2.3
{'147'} [md_check_thread]: min(2.0) max(2.3) average(2.15)
{'6719'} [kworker/2:0H-mm]: 2.2
{'6719'} [kworker/2:0H-mm]: min(2.2) max(2.2) average(2.2)
{'7429'} [kworker/u9:3-ma]: 2.2
{'7429'} [kworker/u9:3-ma]: min(2.2) max(2.2) average(2.2)
{'419'} /vendor/bin/hw/android.hardware.tv: 2.1
{'419'} /vendor/bin/hw/android.hardware.tv: min(2.1) max(2.1) average(2.1)
