total_ram(MB): 452.27,452.27,452.27,452.27,452.27,452.27,452.27,452.27,452.27,452.27,452.27,452.27,452.27,452.27,452.27,452.27,452.27,452.27,452.27,452.27,452.27,452.27,452.27,452.27,452.27,452.27,452.27,452.27,452.27,452.27,452.27,452.27,452.27,452.27,452.27,452.27,452.27,452.27,452.27,452.27,452.27,452.27,452.27,452.27
total_ram(MB): min(452.27) max(452.27) average(452.27)
free_ram(MB): 180.78,179.92,149.96,144.77,146.32,148.97,148.71,149.44,145.45,144.34,136.90,132.66,125.93,130.81,131.16,138.27,137.94,139.90,139.44,136.19,135.19,129.00,133.79,132.20,134.58,130.83,129.72,130.87,133.79,132.76,135.82,128.93,135.26,133.82,136.46,135.80,137.73,131.60,133.39,135.26,127.34,133.74,133.49,123.22
free_ram(MB): min(123.22) max(180.78) average(138.01)
used_ram(MB): 269.78,257.39,282.30,296.80,296.46,293.26,295.12,294.57,297.70,299.65,304.41,307.50,309.65,308.47,308.40,308.08,302.25,299.86,305.49,303.14,306.54,305.38,309.09,307.47,305.60,308.70,302.79,303.63,301.33,299.67,299.92,296.22,295.77,292.71,294.99,298.71,294.09,295.24,300.05,299.36,301.71,293.25,287.95,291.90
used_ram(MB): min(257.39) max(309.65) average(298.46)
lost_ram(MB): 1.71,14.96,20.01,10.70,9.49,10.04,8.44,8.27,9.12,8.28,10.96,12.11,16.70,12.99,12.71,5.92,12.08,12.51,7.34,12.94,10.54,17.89,9.39,12.60,12.09,12.74,19.77,17.78,17.15,19.85,16.53,27.12,21.25,25.75,20.82,17.77,20.45,25.44,18.83,17.65,23.23,25.28,30.83,37.15
lost_ram(MB): min(1.71) max(37.15) average(15.8)
free(MB): 17.82,15.12,2.81,12.09,12.09,13.60,10.51,10.96,6.56,5.44,5.45,3.10,2.63,16.89,17.23,21.33,20.35,21.86,21.30,16.68,15.91,10.79,15.42,13.77,20.64,20.55,19.57,21.39,25.91,23.65,25.93,20.77,27.64,26.48,29.26,25.39,27.57,21.83,23.64,42.70,35.17,41.52,37.24,23.00
free(MB): min(2.63) max(42.7) average(19.31)
used_pss(MB): 246.33,233.75,258.77,273.95,273.54,270.25,272.04,271.45,274.49,276.45,281.17,284.20,286.58,285.39,285.31,284.87,278.99,276.60,282.14,279.74,283.13,281.99,285.68,284.08,282.19,285.23,279.40,280.28,277.99,276.33,276.56,272.83,272.38,269.29,271.61,275.27,270.65,271.76,276.56,276.42,278.79,270.33,264.99,268.83
used_pss(MB): min(233.75) max(286.58) average(275.19)
kernel(MB): 0.00,0.00,0.00,0.00,0.00,0.00,0.00,0.00,0.00,0.00,0.00,0.00,0.00,0.00,0.00,0.00,0.00,0.00,0.00,0.00,0.00,0.00,0.00,0.00,0.00,0.00,0.00,0.00,0.00,0.00,0.00,0.00,0.00,0.00,0.00,0.00,0.00,0.00,0.00,0.00,0.00,0.00,0.00,0.00
kernel(MB): min(0.0) max(0.0) average(0.0)
buffers(MB): 2.55,2.62,2.37,1.66,1.65,1.70,1.73,1.75,1.80,1.80,1.82,1.84,1.56,1.56,1.57,1.62,1.64,1.64,1.69,1.69,1.70,1.70,1.70,1.72,1.73,1.73,1.58,1.58,1.57,1.58,1.59,1.63,1.63,1.64,1.64,1.66,1.66,1.70,1.70,1.16,1.16,1.17,1.17,1.25
buffers(MB): min(1.16) max(2.62) average(1.67)
shmem(MB): 0.13,0.13,0.13,0.13,0.13,0.13,0.13,0.13,0.13,0.13,0.13,0.13,0.13,0.13,0.13,0.13,0.13,0.13,0.13,0.13,0.13,0.13,0.13,0.13,0.13,0.13,0.13,0.13,0.13,0.13,0.13,0.13,0.13,0.13,0.13,0.13,0.13,0.13,0.13,0.13,0.13,0.13,0.13,0.13
shmem(MB): min(0.13) max(0.13) average(0.13)
slab(MB): 20.77,20.89,21.03,21.06,21.13,21.18,21.22,21.23,21.28,21.27,21.30,21.33,21.37,21.39,21.38,21.45,21.49,21.49,21.53,21.59,21.58,21.56,21.57,21.54,21.56,21.60,21.67,21.64,21.64,21.63,21.63,21.63,21.62,21.64,21.61,21.65,21.64,21.65,21.66,21.65,21.62,21.62,21.66,21.70
slab(MB): min(20.77) max(21.7) average(21.46)
total_swap(MB): 96.00,96.00,96.00,96.00,96.00,96.00,96.00,96.00,96.00,96.00,96.00,96.00,96.00,96.00,96.00,96.00,96.00,96.00,96.00,96.00,96.00,96.00,96.00,96.00,96.00,96.00,96.00,96.00,96.00,96.00,96.00,96.00,96.00,96.00,96.00,96.00,96.00,96.00,96.00,96.00,96.00,96.00,96.00,96.00
total_swap(MB): min(96.0) max(96.0) average(96.0)
used_swap(MB): 9.38,9.38,9.45,9.59,9.59,9.59,9.59,9.59,9.59,9.59,9.59,9.59,9.59,9.79,9.79,9.79,9.79,9.79,9.79,9.79,9.79,9.79,9.79,9.80,10.19,10.64,11.05,11.05,11.15,11.15,11.15,11.37,11.37,11.37,11.37,11.37,11.37,11.37,11.37,14.51,14.51,14.51,14.51,14.51
used_swap(MB): min(9.38) max(14.51) average(10.72)
{'5079'} com.ccos.tv.homepage(MB): 69.60,57.10,82.35,97.93,97.01,94.08,96.09,95.42,98.26,100.65,105.74,109.35,112.29,112.67,112.75,112.37,106.36,103.80,109.54,107.18,110.28,108.94,112.82,111.19,109.93,113.38,108.73,109.63,109.13,107.12,107.40,104.48,104.97,101.69,104.18,105.40,100.55,101.32,106.10,113.41,116.38,107.79,102.79,106.27
{'5079'} com.ccos.tv.homepage(MB): min(57.1) max(116.38) average(103.74)
{'4526'} com.tianci.movieplatform(MB): 22.62,22.62,22.61,22.61,22.73,22.73,22.73,22.73,22.73,22.73,22.72,22.72,22.72,22.72,22.72,22.72,22.72,22.72,22.72,22.72,22.72,22.72,22.72,22.72,22.72,22.72,22.62,22.62,22.62,22.62,22.62,22.58,22.58,22.58,22.58,22.57,22.57,22.57,22.57,21.76,21.77,21.77,21.77,21.77
{'4526'} com.tianci.movieplatform(MB): min(21.76) max(22.73) average(22.57)
{'4445'} com.coocaa.os.ccosservice(MB): 22.33,22.33,22.12,22.03,22.04,22.03,22.02,22.02,22.01,21.54,21.54,20.87,20.83,20.55,20.54,20.54,20.53,20.51,20.53,20.37,20.31,20.29,20.29,20.28,20.28,20.28,19.47,19.54,18.19,18.19,18.18,18.04,17.39,17.39,17.39,17.42,17.41,17.42,17.42,17.39,17.09,17.07,17.07,17.08
{'4445'} com.coocaa.os.ccosservice(MB): min(17.07) max(22.33) average(19.73)
{'3891'} system(MB): 20.95,21.03,21.02,20.95,20.99,20.99,20.88,20.97,21.01,21.01,20.90,20.97,21.01,20.79,20.80,20.64,20.75,20.78,20.77,20.60,20.68,20.74,20.75,20.59,20.24,20.26,20.24,20.09,20.17,20.25,20.25,20.00,20.08,20.12,20.12,19.98,20.04,20.10,20.10,19.20,19.30,19.30,19.21,19.32
{'3891'} system(MB): min(19.2) max(21.03) average(20.43)
{'4079'} com.tianci.system(MB): 16.77,16.77,16.76,16.64,16.77,16.77,16.46,16.46,16.45,16.45,16.51,16.50,16.39,15.85,15.85,15.84,15.85,15.85,15.84,15.84,15.83,15.83,15.83,15.83,15.83,15.82,15.70,15.73,15.63,15.63,15.63,15.49,15.58,15.58,15.58,15.56,15.56,15.71,15.71,13.21,13.21,13.21,13.21,13.26
{'4079'} com.tianci.system(MB): min(13.21) max(16.77) average(15.7)
{'5202'} com.tianci.de(MB): 15.79,15.79,15.80,15.79,15.83,15.84,16.04,16.05,16.29,16.29,16.12,16.04,16.04,16.00,16.00,15.96,15.97,15.96,15.96,16.07,16.01,16.01,15.98,15.98,15.96,15.95,17.24,17.13,16.96,16.88,16.86,16.85,16.65,16.63,16.62,16.62,16.60,16.58,16.58,16.13,16.10,16.10,16.10,16.10
{'5202'} com.tianci.de(MB): min(15.79) max(17.24) average(16.23)
{'7353'} com.tianci.user(MB): 13.29,13.29,13.29,13.27,13.27,13.27,13.27,13.26,13.26,13.26,13.24,13.24,13.16,13.16,13.16,13.16,13.16,13.15,13.15,13.15,13.14,13.12,13.12,13.12,13.12,11.69,11.07,11.07,11.07,11.07,11.07,11.06,11.04,11.04,11.04,11.03,11.03,11.03,11.03,10.56,10.55,10.55,10.55,10.55
{'7353'} com.tianci.user(MB): min(10.55) max(13.29) average(12.23)
{'5516'} com.tianci.ad(MB): 11.38,11.38,11.37,11.37,11.37,11.37,11.37,11.36,11.28,11.28,11.27,11.27,11.27,11.22,11.22,11.20,11.20,11.20,11.18,11.18,11.18,11.18,11.18,11.17,11.14,11.11,10.49,10.49,10.49,10.65,10.81,10.76,10.74,10.74,10.73,10.58,10.72,10.72,10.72,10.65,10.65,10.64,10.64,10.64
{'5516'} com.tianci.ad(MB): min(10.49) max(11.38) average(11.01)
{'7397'} com.coocaa.sysreport(MB): 10.84,10.84,10.84,10.83,10.83,10.83,10.83,10.83,10.83,10.83,10.80,10.80,10.64,10.64,10.64,10.64,10.64,10.64,10.64,10.64,10.64,10.63,10.63,10.61,10.61,10.61,10.53,10.53,10.53,10.53,10.53,10.53,10.51,10.51,10.51,10.50,10.50,10.50,10.50,10.43,10.31,10.31,10.31,10.31
{'7397'} com.coocaa.sysreport(MB): min(10.31) max(10.84) average(10.62)
{'4206'} com.tianci.push(MB): 10.09,10.09,9.97,9.97,9.97,9.97,9.97,9.97,9.97,9.97,9.96,9.96,9.88,9.86,9.86,9.86,9.86,9.86,9.86,9.86,9.86,9.86,9.86,9.86,9.86,9.86,9.77,9.77,9.77,9.77,9.77,9.77,9.75,9.75,9.75,9.75,9.74,9.74,9.74,9.09,8.98,8.98,8.98,8.98
{'4206'} com.tianci.push(MB): min(8.98) max(10.09) average(9.77)
{'4646'} com.coocaa.os.softsettings.provider(MB): 8.36,8.36,8.36,8.36,8.36,8.36,8.36,8.36,8.36,8.40,8.40,8.40,8.35,8.31,8.31,8.30,8.30,8.30,8.30,8.30,8.30,8.30,8.30,8.30,8.26,8.22,8.21,8.21,8.21,8.21,8.21,8.18,8.17,8.17,8.17,8.16,8.15,8.15,8.15,8.08,8.07,8.07,8.07,8.07
{'4646'} com.coocaa.os.softsettings.provider(MB): min(8.07) max(8.4) average(8.26)
{'4264'} app_process(MB): 6.55,6.55,6.55,6.53,6.53,6.53,6.53,6.53,6.53,6.53,6.53,6.53,6.53,6.40,6.40,6.40,6.40,6.40,6.40,6.40,6.40,6.40,6.40,6.40,6.40,6.40,6.38,6.38,6.38,6.38,6.38,6.31,6.31,6.31,6.31,6.31,6.31,6.31,6.31,6.01,6.01,6.01,6.01,6.01
{'4264'} app_process(MB): min(6.01) max(6.55) average(6.38)
{'5663'} com.tianci.ad:adUpgrade(MB): 6.46,6.46,6.46,6.46,6.46,6.46,6.46,6.46,6.46,6.46,6.46,6.46,6.46,6.46,6.46,6.46,6.46,6.46,6.46,6.46,6.46,6.46,6.46,6.46,6.46,6.46,6.45,6.45,6.45,6.45,6.45,6.44,6.43,6.43,6.43,9.01,9.27,9.20,9.18,8.97,8.96,8.95,8.94,8.92
{'5663'} com.tianci.ad:adUpgrade(MB): min(6.43) max(9.27) average(6.98)
{'5493'} android.process.media(MB): 4.97,4.97,4.97,4.97,4.97,4.97,4.97,4.97,4.97,4.97,4.97,4.97,4.97,4.97,4.97,4.97,4.97,4.97,4.97,4.97,4.97,4.97,4.97,4.97,4.97,4.97,4.96,4.96,4.96,4.96,4.96,4.93,4.93,4.93,4.93,4.93,4.93,4.93,4.93,4.84,4.84,4.84,4.84,4.84
{'5493'} android.process.media(MB): min(4.84) max(4.97) average(4.95)
{'4061'} com.dunn.instrument(MB): 4.20,4.20,4.20,4.22,4.22,4.00,4.00,4.00,4.00,4.00,4.00,4.00,4.00,4.00,4.00,4.00,4.00,4.00,4.00,4.00,4.00,4.00,4.00,4.00,4.00,3.88,3.66,3.66,3.62,3.62,3.62,3.55,3.55,3.55,3.55,3.55,3.55,3.55,3.55,3.17,3.18,3.18,3.18,3.19
{'4061'} com.dunn.instrument(MB): min(3.17) max(4.22) average(3.8)
{'4070'} com.skyworth.android.skyRMService(MB): 3.91,3.91,3.92,3.92,3.92,3.95,3.95,3.95,3.96,3.96,3.87,3.83,3.84,3.84,3.86,3.86,3.86,3.87,3.87,3.87,3.90,3.90,3.90,3.95,3.95,3.85,3.71,3.71,3.69,3.71,3.71,3.64,3.64,3.64,3.66,3.66,3.66,3.68,3.68,3.52,3.56,3.56,3.49,3.50
{'4070'} com.skyworth.android.skyRMService(MB): min(3.49) max(3.96) average(3.79)
{'3497'} zygote(MB): 2.83,2.83,2.82,2.81,2.81,2.81,2.81,2.81,2.81,2.81,2.81,2.81,2.81,2.68,2.68,2.68,2.68,2.68,2.68,2.68,2.68,2.68,2.68,2.68,2.68,2.68,2.60,2.60,2.60,2.60,2.60,2.53,2.53,2.53,2.53,2.52,2.52,2.52,2.52,2.12,2.12,2.12,2.12,2.12
{'3497'} zygote(MB): min(2.12) max(2.83) average(2.62)
{'1146'} TvServer(MB): 1.34,1.34,1.34,1.34,1.34,1.34,1.34,1.34,1.34,1.34,1.34,1.33,1.33,1.32,1.32,1.32,1.32,1.32,1.32,1.32,1.30,1.30,1.30,1.29,1.29,1.29,1.29,1.27,1.27,1.27,1.27,1.27,1.27,1.27,1.27,1.27,1.27,1.27,1.27,1.27,1.27,1.27,1.27,1.27
{'1146'} TvServer(MB): min(1.27) max(1.34) average(1.3)
{'743'} surfaceflinger(MB): 1.32,1.33,1.32,1.32,1.32,1.32,1.32,1.32,1.32,1.32,1.32,1.32,1.32,1.28,1.28,1.28,1.28,1.28,1.28,1.27,1.28,1.28,1.28,1.28,1.28,1.28,1.28,1.28,1.28,1.28,1.28,1.28,1.29,1.28,1.28,1.28,1.28,1.28,1.49,1.28,1.28,1.28,1.28,1.28
{'743'} surfaceflinger(MB): min(1.27) max(1.49) average(1.3)
{'3499'} mediaserver(MB): 1.13,1.13,1.13,1.12,1.12,1.12,1.12,1.12,1.12,1.12,1.12,1.12,1.12,1.06,1.06,1.06,1.06,1.06,1.06,1.06,1.06,1.06,1.06,1.06,1.06,1.06,1.06,1.06,1.06,1.04,1.04,1.04,1.04,1.04,1.04,1.04,1.04,1.04,1.04,1.04,1.04,1.04,1.04,1.04
{'3499'} mediaserver(MB): min(1.04) max(1.13) average(1.07)
{'6982'} logcat(MB): 0.74,0.74,0.74,0.81,0.81,0.81,0.81,0.81,0.81,0.81,0.82,0.82,0.82,0.82,0.82,0.82,0.99,0.99,0.99,0.99,1.50,1.50,1.50,1.50,1.50,1.50,1.50,1.50,1.50,1.50,1.50,1.50,1.50,1.50,1.50,1.50,1.50,1.50,1.51,1.51,1.51,1.51,1.51,1.51
{'6982'} logcat(MB): min(0.74) max(1.51) average(1.2)
{'3963'} wpa_supplicant(MB): 0.69,0.69,0.66,0.68,0.68,0.68,0.68,0.68,0.68,0.68,0.68,0.68,0.68,0.68,0.68,0.68,0.68,0.68,0.68,0.68,0.68,0.68,0.68,0.68,0.68,0.52,0.52,0.52,0.52,0.52,0.52,0.52,0.52,0.52,0.52,0.52,0.52,0.52,0.52,0.47,0.47,0.47,0.47,0.47
{'3963'} wpa_supplicant(MB): min(0.47) max(0.69) average(0.61)
{'3498'} netd(MB): 0.30,0.30,0.30,0.30,0.30,0.30,0.30,0.30,0.30,0.30,0.30,0.30,0.30,0.29,0.29,0.29,0.29,0.29,0.29,0.29,0.29,0.29,0.29,0.29,0.29,0.27,0.27,0.27,0.24,0.24,0.24,0.24,0.24,0.24,0.24,0.24,0.24,0.24,0.24,0.23,0.23,0.23,0.23,0.23
{'3498'} netd(MB): min(0.23) max(0.3) average(0.27)
{'1249'} VirtualEvent(MB): 0.28,0.28,0.28,0.28,0.28,0.28,0.28,0.28,0.28,0.28,0.28,0.28,0.28,0.28,0.28,0.28,0.28,0.28,0.28,0.28,0.28,0.28,0.28,0.28,0.28,0.28,0.28,0.28,0.28,0.28,0.28,0.28,0.28,0.28,0.28,0.28,0.28,0.28,0.28,0.16,0.16,0.16,0.16,0.16
{'1249'} VirtualEvent(MB): min(0.16) max(0.28) average(0.27)
{'745'} drmserver(MB): 0.26,0.26,0.26,0.26,0.26,0.26,0.26,0.26,0.26,0.26,0.26,0.26,0.26,0.20,0.20,0.20,0.20,0.20,0.20,0.20,0.20,0.20,0.20,0.20,0.20,0.20,0.20,0.20,0.20,0.20,0.20,0.20,0.20,0.20,0.20,0.20,0.20,0.20,0.20,0.20,0.20,0.20,0.20,0.20
{'745'} drmserver(MB): min(0.2) max(0.26) average(0.22)
{'1'} /init(MB): 0.24,0.24,0.24,0.24,0.24,0.24,0.24,0.24,0.24,0.24,0.24,0.24,0.24,0.24,0.24,0.24,0.24,0.24,0.24,0.24,0.24,0.24,0.24,0.24,0.24,0.24,0.24,0.24,0.24,0.24,0.24,0.24,0.24,0.24,0.24,0.24,0.24,0.24,0.24,0.24,0.24,0.24,0.24,0.24
{'1'} /init(MB): min(0.24) max(0.24) average(0.24)
{'748'} keystore(MB): 0.24,0.24,0.24,0.24,0.24,0.24,0.24,0.24,0.24,0.24,0.24,0.24,0.24,0.24,0.24,0.24,0.24,0.24,0.24,0.24,0.24,0.24,0.24,0.24,0.24,0.24,0.24,0.24,0.24,0.24,0.24,0.24,0.24,0.24,0.24,0.24,0.24,0.24,0.24,0.24,0.24,0.24,0.24,0.24
{'748'} keystore(MB): min(0.24) max(0.24) average(0.24)
{'3985'} dhcpcd(MB): 0.21,0.21,0.21,0.21,0.21,0.21,0.21,0.21,0.21,0.21,0.21,0.21,0.21,0.16,0.16,0.16,0.16,0.16,0.16,0.16,0.16,0.16,0.16,0.16,0.16,0.06,0.06,0.06,0.06,0.06,0.06,0.06,0.06,0.06,0.06,0.06,0.06,0.06,0.06,0.04,0.04,0.04,0.04,0.04
{'3985'} dhcpcd(MB): min(0.04) max(0.21) average(0.13)
{'1403'} adbd(MB): 0.20,0.20,0.20,0.20,0.20,0.20,0.20,0.20,0.20,0.20,0.20,0.20,0.20,0.20,0.21,0.20,0.20,0.20,0.20,0.20,0.20,0.20,0.20,0.20,0.21,0.21,0.20,0.20,0.20,0.20,0.20,0.20,0.21,0.21,0.21,0.21,0.21,0.21,0.21,0.21,0.21,0.21,0.21,0.21
{'1403'} adbd(MB): min(0.2) max(0.21) average(0.2)
{'4133', '733'} sh(MB): 0.19,0.17,0.19,0.17,0.19,0.17,0.19,0.17,0.19,0.17,0.19,0.17,0.19,0.17,0.19,0.17,0.19,0.17,0.19,0.17,0.19,0.17,0.19,0.17,0.19,0.17,0.19,0.17,0.19,0.17,0.19,0.17,0.19,0.17,0.19,0.17,0.19,0.17,0.19,0.17,0.19,0.17,0.19,0.17,0.19,0.17,0.19,0.17,0.19,0.17,0.19,0.17,0.19,0.17,0.19,0.17,0.19,0.17,0.19,0.17,0.19,0.17,0.19,0.17,0.19,0.17,0.19,0.17,0.19,0.17,0.19,0.17,0.17,0.16,0.19,0.17,0.19,0.17,0.17,0.10,0.17,0.10,0.17,0.10,0.17,0.10,0.17,0.10
{'4133', '733'} sh(MB): min(0.1) max(0.19) average(0.17)
{'742'} debuggerd(MB): 0.18,0.18,0.18,0.18,0.18,0.18,0.18,0.18,0.18,0.18,0.18,0.18,0.18,0.18,0.18,0.18,0.18,0.18,0.18,0.18,0.18,0.18,0.18,0.18,0.18,0.18,0.18,0.18,0.18,0.18,0.18,0.18,0.18,0.18,0.18,0.18,0.18,0.18,0.18,0.18,0.18,0.18,0.18,0.18
{'742'} debuggerd(MB): min(0.18) max(0.18) average(0.18)
{'8875', '9759', '9642', '8570', '9895', '10012', '8756', '9314', '10356', '9419', '9519', '10223', '8162', '9197', '8016', '8275', '10115', '8663', '8996', '9084'} dumpsys(MB): 0.17,0.00,0.17,0.00,0.17,0.00,0.00,0.17,0.00,0.17,0.00,0.17,0.00,0.17,0.00,0.17,0.00,0.17,0.00,0.17,0.00,0.17,0.00,0.17,0.00,0.17,0.00,0.17,0.00,0.17,0.00,0.17,0.00,0.17,0.00,0.17,0.00,0.17,0.00,0.17
{'8875', '9759', '9642', '8570', '9895', '10012', '8756', '9314', '10356', '9419', '9519', '10223', '8162', '9197', '8016', '8275', '10115', '8663', '8996', '9084'} dumpsys(MB): min(0.0) max(0.17) average(0.08)
{'754'} sdcard(MB): 0.14,0.14,0.14,0.14,0.14,0.14,0.14,0.14,0.14,0.14,0.14,0.14,0.14,0.14,0.14,0.14,0.14,0.14,0.14,0.14,0.14,0.14,0.14,0.14,0.14,0.14,0.14,0.14,0.14,0.14,0.14,0.14,0.14,0.14,0.14,0.14,0.14,0.14,0.14,0.14,0.14,0.14,0.14,0.14
{'754'} sdcard(MB): min(0.14) max(0.14) average(0.14)
{'735'} vold(MB): 0.13,0.13,0.13,0.13,0.13,0.13,0.13,0.13,0.13,0.13,0.13,0.13,0.13,0.13,0.13,0.13,0.13,0.13,0.13,0.13,0.13,0.13,0.13,0.13,0.13,0.13,0.13,0.13,0.13,0.13,0.13,0.13,0.13,0.13,0.13,0.13,0.13,0.13,0.13,0.13,0.13,0.13,0.13,0.13
{'735'} vold(MB): min(0.13) max(0.13) average(0.13)
{'732'} healthd(MB): 0.12,0.12,0.12,0.12,0.12,0.12,0.12,0.12,0.12,0.12,0.12,0.12,0.12,0.12,0.12,0.12,0.12,0.12,0.12,0.12,0.12,0.12,0.12,0.12,0.12,0.12,0.12,0.12,0.12,0.12,0.12,0.12,0.12,0.12,0.12,0.12,0.12,0.12,0.12,0.12,0.12,0.12,0.12,0.12
{'732'} healthd(MB): min(0.12) max(0.12) average(0.12)
{'749'} FileDesc_server(MB): 0.09,0.09,0.09,0.09,0.09,0.09,0.09,0.09,0.09,0.09,0.09,0.09,0.09,0.05,0.05,0.05,0.05,0.05,0.05,0.05,0.05,0.05,0.05,0.05,0.05,0.05,0.05,0.05,0.05,0.05,0.05,0.05,0.05,0.05,0.05,0.05,0.05,0.05,0.05,0.05,0.05,0.05,0.05,0.05
{'749'} FileDesc_server(MB): min(0.05) max(0.09) average(0.06)
{'752'} coocaa_guard(MB): 0.09,0.09,0.09,0.09,0.09,0.09,0.09,0.09,0.09,0.09,0.09,0.09,0.09,0.09,0.09,0.09,0.09,0.09,0.09,0.09,0.09,0.09,0.09,0.09,0.09,0.09,0.09,0.09,0.09,0.09,0.09,0.09,0.09,0.09,0.09,0.09,0.09,0.09,0.09,0.08,0.08,0.08,0.08,0.08
{'752'} coocaa_guard(MB): min(0.08) max(0.09) average(0.09)
{'747'} installd(MB): 0.07,0.07,0.07,0.07,0.07,0.07,0.07,0.07,0.07,0.07,0.07,0.07,0.07,0.07,0.07,0.07,0.07,0.07,0.07,0.07,0.07,0.07,0.07,0.07,0.07,0.07,0.07,0.07,0.07,0.07,0.07,0.07,0.07,0.07,0.07,0.07,0.07,0.07,0.07,0.07,0.07,0.07,0.07,0.07
{'747'} installd(MB): min(0.07) max(0.07) average(0.07)
{'512'} ueventd(MB): 0.07,0.07,0.07,0.07,0.07,0.07,0.07,0.07,0.07,0.07,0.07,0.07,0.07,0.07,0.07,0.07,0.07,0.07,0.07,0.07,0.07,0.07,0.07,0.07,0.07,0.07,0.07,0.07,0.07,0.07,0.07,0.07,0.07,0.07,0.07,0.07,0.07,0.07,0.07,0.07,0.07,0.07,0.07,0.07
{'512'} ueventd(MB): min(0.07) max(0.07) average(0.07)
{'1581'} busybox(MB): 0.07,0.07,0.07,0.07,0.07,0.07,0.07,0.07,0.07,0.07,0.07,0.07,0.07,0.07,0.07,0.07,0.07,0.07,0.07,0.07,0.07,0.07,0.07,0.07,0.07,0.07,0.07,0.07,0.07,0.07,0.07,0.07,0.07,0.07,0.07,0.07,0.07,0.07,0.07,0.07,0.07,0.07,0.07,0.07
{'1581'} busybox(MB): min(0.07) max(0.07) average(0.07)
{'734'} servicemanager(MB): 0.06,0.06,0.06,0.06,0.06,0.06,0.06,0.06,0.06,0.06,0.06,0.06,0.06,0.06,0.06,0.06,0.06,0.06,0.06,0.06,0.06,0.06,0.06,0.06,0.06,0.06,0.06,0.06,0.06,0.06,0.06,0.06,0.06,0.06,0.06,0.06,0.06,0.06,0.06,0.06,0.06,0.06,0.06,0.06
{'734'} servicemanager(MB): min(0.06) max(0.06) average(0.06)
{'1114'} RootApp(MB): 0.05,0.05,0.05,0.05,0.05,0.05,0.05,0.05,0.05,0.05,0.05,0.05,0.05,0.05,0.05,0.05,0.05,0.05,0.05,0.05,0.05,0.05,0.05,0.05,0.05,0.05,0.05,0.05,0.05,0.05,0.05,0.05,0.05,0.05,0.05,0.05,0.05,0.05,0.05,0.05,0.05,0.05,0.05,0.05
{'1114'} RootApp(MB): min(0.05) max(0.05) average(0.05)
{'1110'} logwrapper(MB): 0.04,0.04,0.04,0.04,0.04,0.04,0.04,0.04,0.04,0.04,0.04,0.04,0.04,0.04,0.04,0.04,0.04,0.04,0.04,0.04,0.04,0.04,0.04,0.04,0.04,0.04,0.04,0.04,0.04,0.04,0.04,0.04,0.04,0.04,0.04,0.04,0.04,0.04,0.04,0.04,0.04,0.04,0.04,0.04
{'1110'} logwrapper(MB): min(0.04) max(0.04) average(0.04)
{'739'} keypad(MB): 0.04,0.04,0.04,0.04,0.04,0.04,0.04,0.04,0.04,0.04,0.04,0.04,0.04,0.04,0.04,0.04,0.04,0.04,0.04,0.04,0.04,0.04,0.04,0.04,0.04,0.04,0.04,0.04,0.04,0.04,0.04,0.04,0.04,0.04,0.04,0.03,0.03,0.03,0.03,0.03,0.03,0.03,0.03,0.03
{'739'} keypad(MB): min(0.03) max(0.04) average(0.04)
{'736'} hardwared(MB): 0.02,0.02,0.02,0.02,0.02,0.02,0.02,0.02,0.02,0.02,0.02,0.02,0.02,0.02,0.02,0.02,0.02,0.02,0.02,0.02,0.02,0.02,0.02,0.02,0.02,0.02,0.02,0.02,0.02,0.02,0.02,0.02,0.02,0.02,0.02,0.02,0.02,0.02,0.02,0.02,0.02,0.02,0.02,0.02
{'736'} hardwared(MB): min(0.02) max(0.02) average(0.02)
{'1252'} smobsd(MB): 0.01,0.01,0.01,0.01,0.01,0.01,0.01,0.01,0.01,0.01,0.01,0.01,0.01,0.01,0.01,0.01,0.01,0.01,0.01,0.01,0.01,0.01,0.01,0.01,0.01,0.01,0.01,0.01,0.01,0.01,0.01,0.01,0.01,0.01,0.01,0.01,0.01,0.01,0.01,0.01,0.01,0.01,0.01,0.01
{'1252'} smobsd(MB): min(0.01) max(0.01) average(0.01)
