usr: 27,5,44,39,24,19,40,60,26,40,8,14,26,23,22,10,22,61,18,43,19,37,3,15,5,19,51,50,56,34,20,38,38,48,60,38,25,37,52,28,32,18,33,15,35,53,52,7,25,60,54,50,57,47,44,15,19,15,63,58,34,54,49,58,55,44,26,20,52,42,18,36,32,55,34,28,28,69,8
usr: min(3.0) max(69.0) average(34.66)
sys: 27,16,30,18,42,30,31,33,17,22,24,30,16,21,21,14,18,31,22,45,25,37,19,13,14,13,44,35,32,20,28,21,28,8,33,31,24,31,25,26,22,27,37,13,13,28,35,13,25,31,26,23,34,34,22,31,23,15,21,31,36,35,23,21,28,11,22,25,16,31,39,17,27,23,41,25,17,20,19
sys: min(8.0) max(45.0) average(25.25)
nic: 0,0,0,0,0,0,0,0,0,0,0,0,0,0,0,0,0,0,0,0,0,0,0,0,0,0,0,0,0,0,0,0,0,0,0,0,0,0,0,0,0,0,0,0,0,0,0,0,0,0,0,0,0,0,0,0,0,0,0,0,0,0,0,0,0,0,0,0,0,0,0,0,0,0,0,0,0,0,0
nic: min(0.0) max(0.0) average(0.0)
idle: 34,77,22,39,12,23,13,1,56,34,57,49,55,50,56,70,58,1,58,3,35,15,76,71,79,67,1,10,6,44,47,40,28,40,1,27,46,29,18,40,43,54,27,71,47,16,1,77,48,6,16,25,8,18,24,31,37,63,10,7,21,8,21,15,12,44,42,45,24,21,41,41,35,17,20,36,54,0,69
idle: min(0.0) max(79.0) average(33.96)
io: 3,0,0,0,14,23,9,0,0,2,8,0,1,3,0,0,0,0,0,3,17,9,0,0,0,0,0,0,0,0,0,0,0,0,0,0,0,0,0,0,0,0,0,0,0,0,0,0,0,0,0,0,0,0,0,19,17,0,0,0,0,0,1,0,0,0,0,6,0,0,0,0,1,0,0,5,0,0,0
io: min(0.0) max(23.0) average(1.78)
irq: 0,0,0,0,0,0,0,0,0,0,0,0,0,0,0,0,0,0,0,0,0,0,0,0,0,0,0,0,0,0,0,0,0,0,0,0,0,0,0,0,0,0,0,0,0,0,0,0,0,0,0,0,0,0,0,0,0,0,0,0,0,0,0,0,0,0,0,0,0,0,0,0,0,0,0,0,0,0,0
irq: min(0.0) max(0.0) average(0.0)
sirq: 6,0,2,1,8,2,4,3,0,0,2,5,0,0,0,4,0,5,2,3,1,0,0,0,0,0,1,4,3,2,3,0,3,2,3,1,3,1,4,4,1,0,1,0,3,2,9,1,1,2,1,1,0,0,8,1,1,5,4,1,7,2,3,4,4,0,8,2,5,4,0,4,3,3,3,3,0,10,1
sirq: min(0.0) max(10.0) average(2.41)
{'3891'} system_server: 21,0,24,0,24,2,23,17,0,22,0,20,0,0,21,0,21,3,14,9,0,23,0,27,0,24,4,28,21,0,25,0,23,0,24,0,13,25,2,22,0,20,0,25,0,25,15,0,21,0,21,0,24,3,24,0,21,0,23,25,2,21,8,23,0,22,4,24,0,0,23,4,22,0,28,0,24,18,4
{'3891'} system_server: min(0.0) max(28.0) average(12.1)
{'5079'} com.ccos.tv.homepage: 9,0,24,36,12,17,25,57,24,22,8,4,18,20,0,8,0,64,8,48,10,19,2,0,0,0,60,16,41,24,6,38,21,43,51,30,13,18,46,12,17,0,39,0,30,35,30,0,8,50,38,45,35,38,31,14,0,10,39,42,25,40,29,28,52,27,24,2,36,28,0,22,15,61,17,25,13,62,0
{'5079'} com.ccos.tv.homepage: min(0.0) max(64.0) average(23.56)
{'457'} [mmcqd/0]: 5,10,17,2,7,6,10,2,2,2,7,13,2,6,4,2,16,2,2,2,2,4,14,6,8,2,6
{'457'} [mmcqd/0]: min(2.0) max(17.0) average(5.96)
{'9003', '8593', '10028', '9903', '8438', '8488', '8208', '10000', '8547', '9501', '9204', '9865', '10278', '8142', '10175', '8377', '10117', '8669', '9365', '10358', '8419', '8844', '8572', '8940', '8698', '10089', '9967', '8505', '8234', '9653', '9386', '9111', '8460', '9554', '9825', '8173', '9238', '9149', '9087', '9030', '8397', '9272', '9528', '9423', '8620', '9786', '10383', '9619', '8351', '8911', '8754', '8781', '10059', '9944', '8531', '8320', '9303', '9587', '9447', '9475', '8061', '9720', '9761', '10311', '8878', '8094', '9178', '8648', '8724', '8820', '9690', '9053', '8974', '10236', '9331', '10152', '8277', '8018', '10207'} 1-ntopbusybox: 3,2,2,4,2,2,5,4,2,2,2,2,2,2,2,2,2,5,4,6,4,4,2,2,2,2,2,2,3,2,2,2,2,2,4,6,4,2,2,2,3,2,6,2,4,4,6,4,2,4,4,5,4,5,2,2,2,2,2,5,4,2,2,2,2,4,2,2,4,2,2,4,5,4,5,4,2,2,4
{'9003', '8593', '10028', '9903', '8438', '8488', '8208', '10000', '8547', '9501', '9204', '9865', '10278', '8142', '10175', '8377', '10117', '8669', '9365', '10358', '8419', '8844', '8572', '8940', '8698', '10089', '9967', '8505', '8234', '9653', '9386', '9111', '8460', '9554', '9825', '8173', '9238', '9149', '9087', '9030', '8397', '9272', '9528', '9423', '8620', '9786', '10383', '9619', '8351', '8911', '8754', '8781', '10059', '9944', '8531', '8320', '9303', '9587', '9447', '9475', '8061', '9720', '9761', '10311', '8878', '8094', '9178', '8648', '8724', '8820', '9690', '9053', '8974', '10236', '9331', '10152', '8277', '8018', '10207'} 1-ntopbusybox: min(2.0) max(6.0) average(3.01)
{'5202'} com.tianci.de: 2,2,6,4,4,2,0,6,4,2,2,0,4,2,2,2,2,5,2,2,6,2,2,0,2,2,4,8,5,2,2,0,6,2,6,6,6,2,4,2,7,2,4,2,6,2,9,2,2,4,6,5,4,5,2,2,2,4,8,2,11,6,6,2,6,2,9,6,9,2,4,11,5,2,5,2,2,5,2
{'5202'} com.tianci.de: min(0.0) max(11.0) average(3.81)
{'1146'} 2706800640TvServer: 2,0,2,2,2,0,0,2,0,2,4,2,0,0,0,2,2,2,0,2,2,2,2,2,2,0,2,4,4,2,2,2,2,0,4,4,4,2,0,4,2,2,0,2,2,2,0,2
{'1146'} 2706800640TvServer: min(0.0) max(4.0) average(1.75)
{'30'} [kworker/1:1]: 2,2,2,2,2,2,2,4,2,2,2,2,2
{'30'} [kworker/1:1]: min(2.0) max(4.0) average(2.15)
{'5181'} [kworker/u:1]: 2,2,2,2,2
{'5181'} [kworker/u:1]: min(2.0) max(2.0) average(2.0)
{'4526'} com.tianci.movieplatform: 0,0,0,0,0,0,0,2,0,0,0,0,0,0,0,0,0,0,0,0,0,0,0,0,0,0,2,0,0,0,0,0,0,0,0,2,0,0,0,0,0,0,0,0,2,0,0,0,0,0,2,0,0,0,0,0,0,0,0,0,0,0,0,0,0,0,0,0,0,0,0,0,0,0,0,0,0,0,0
{'4526'} com.tianci.movieplatform: min(0.0) max(2.0) average(0.13)
{'4079'} com.tianci.system: 0,0,0,0,0,0,0,0,0,0,2,0,0,0,0,0,0,2,2,0,2,2,0,0,0,0,0,8,0,0,0,0,0,2,0,0,0,0,0,0,0,0,2,0,0,0,0,2,0,0,0,0,2,0,0,0,0,0,0,0,0,0,0,0,0,0,0,0,0,0,0,0,0,0,0,0,0,2,0
{'4079'} com.tianci.system: min(0.0) max(8.0) average(0.35)
{'4445'} com.coocaa.os.ccosservice: 0,0,0,0,0,0,0,0,0,0,0,0,0,0,0,0,0,0,0,0,0,0,0,0,0,0,0,0,0,0,0,0,0,0,0,0,0,0,0,0,0,0,0,0,0,0,0,0,0,0,0,0,0,0,0,0,0,0,0,0,0,0,0,0,0,0,0,0,0,0,0,0,0,0,0,0,0,0,0
{'4445'} com.coocaa.os.ccosservice: min(0.0) max(0.0) average(0.0)
{'7353'} com.tianci.user: 0,0,0,0,0,0,0,0,0,0,0,0,0,0,0,0,0,0,0,0,0,0,0,0,0,0,0,0,0,0,0,0,0,0,0,0,0,0,0,0,0,0,0,0,0,0,0,0,0,0,0,0,0,0,0,0,0,0,0,0,0,0,0,0,0,0,0,0,0,0,0,0,0,0,0,0,0,0,0
{'7353'} com.tianci.user: min(0.0) max(0.0) average(0.0)
{'5516'} com.tianci.ad: 0,0,0,0,0,0,0,0,0,0,0,0,0,0,0,0,0,0,0,0,0,0,0,0,0,0,0,0,0,0,0,0,0,0,0,0,0,0,0,0,0,0,0,0,0,0,0,0,0,0,0,0,6,0,0,0,0,0,0,0,0,0,0,0,0,0,0,0,0,0,0,0,0,0,0,0,0,0,0
{'5516'} com.tianci.ad: min(0.0) max(6.0) average(0.08)
{'4206'} com.tianci.push: 0,0,0,0,0,0,0,0,0,0,0,0,0,0,0,0,0,0,0,0,0,0,0,0,0,0,0,0,0,0,0,0,0,0,0,0,0,0,0,0,0,0,0,0,0,0,0,0,0,0,0,0,0,0,0,0,0,0,2,0,0,0,0,0,0,0,0,0,0,0,0,0,0,0,0,0,0,0,0
{'4206'} com.tianci.push: min(0.0) max(2.0) average(0.03)
{'7397'} com.coocaa.sysreport: 0,0,0,0,0,0,0,0,0,0,0,0,0,0,0,0,0,0,0,0,0,0,0,0,0,0,0,0,0,0,0,0,0,0,0,0,0,0,0,0,0,0,0,0,0,0,0,0,0,0,0,0,0,0,0,0,0,0,0,0,0,0,0,0,0,0,0,0,0,0,0,0,0,0,0,0,0,0,0
{'7397'} com.coocaa.sysreport: min(0.0) max(0.0) average(0.0)
{'4646'} com.coocaa.os.softsettings.provide: 0,0,0,0,0,0,0,0,0,0,0,0,0,0,0,0,0,0,0,0,0,0,0,0,0,0,0,0,0,0,0,0,0,0,0,0,0,0,0,0,0,0,0,0,0,0,0,0,0,0,0,0,0,0,0,0,0,0,0,0,0,0,0,0,0,0,0,0,0,0,0,0,0,0,0,0,0
{'4646'} com.coocaa.os.softsettings.provide: min(0.0) max(0.0) average(0.0)
{'5663'} com.tianci.ad:adUpgrade: 0,0,0,0,0,0,0,0,0,0,0,0,0,0,0,0,0,0,0,0,0,0,0,0,0,0,0,0,0,0,0,0,0,0,0,0,0,0,0,0,0,0,0,0,0,0,0,0,0,0,0,0,0,0,0,0,0,0,14,21,0,0,0,0,0,0,0,0,0,0,0,0,0,0,0
{'5663'} com.tianci.ad:adUpgrade: min(0.0) max(21.0) average(0.47)
{'5493'} android.process.media: 0,0,0,0,0,0,0,0,0,0,0,0,0,0,0,0,0,0,0,0,0,0,0,0,0,0,0,0,0,0,0,0,0,0,0,0,0,0,0,0,0,0,0,0,0,0,0,0,0,0,0,0,0,0,0,0,0,0,0,0,0,0,0,0,0,0,0,0,0,0,0,0,0
{'5493'} android.process.media: min(0.0) max(0.0) average(0.0)
{'4061'} com.dunn.instrument: 0,0,0,0,0,0,0,0,0,0,0,0,0,0,0,0,0,0,0,0,0,0,0,0,0,0,0,0,0,0,0,0,0,0,0,0,0,0,0,0,0,0,0,0,0,0,0,0,0,0,0,0,0,0,0,0,0,0,0,0,0,0,0,0,0,0,0
{'4061'} com.dunn.instrument: min(0.0) max(0.0) average(0.0)
{'4264'} com.dunn.i/system/binapp_process: 0,0,0,0,0,0,0,0,0,0,0,0,0,0,0,0,0,0,0,0,0,0,0,0,0,0,0,0,0,0,0,0,0,0,0,0,0,0,0,0,0,0,0,0,0,0,0,0,0,0,0,0,0,0
{'4264'} com.dunn.i/system/binapp_process: min(0.0) max(0.0) average(0.0)
{'4070'} com.skyworth.android.skyRMService: 0,0,0,0,0,0,0,0,0,0,0,0,0,0,0,0,0,0,0,0,0,0,0,0,0,0,0,0,0,0,0,0,0,0,0,0,2
{'4070'} com.skyworth.android.skyRMService: min(0.0) max(2.0) average(0.05)
{'3497'} /-Xzygote/bin/app_processzygote: 0,0,0,0,0,0,0,0,0,0,0,0,0,0,0,0,0,0,0
{'3497'} /-Xzygote/bin/app_processzygote: min(0.0) max(0.0) average(0.0)
{'743'} /system/bin/surfaceflinger: 0,2,6,4,2,2,6,0,2,2,6,2,0,2,0,10,2,2,0,2,2,2,2,0,4,0,4,2,6,4,4,4,5,2,2,0,2,4,2,7,8,0,4,2,4,4,2,7,2,0,2
{'743'} /system/bin/surfaceflinger: min(0.0) max(10.0) average(2.84)
{'1403'} /sbin/adbd: 8,2,4,2,5,4,2,2,2,2,5,2,6,2,6,4,4,7,4,2,4,4,4,6,6,8,2,5,2,6,9,2,12,2,4,4,3,2,5,5,6,6,4,6,4,11,11,4,5,5,4,5,2
{'1403'} /sbin/adbd: min(2.0) max(12.0) average(4.58)
{'6982'} long-vlogcat: 4,2,2,2,11,2,2,2,3,2,4,8,2,2,9,2,2,6,2,2,11,2,8,4,2,2,6,4,8,8,2,2,3,2,7,2,4,2,2,12,2,2,7,13,4,4,2,4,3
{'6982'} long-vlogcat: min(2.0) max(13.0) average(4.18)
{'33'} [kworker/0:1]: 2,2,4,2,2,4,4,2,2,2,2,2,2
{'33'} [kworker/0:1]: min(2.0) max(4.0) average(2.46)
{'6985'} [kworker/3:0]: 2,2,2,2,2,2,4
{'6985'} [kworker/3:0]: min(2.0) max(4.0) average(2.29)
{'10'} [rcu_preempt]: 2,2,2,2,2,2,2
{'10'} [rcu_preempt]: min(2.0) max(2.0) average(2.0)
{'739'} /system/bin/keypad: 2,2
{'739'} /system/bin/keypad: min(2.0) max(2.0) average(2.0)
{'3498'} /system/bin/netd: 2
{'3498'} /system/bin/netd: min(2.0) max(2.0) average(2.0)
{'3963'} -ip2p0/system/bin/wpa_supplicant: 2
{'3963'} -ip2p0/system/bin/wpa_supplicant: min(2.0) max(2.0) average(2.0)
{'1573'} [RTW_CMD_THREAD]: 2,4,2,2,2,2
{'1573'} [RTW_CMD_THREAD]: min(2.0) max(4.0) average(2.33)
{'348'} [kswapd0]: 4,25
{'348'} [kswapd0]: min(4.0) max(25.0) average(14.5)
{'1'} /init: 2
{'1'} /init: min(2.0) max(2.0) average(2.0)
{'756'} [flush-179:0]: 2
{'756'} [flush-179:0]: min(2.0) max(2.0) average(2.0)
{'752'} /system/vendor/bin/coocaa_guard: 2,2
{'752'} /system/vendor/bin/coocaa_guard: min(2.0) max(2.0) average(2.0)
{'31'} [kworker/2:1]: 2,2,4,2,2,2
{'31'} [kworker/2:1]: min(2.0) max(4.0) average(2.33)
{'1457'} [kworker/u:3]: 2,2,2,2
{'1457'} [kworker/u:3]: min(2.0) max(2.0) average(2.0)
{'734'} /system/bin/servicemanager: 2
{'734'} /system/bin/servicemanager: min(2.0) max(2.0) average(2.0)
{'7'} [kworker/u:0]: 2
{'7'} [kworker/u:0]: min(2.0) max(2.0) average(2.0)
{'2'} [hw_watchdog]: 2
{'2'} [hw_watchdog]: min(2.0) max(2.0) average(2.0)
{'1337'} [kworker/u:2H]: 2,2,2,2
{'1337'} [kworker/u:2H]: min(2.0) max(2.0) average(2.0)
{'699'} [jbd2/mmcblk0p2-]: 2
{'699'} [jbd2/mmcblk0p2-]: min(2.0) max(2.0) average(2.0)
{'6582'} [kworker/u:1H]: 2,2
{'6582'} [kworker/u:1H]: min(2.0) max(2.0) average(2.0)
