total_ram(MB): 452.27,452.27,452.27,452.27,452.27,452.27,452.27,452.27,452.27,452.27,452.27,452.27,452.27,452.27,452.27,452.27,452.27,452.27,452.27,452.27,452.27,452.27,452.27,452.27,452.27,452.27,452.27,452.27,452.27,452.27,452.27
total_ram(MB): min(452.27) max(452.27) average(452.27)
free_ram(MB): 117.47,125.70,134.54,127.62,132.21,123.81,131.22,131.80,127.59,106.37,69.82,67.86,71.25,75.09,77.47,79.17,79.55,80.67,77.88,77.91,78.55,79.49,76.94,76.26,79.10,79.48,78.25,80.36,80.84,80.32,79.75
free_ram(MB): min(67.86) max(134.54) average(93.04)
used_ram(MB): 242.04,239.57,222.98,210.97,202.39,204.15,199.96,197.46,202.79,208.04,210.73,220.62,215.16,199.17,201.38,202.39,201.42,198.41,197.17,200.15,200.00,198.41,197.74,200.74,198.46,198.83,200.20,197.45,195.06,195.63,195.82
used_ram(MB): min(195.06) max(242.04) average(205.01)
lost_ram(MB): 92.76,87.00,94.75,113.68,117.68,124.31,121.09,123.02,121.90,137.86,171.72,163.80,165.86,178.02,173.42,170.72,171.30,173.19,177.23,174.21,173.71,174.37,177.59,175.27,174.71,173.97,173.83,174.46,176.37,176.33,176.70
lost_ram(MB): min(87.0) max(178.02) average(154.22)
free(MB): 33.34,43.84,80.49,73.65,87.82,77.80,81.28,84.49,74.61,50.94,21.56,22.80,35.47,29.48,31.75,42.36,43.90,54.16,55.14,50.46,48.90,51.98,52.06,54.68,49.54,46.75,52.24,57.20,53.21,53.94,60.12
free(MB): min(21.56) max(87.82) average(53.42)
used_pss(MB): 216.80,215.45,198.97,187.02,178.72,180.67,176.50,173.82,179.29,184.26,187.11,196.67,191.28,175.06,176.85,177.57,176.38,173.99,172.33,174.79,174.48,173.02,173.37,176.38,174.23,174.33,175.62,173.67,171.25,171.84,172.10
used_pss(MB): min(171.25) max(216.8) average(180.77)
kernel(MB): 0.00,0.00,0.00,0.00,0.00,0.00,0.00,0.00,0.00,0.00,0.00,0.00,0.00,0.00,0.00,0.00,0.00,0.00,0.00,0.00,0.00,0.00,0.00,0.00,0.00,0.00,0.00,0.00,0.00,0.00,0.00
kernel(MB): min(0.0) max(0.0) average(0.0)
buffers(MB): 2.15,0.95,0.83,0.73,0.44,0.45,0.42,0.61,0.45,0.71,0.41,0.75,0.73,0.96,1.38,1.63,1.88,1.30,1.74,2.26,2.41,2.27,1.24,1.20,1.06,1.31,1.40,0.62,0.68,0.66,0.60
buffers(MB): min(0.41) max(2.41) average(1.1)
shmem(MB): 0.17,0.18,0.17,0.17,0.17,0.17,0.17,0.17,0.17,0.17,0.30,0.34,0.34,0.34,0.34,0.34,0.34,0.34,0.34,0.34,0.34,0.34,0.35,0.37,0.37,0.37,0.37,0.37,0.37,0.37,0.37
shmem(MB): min(0.17) max(0.37) average(0.29)
slab(MB): 22.92,23.00,23.01,23.04,23.06,22.85,22.86,22.86,22.88,22.91,22.91,22.86,22.81,22.82,22.82,22.85,22.84,22.79,22.77,22.76,22.78,22.78,22.79,22.79,22.80,22.81,22.80,22.79,22.76,22.76,22.75
slab(MB): min(22.75) max(23.06) average(22.85)
total_swap(MB): 96.00,96.00,96.00,96.00,96.00,96.00,96.00,96.00,96.00,96.00,96.00,96.00,96.00,96.00,96.00,96.00,96.00,96.00,96.00,96.00,96.00,96.00,96.00,96.00,96.00,96.00,96.00,96.00,96.00,96.00,96.00
total_swap(MB): min(96.0) max(96.0) average(96.0)
used_swap(MB): 89.28,88.93,89.17,89.24,94.48,95.91,95.90,95.96,95.97,96.00,95.50,95.92,96.00,95.99,95.21,95.44,95.29,95.97,96.00,94.93,95.09,95.98,95.96,96.00,95.99,95.99,95.31,95.99,95.99,95.97,95.98
used_swap(MB): min(88.93) max(96.0) average(94.88)
{'12501'} com.tianci.movieplatform(MB): 86.28,88.86,87.15,85.40,84.25,80.63,84.36,83.78,86.63,90.46,90.40,92.31,89.75,82.78,83.30,83.48,81.54,80.22,79.12,80.12,79.77,79.25,79.09,82.73,80.42,80.88,81.15,80.70,78.93,79.72,79.56
{'12501'} com.tianci.movieplatform(MB): min(78.93) max(92.31) average(83.32)
{'16566'} com.tianci.movieplatform:daemon(MB): 34.80,31.47,30.42,20.50,18.12,17.55,17.51,17.42,17.57,17.55,17.07,17.21,16.78,16.67,16.69,16.65,17.18,16.61,16.56,16.53,16.29,15.69,15.64,15.31,15.30,15.58,15.54,15.33,14.63,15.25,15.60
{'16566'} com.tianci.movieplatform:daemon(MB): min(14.63) max(34.8) average(18.1)
{'1351'} system(MB): 16.15,16.64,16.46,16.32,15.15,15.08,15.72,15.22,15.50,15.88,15.63,15.96,15.88,15.71,15.87,15.99,15.83,15.83,15.58,15.81,15.58,15.66,15.47,15.60,15.49,15.43,15.43,15.53,15.27,15.04,15.01
{'1351'} system(MB): min(15.01) max(16.64) average(15.67)
{'24009', '22654'} com.coocaa.sysreport(MB): 12.95,11.93,9.87,8.62,8.18,7.67,7.64,7.58,7.58,7.55,9.52
{'24009', '22654'} com.coocaa.sysreport(MB): min(7.55) max(12.95) average(9.01)
{'24252', '22783'} com.tianci.user(MB): 12.27,11.28,9.89,9.14,8.66,7.85,7.84,7.82,7.82,7.79,7.90,0.00
{'24252', '22783'} com.tianci.user(MB): min(0.0) max(12.27) average(8.19)
{'1618'} com.tianci.system(MB): 11.30,11.37,11.36,11.09,10.48,11.58,10.93,10.50,11.52,11.40,11.62,11.13,11.34,11.13,11.32,11.52,11.52,11.36,11.18,11.01,11.34,11.30,11.79,11.54,11.71,11.52,11.45,11.02,11.04,11.02,10.87
{'1618'} com.tianci.system(MB): min(10.48) max(11.79) average(11.27)
{'1834'} com.coocaa.os.ccosservice(MB): 10.43,10.59,10.59,10.37,10.28,9.71,9.66,9.56,9.52,10.20,10.11,9.97,10.30,10.29,10.30,10.65,10.65,10.64,10.31,10.28,10.27,10.17,10.49,11.16,10.86,10.79,10.76,10.73,10.61,10.65,10.55
{'1834'} com.coocaa.os.ccosservice(MB): min(9.52) max(11.16) average(10.37)
{'1959'} com.tianci.de(MB): 10.03,9.98,9.46,9.46,9.27,9.19,8.99,8.89,8.89,8.83,8.55,8.16,8.17,8.16,8.15,8.05,8.06,8.18,8.17,9.74,9.72,9.77,9.26,9.26,9.27,9.28,9.26,9.26,9.26,9.26,9.89
{'1959'} com.tianci.de(MB): min(8.05) max(10.03) average(9.03)
{'746'} mediaserver(MB): 9.98,9.98,8.89,9.63,10.02,9.33,9.85,8.68,9.42,10.08,12.92,11.18,11.05,10.80,10.65,10.66,10.66,10.66,10.63,10.66,10.65,10.64,10.55,10.44,10.44,10.43,10.44,10.32,10.40,10.27,9.61
{'746'} mediaserver(MB): min(8.68) max(12.92) average(10.32)
{'1869'} com.tianci.push(MB): 6.92,6.89,6.86,6.84,6.80,6.42,6.40,6.39,6.39,6.39,6.58,6.56,5.38,5.43,5.43,5.43,5.43,5.42,5.43,5.43,5.34,5.37,5.37,5.28,5.28,5.29,5.27,5.27,5.27,5.30,5.29
{'1869'} com.tianci.push(MB): min(5.27) max(6.92) average(5.84)
{'2032'} com.coocaa.os.softsettings.provider(MB): 4.74,4.73,4.69,4.66,1.75,1.46,1.38,1.34,1.34,1.32,1.55,1.51,1.90,1.86,1.88,1.88,1.88,1.88,1.88,1.88,1.87,1.87,1.87,1.87,1.87,1.87,1.87,1.74,1.74,1.74,1.74
{'2032'} com.coocaa.os.softsettings.provider(MB): min(1.32) max(4.74) average(2.11)
{'8000'} com.dunn.instrument(MB): 4.10,4.11,4.06,4.06,4.00,3.73,3.79,3.62,3.89,3.88,3.81,3.91,3.77,3.90,3.95,3.90,3.93,3.85,3.83,3.90,3.87,3.87,3.88,3.85,3.89,3.89,2.56,2.59,2.48,2.48,2.70
{'8000'} com.dunn.instrument(MB): min(2.48) max(4.11) average(3.68)
{'1609'} com.skyworth.android.skyRMService(MB): 2.94,2.94,2.95,2.94,2.86,2.64,2.59,2.59,2.58,2.58,2.17,2.08,2.02,2.02,2.81,2.94,2.94,2.94,2.99,3.11,3.11,3.11,3.08,3.09,3.09,3.07,3.05,3.08,3.08,3.07,3.01
{'1609'} com.skyworth.android.skyRMService(MB): min(2.02) max(3.11) average(2.82)
{'744'} zygote(MB): 1.19,1.19,1.17,1.17,1.11,1.04,1.03,1.02,1.02,1.01,0.99,1.11,1.03,1.11,1.23,1.23,1.23,1.20,1.18,1.19,1.18,1.17,1.16,1.16,1.16,1.16,1.15,1.12,1.12,1.12,1.12
{'744'} zygote(MB): min(0.99) max(1.23) average(1.13)
{'743'} surfaceflinger(MB): 0.91,0.91,0.89,0.90,0.90,0.99,0.99,0.99,0.98,0.99,0.99,0.98,0.98,0.96,0.97,0.97,0.97,0.97,0.96,0.96,0.96,0.95,1.19,0.95,0.96,0.96,0.96,0.96,0.96,0.96,0.96
{'743'} surfaceflinger(MB): min(0.89) max(1.19) average(0.97)
{'890'} TvServer(MB): 0.70,0.70,0.60,0.60,0.60,0.59,0.60,0.59,0.59,0.61,1.25,1.26,1.20,0.73,0.71,0.71,0.71,0.71,0.71,0.71,0.71,0.71,0.71,0.71,0.71,0.71,0.71,0.71,0.71,0.71,0.71
{'890'} TvServer(MB): min(0.59) max(1.26) average(0.73)
{'1519'} wpa_supplicant(MB): 0.36,0.37,0.37,0.37,0.14,0.12,0.13,0.23,0.38,0.37,0.31,0.37,0.37,0.37,0.16,0.37,0.37,0.37,0.37,0.37,0.37,0.37,0.37,0.35,0.37,0.37,0.37,0.24,0.38,0.26,0.14
{'1519'} wpa_supplicant(MB): min(0.12) max(0.38) average(0.32)
{'753'} sdcard(MB): 0.35,0.35,0.35,0.35,0.35,0.36,0.36,0.36,0.36,0.36,0.36,0.36,0.36,0.36,0.36,0.36,0.36,0.36,0.36,0.36,0.36,0.36,0.36,0.36,0.36,0.36,0.36,0.15,0.15,0.15,0.15
{'753'} sdcard(MB): min(0.15) max(0.36) average(0.33)
{'8117'} app_process(MB): 0.34,0.34,0.33,0.33,0.34,0.35,0.34,0.34,0.35,0.34,0.33,0.34,0.34,0.34,0.34,0.34,0.34,0.34,0.34,0.34,0.34,0.34,0.34,0.34,0.34,0.34,0.34,0.34,0.34,0.34,0.33
{'8117'} app_process(MB): min(0.33) max(0.35) average(0.34)
{'2242'} android.process.media(MB): 0.33,0.30,0.25,0.25,0.22,0.17,0.17,0.16,0.16,0.16,0.70,0.67,0.67,0.67,0.68,0.68,0.68,0.68,0.68,0.68,0.68,0.68,0.68,0.67,0.67,0.67,2.89,2.88,2.83,2.80,2.79
{'2242'} android.process.media(MB): min(0.16) max(2.89) average(0.88)
{'2086'} logcat(MB): 0.32,0.45,0.45,0.45,0.45,0.46,0.45,0.45,0.45,0.45,0.41,0.40,0.42,0.42,0.42,0.42,0.42,0.42,0.42,0.42,0.42,0.42,0.42,0.42,0.42,0.42,0.42,0.42,0.42,0.42,0.42
{'2086'} logcat(MB): min(0.32) max(0.46) average(0.42)
{'24655', '23807', '24538', '23043', '24873', '25145', '24217', '24400', '25377', '24069', '25263', '25018', '23228', '23413', '23541', '23717', '24761'} dumpsys(MB): 0.31,0.00,0.31,0.00,0.31,0.38,0.00,0.38,0.38,0.00,0.30,0.32,0.00,0.29,0.00,0.32,0.00,0.29,0.00,0.32,0.00,0.32,0.00,0.32,0.00,0.32,0.00,0.32,0.00,0.32
{'24655', '23807', '24538', '23043', '24873', '25145', '24217', '24400', '25377', '24069', '25263', '25018', '23228', '23413', '23541', '23717', '24761'} dumpsys(MB): min(0.0) max(0.38) average(0.18)
{'741'} netd(MB): 0.24,0.24,0.24,0.25,0.24,0.18,0.18,0.26,0.26,0.25,0.25,0.25,0.26,0.26,0.25,0.26,0.25,0.25,0.24,0.22,0.22,0.22,0.22,0.22,0.22,0.22,0.22,0.19,0.22,0.22,0.25
{'741'} netd(MB): min(0.18) max(0.26) average(0.23)
{'1'} /init(MB): 0.22,0.22,0.22,0.22,0.22,0.23,0.23,0.23,0.23,0.23,0.23,0.23,0.23,0.23,0.23,0.23,0.23,0.23,0.23,0.23,0.23,0.23,0.23,0.23,0.23,0.23,0.23,0.23,0.23,0.23,0.23
{'1'} /init(MB): min(0.22) max(0.23) average(0.23)
{'1409'} adbd(MB): 0.20,0.19,0.20,0.20,0.19,0.20,0.20,0.20,0.20,0.20,0.19,0.19,0.19,0.19,0.19,0.19,0.19,0.19,0.20,0.19,0.20,0.19,0.19,0.16,0.20,0.20,0.19,0.19,0.19,0.19,0.19
{'1409'} adbd(MB): min(0.16) max(0.2) average(0.19)
{'736'} vold(MB): 0.11,0.11,0.11,0.07,0.07,0.07,0.07,0.07,0.11,0.11,0.11,0.11,0.07,0.07,0.07,0.07,0.07,0.07,0.07,0.07,0.07,0.07,0.07,0.07,0.07,0.07,0.07,0.06,0.06,0.06,0.06
{'736'} vold(MB): min(0.06) max(0.11) average(0.08)
{'733'} healthd(MB): 0.11,0.11,0.11,0.11,0.11,0.11,0.11,0.11,0.11,0.11,0.11,0.11,0.11,0.11,0.11,0.11,0.11,0.11,0.11,0.11,0.11,0.11,0.11,0.11,0.11,0.11,0.11,0.11,0.11,0.11,0.11
{'733'} healthd(MB): min(0.11) max(0.11) average(0.11)
{'749'} FileDesc_server(MB): 0.08,0.08,0.08,0.08,0.08,0.08,0.08,0.08,0.08,0.08,0.08,0.08,0.08,0.08,0.08,0.08,0.08,0.08,0.08,0.08,0.08,0.08,0.08,0.08,0.08,0.08,0.08,0.08,0.08,0.08,0.08
{'749'} FileDesc_server(MB): min(0.08) max(0.08) average(0.08)
{'752'} coocaa_guard(MB): 0.07,0.07,0.07,0.07,0.07,0.08,0.07,0.07,0.07,0.07,0.07,0.07,0.07,0.07,0.07,0.07,0.07,0.07,0.07,0.07,0.07,0.07,0.07,0.07,0.07,0.07,0.07,0.07,0.07,0.07,0.07
{'752'} coocaa_guard(MB): min(0.07) max(0.08) average(0.07)
{'512'} ueventd(MB): 0.07,0.07,0.07,0.07,0.07,0.07,0.07,0.07,0.07,0.07,0.07,0.07,0.07,0.07,0.07,0.07,0.07,0.07,0.07,0.07,0.07,0.07,0.07,0.07,0.07,0.07,0.07,0.07,0.07,0.07,0.07
{'512'} ueventd(MB): min(0.07) max(0.07) average(0.07)
{'735'} servicemanager(MB): 0.05,0.05,0.05,0.05,0.05,0.05,0.05,0.05,0.05,0.05,0.05,0.05,0.05,0.05,0.05,0.05,0.05,0.05,0.05,0.05,0.05,0.05,0.05,0.05,0.05,0.05,0.05,0.05,0.05,0.05,0.05
{'735'} servicemanager(MB): min(0.05) max(0.05) average(0.05)
{'878'} RootApp(MB): 0.05,0.05,0.05,0.05,0.05,0.05,0.05,0.05,0.05,0.05,0.05,0.05,0.05,0.05,0.05,0.05,0.05,0.05,0.05,0.05,0.05,0.05,0.05,0.05,0.05,0.05,0.05,0.05,0.05,0.05,0.05
{'878'} RootApp(MB): min(0.05) max(0.05) average(0.05)
{'855'} logwrapper(MB): 0.04,0.04,0.03,0.03,0.03,0.03,0.03,0.03,0.03,0.04,0.04,0.04,0.04,0.04,0.03,0.03,0.03,0.03,0.03,0.03,0.03,0.03,0.03,0.03,0.03,0.03,0.03,0.03,0.03,0.03,0.03
{'855'} logwrapper(MB): min(0.03) max(0.04) average(0.03)
{'23573', '24424', '1690'} busybox(MB): 0.04,0.04,0.04,0.04,0.04,0.04,0.00,0.04,0.00,0.02,0.04,0.04,0.03,0.04,0.04,0.04,0.04,0.00,0.04,0.00,0.04,0.04,0.04,0.04,0.04,0.04,0.04,0.04,0.04,0.04,0.04,0.04,0.04,0.04,0.04
{'23573', '24424', '1690'} busybox(MB): min(0.0) max(0.04) average(0.03)
{'740'} keypad(MB): 0.02,0.02,0.02,0.02,0.02,0.02,0.02,0.02,0.02,0.02,0.02,0.02,0.02,0.02,0.02,0.02,0.02,0.02,0.02,0.02,0.02,0.02,0.02,0.02,0.02,0.02,0.02,0.02,0.02,0.02,0.02
{'740'} keypad(MB): min(0.02) max(0.02) average(0.02)
{'1250'} VirtualEvent(MB): 0.02,0.02,0.02,0.02,0.02,0.02,0.02,0.02,0.02,0.02,0.02,0.02,0.02,0.02,0.02,0.02,0.02,0.02,0.02,0.02,0.02,0.02,0.02,0.02,0.02,0.02,0.02,0.02,0.02,0.02,0.02
{'1250'} VirtualEvent(MB): min(0.02) max(0.02) average(0.02)
{'742'} debuggerd(MB): 0.01,0.01,0.01,0.01,0.01,0.01,0.01,0.01,0.01,0.01,0.01,0.01,0.01,0.01,0.01,0.01,0.01,0.01,0.01,0.01,0.01,0.01,0.01,0.01,0.01,0.01,0.01,0.01,0.01,0.01,0.01
{'742'} debuggerd(MB): min(0.01) max(0.01) average(0.01)
{'745'} drmserver(MB): 0.01,0.01,0.01,0.01,0.01,0.01,0.01,0.01,0.01,0.01,0.01,0.01,0.01,0.01,0.01,0.01,0.01,0.01,0.01,0.01,0.01,0.01,0.01,0.01,0.01,0.01,0.01,0.01,0.01,0.01,0.01
{'745'} drmserver(MB): min(0.01) max(0.01) average(0.01)
{'748'} keystore(MB): 0.01,0.01,0.01,0.01,0.01,0.01,0.01,0.01,0.01,0.01,0.01,0.01,0.01,0.01,0.01,0.01,0.01,0.01,0.01,0.01,0.01,0.01,0.01,0.01,0.01,0.01,0.01,0.01,0.01,0.01,0.01
{'748'} keystore(MB): min(0.01) max(0.01) average(0.01)
{'8065', '734', '25395', '24555'} sh(MB): 0.01,0.00,0.01,0.00,0.01,0.00,0.01,0.00,0.01,0.00,0.01,0.00,0.01,0.00,0.01,0.00,0.01,0.00,0.01,0.00,0.01,0.00,0.01,0.00,0.01,0.00,0.01,0.00,0.01,0.00,0.01,0.00,0.01,0.00,0.00,0.01,0.00,0.00,0.01,0.00,0.01,0.00,0.01,0.00,0.01,0.00,0.01,0.00,0.01,0.00,0.01,0.00,0.01,0.00,0.01,0.00,0.01,0.00,0.01,0.00,0.01,0.00,0.01,0.00,0.00
{'8065', '734', '25395', '24555'} sh(MB): min(0.0) max(0.01) average(0.0)
{'738'} hardwared(MB): 0.00,0.00,0.00,0.00,0.00,0.00,0.00,0.00,0.00,0.00,0.00,0.00,0.00,0.00,0.00,0.00,0.00,0.00,0.00,0.00,0.00,0.00,0.00,0.00,0.00,0.00,0.00,0.00,0.00,0.00,0.00
{'738'} hardwared(MB): min(0.0) max(0.0) average(0.0)
{'747'} installd(MB): 0.00,0.00,0.00,0.00,0.00,0.00,0.00,0.00,0.00,0.00,0.00,0.00,0.00,0.00,0.00,0.00,0.00,0.00,0.00,0.00,0.00,0.00,0.00,0.00,0.00,0.00,0.00,0.00,0.00,0.00,0.00
{'747'} installd(MB): min(0.0) max(0.0) average(0.0)
{'1264'} smobsd(MB): 0.00,0.00,0.00,0.00,0.00,0.00,0.00,0.00,0.00,0.00,0.00,0.00,0.00,0.00,0.00,0.00,0.00,0.00,0.00,0.00,0.00,0.00,0.00,0.00,0.00,0.00,0.00,0.00,0.00,0.00,0.00
{'1264'} smobsd(MB): min(0.0) max(0.0) average(0.0)
{'1744'} dhcpcd(MB): 0.00,0.00,0.00,0.00,0.00,0.00,0.00,0.00,0.00,0.00,0.00,0.00,0.00,0.00,0.00,0.00,0.00,0.00,0.00,0.00,0.00,0.00,0.00,0.00,0.00,0.00,0.00,0.00,0.00,0.00,0.00
{'1744'} dhcpcd(MB): min(0.0) max(0.0) average(0.0)
{'25399'} awk(MB): 0.00
{'25399'} awk(MB): min(0.0) max(0.0) average(0.0)
