usr: 13,52,48,29,54,53,48,50,45,32,4,25,46,37,54,9,44,44,42,30,49,50,39,51,52,45,56,42,45,38,61,31,41,44,52,32,43,36,49,47,54,37,54,46,32,51,49,35,45,47,44,48,51,45,40,53,45,53,45,48,32,51
usr: min(4.0) max(61.0) average(43.02)
sys: 38,42,29,56,25,34,31,38,37,49,34,62,16,49,38,39,44,36,35,48,44,42,47,44,43,51,34,36,46,34,25,37,45,36,36,36,43,38,41,32,32,32,35,36,60,37,41,35,43,35,42,38,32,41,48,40,38,42,36,38,58,34
sys: min(16.0) max(62.0) average(39.4)
nic: 0,0,0,5,6,0,0,0,0,0,0,0,0,0,0,0,3,0,0,0,0,0,0,0,0,0,0,0,0,0,0,0,0,0,0,0,0,0,0,0,0,0,0,0,0,0,0,0,0,0,0,0,0,0,0,0,0,0,0,0,0,0
nic: min(0.0) max(6.0) average(0.23)
idle: 17,0,17,9,9,2,8,0,6,1,0,1,32,4,1,16,1,4,16,4,0,0,0,0,0,0,3,3,1,14,9,21,5,14,6,18,3,10,0,14,8,17,4,8,4,3,3,16,5,9,9,4,7,5,6,1,5,2,8,7,0,5
idle: min(0.0) max(32.0) average(6.53)
io: 28,0,1,0,0,0,6,0,2,16,61,3,1,5,3,32,0,10,0,14,2,3,5,0,0,0,0,9,1,12,0,7,3,0,4,10,5,12,6,3,4,6,2,5,0,1,0,10,3,3,3,2,1,1,1,0,5,0,4,1,5,3
io: min(0.0) max(61.0) average(5.23)
irq: 0,0,0,0,0,0,0,0,0,0,0,0,0,0,0,0,0,0,0,0,0,0,0,0,0,0,0,0,0,0,0,0,0,0,0,0,0,0,0,0,0,0,0,0,0,0,0,0,0,0,0,0,0,0,0,0,0,0,0,0,0,0
irq: min(0.0) max(0.0) average(0.0)
sirq: 1,5,3,0,3,10,5,10,8,0,0,5,3,2,1,1,6,4,5,2,2,3,7,3,3,2,5,7,5,0,4,1,3,4,2,2,3,2,3,1,2,6,2,3,4,5,5,1,1,3,0,8,5,5,3,4,5,2,4,3,3,3
sirq: min(0.0) max(10.0) average(3.44)
{'457'} [mmcqd/0]: 23,16,2,4,3,5,9,4,10,22,24,20,2,9,11,17,6,14,4,20,15,9,14,8,6,9,7,15,12,17,12,9,8,10,18,11,18,11,8,8,8,10,10,8,12,9,16,9,11,9,8,12,10,8,3,9,18,8,6,15,8
{'457'} [mmcqd/0]: min(2.0) max(24.0) average(10.77)
{'1351'} system_server: 10,21,20,24,16,17,0,11,0,0,0,22,2,3,16,0,18,0,25,0,18,20,0,21,6,10,15,0,16,0,15,0,17,6,22,0,24,0,17,0,20,0,14,22,0,0,12,0,20,0,20,6,15,17,0,15,0,12,0,20,0,21
{'1351'} system_server: min(0.0) max(25.0) average(10.1)
{'12501'} com.tianci.movieplatform: 4,30,39,24,42,31,52,39,37,30,4,18,43,31,47,4,31,43,30,35,28,20,34,32,16,24,29,31,20,29,31,31,26,30,32,27,35,29,29,38,32,25,31,26,28,37,29,23,33,41,26,36,31,31,34,39,44,23,40,30,25,29
{'12501'} com.tianci.movieplatform: min(4.0) max(52.0) average(30.29)
{'1959'} com.tianci.de: 4,6,3,5,5,5,3,8,7,5,4,4,5,3,2,6,6,6,5,6,3,7,7,5,7,4,11,8,4,4,6,4,6,8,4,4,2,4,3,5,4,5,4,3,6,4,9,2,4,8,4,4,6,6,6,6,7,6,6,7,4,6
{'1959'} com.tianci.de: min(2.0) max(11.0) average(5.18)
{'890'} 2705530880TvServer: 2,3,3,2,4,3,2,2,1,2,0,2,4,4,2,5,2,4,4,1,5,2,3,5,1,4,4,1,2,1,0,0,4,0,4,2,2,2,2,4,0,3,2,2,4,3,2,4,4,4,4,2,2,3,3,4,2,4,2,4,2
{'890'} 2705530880TvServer: min(0.0) max(5.0) average(2.62)
{'743'} /system/bin/surfaceflinger: 2,10,5,10,2,6,10,0,2,6,4,11,2,11,0,1,5,5,8,7,6,7,4,7,6,6,6,4,6,6,5,5,4,5,5,6,5,4,7,8,5,7,4,5,4,6,9,2,8,10,7,5,4,6,7,4,8
{'743'} /system/bin/surfaceflinger: min(0.0) max(11.0) average(5.61)
{'23407', '24906', '25269', '24524', '25213', '23772', '24787', '23258', '25174', '25107', '25323', '23814', '25249', '24267', '23443', '25294', '23102', '23573', '24219', '25082', '23975', '24019', '23159', '24321', '23194', '23854', '25047', '23230', '24493', '24363', '24582', '23890', '24545', '24723', '24875', '25147', '23315', '23041', '23618', '24150', '25380', '24637', '24824', '23368', '24466', '24607', '24701', '24663', '23725', '24395', '24098', '24947', '24843', '25009', '25356', '24063', '23665', '24973', '23513', '24757', '24424'} 1-ntopbusybox: 2,2,3,4,3,3,3,3,4,3,4,4,2,3,4,2,3,4,4,3,2,5,3,2,3,4,2,4,4,3,6,4,4,2,4,4,2,3,3,2,3,7,2,4,4,3,4,4,4,2,6,6,4,5,3,2,4,4,2,4,2
{'23407', '24906', '25269', '24524', '25213', '23772', '24787', '23258', '25174', '25107', '25323', '23814', '25249', '24267', '23443', '25294', '23102', '23573', '24219', '25082', '23975', '24019', '23159', '24321', '23194', '23854', '25047', '23230', '24493', '24363', '24582', '23890', '24545', '24723', '24875', '25147', '23315', '23041', '23618', '24150', '25380', '24637', '24824', '23368', '24466', '24607', '24701', '24663', '23725', '24395', '24098', '24947', '24843', '25009', '25356', '24063', '23665', '24973', '23513', '24757', '24424'} 1-ntopbusybox: min(2.0) max(7.0) average(3.41)
{'16566'} com.tianci.movieplatform:daemon: 0,0,0,0,0,0,0,0,0,0,0,0,0,0,0,0,0,0,0,0,0,0,0,0,0,0,0,0,0,0,0,0,0,0,0,0,0,0,0,0,0,0,0,0,0,0,0,0,0,0,0,0,0,0,0,0,0,0,0,0,0,0
{'16566'} com.tianci.movieplatform:daemon: min(0.0) max(0.0) average(0.0)
{'1618'} com.tianci.system: 0,0,2,0,1,2,0,0,2,2,2,0,0,2,0,6,0,0,0,0,0,2,0,6,1,0,2,1,0,1,2,2,2,0,0,0,0,0,0,2,0,3,2,0,0,9,0,2,0,0,0,4,0,2,0,0,4,0,2,0,0
{'1618'} com.tianci.system: min(0.0) max(9.0) average(1.11)
{'1834'} com.coocaa.os.ccosservice: 0,0,0,0,0,0,0,0,0,0,0,0,0,0,0,0,2,0,0,0,0,0,0,1,0,0,0,0,0,0,0,0,0,0,0,0,0,0,0,0,0,0,0,0,0,0,0,0,0,0,0,0,0,0,0,0,0,0,0,0,0
{'1834'} com.coocaa.os.ccosservice: min(0.0) max(2.0) average(0.05)
{'24331', '24252', '24205', '24297', '22783'} com.tianci.user: 0,0,0,0,0,0,0,0,0,0,0,0,0,0,0,0,0,0,7,5,4,6
{'24331', '24252', '24205', '24297', '22783'} com.tianci.user: min(0.0) max(7.0) average(1.0)
{'1869'} com.tianci.push: 0,0,0,0,0,0,0,0,0,0,0,0,0,0,0,0,0,0,0,0,0,0,0,0,0,0,0,0,0,0,0,0,0,0,0,0,0,0,0,0,0,0,0,0,0,0,0,0,0,0,0,0,0,0,0,0,0,0,0,0,0
{'1869'} com.tianci.push: min(0.0) max(0.0) average(0.0)
{'22654', '24009'} com.coocaa.sysreport: 0,0,0,0,0,0,0,1,0,0,0,0,0,0,0,0,0,0,5,2,10
{'22654', '24009'} com.coocaa.sysreport: min(0.0) max(10.0) average(0.86)
{'2032'} com.coocaa.os.softsettings.provide: 0,0,0,0,0,0,0,0,0,0,0,0,0,0,0,0,0,0,0,0,0,0,0,0,0,0,0,0,0,0,0,0,0,0,0,0,0,0,0,0,0,0,0,0,0,0,0,0,0,0,0,0,0,0,0,0
{'2032'} com.coocaa.os.softsettings.provide: min(0.0) max(0.0) average(0.0)
{'8000'} com.dunn.instrument: 0,0,0,0,0,0,0,0,0,0,0,0,0,0,0,0,0,0,0,0,0,0,0,0,0,0,0,0,0,0,0,0,2,0,0,0,0,0,0,0,0,0,0,0,0,0,0,0,0,0,0,0,0,0,0
{'8000'} com.dunn.instrument: min(0.0) max(2.0) average(0.04)
{'8117'} com.dunn.i/system/binapp_process: 0,0,0,0,0,0,0,0,0,0,0,0,0,0,0,0,0,0,0,0,0,0,0,0,0,0,0,0,0,0,0,0,0,0,0,0,0,0,0,0,0,0,0,0,0,0,0,0,0,0,0,0
{'8117'} com.dunn.i/system/binapp_process: min(0.0) max(0.0) average(0.0)
{'2242'} android.process.media: 0,0,0,0,0,0,0,0,0,0,0,0,0,0,0,0,0,0,0,0,0,0,0,0,0,0,0,0,0,0,0,0,0,0,0,0,0,0,0,0,0,4,0,0,0,0,0,0
{'2242'} android.process.media: min(0.0) max(4.0) average(0.08)
{'1609'} com.skyworth.android.skyRMService: 0,0,0,0,0,0,0,0,0,0,0,0,0,0,0,0,0,0,0,0,4,0,0,0,0,0,0,0,0,0,0,0,0,0,0,0,0,0,4,0,0,0,0,0
{'1609'} com.skyworth.android.skyRMService: min(0.0) max(4.0) average(0.18)
{'744'} /-Xzygote/bin/app_processzygote: 0,0,0,0,0,0,0,0,0,0,0,0,0,0,0,0,0,0,0,0,0,0,0,0,0,0,0,0,0,0
{'744'} /-Xzygote/bin/app_processzygote: min(0.0) max(0.0) average(0.0)
{'746'} /system/bin/mediaserver: 0,1,2,0,14,0,4,2,6,9,9,10,10,9,13,6,10,8,8,6,15,8,10,5,7,8,8,8,4,9,10,5,8,18,9,5,7,9,6,15,10,6,11,9,9,23,12,9,9,8
{'746'} /system/bin/mediaserver: min(0.0) max(23.0) average(8.14)
{'1409'} /sbin/adbd: 3,2,2,9,3,3,12,2,2,2,2,2,2,2,1,4,2,2,4,4,2,1,2,2,2,1
{'1409'} /sbin/adbd: min(1.0) max(12.0) average(2.88)
{'753'} 1023-g1023-u/system/bin/sdcard: 2,2,4,1,2
{'753'} 1023-g1023-u/system/bin/sdcard: min(1.0) max(4.0) average(2.2)
{'2086'} long-vlogcat: 2,2,5,1,2,2,4,3,1
{'2086'} long-vlogcat: min(1.0) max(5.0) average(2.44)
{'7'} [kworker/u:0]: 2,2,1,1,1
{'7'} [kworker/u:0]: min(1.0) max(2.0) average(1.4)
{'10'} [rcu_preempt]: 2,2,2,1,2,2,2,2,1,2,2
{'10'} [rcu_preempt]: min(1.0) max(2.0) average(1.82)
{'17'} [ksoftirqd/2]: 2,2,2,2,2
{'17'} [ksoftirqd/2]: min(2.0) max(2.0) average(2.0)
{'16322'} [kworker/u:2]: 2,1,1,2,2,2,2,2,2,2,2
{'16322'} [kworker/u:2]: min(1.0) max(2.0) average(1.82)
{'1594'} [RTW_CMD_THREAD]: 2,2,2,2,2,2
{'1594'} [RTW_CMD_THREAD]: min(2.0) max(2.0) average(2.0)
{'21593'} [kworker/u:1]: 1,2,1,2,2,1,2,2
{'21593'} [kworker/u:1]: min(1.0) max(2.0) average(1.62)
{'21765'} [kworker/u:1H]: 1,2,2,1
{'21765'} [kworker/u:1H]: min(1.0) max(2.0) average(1.5)
{'33'} [kworker/0:1]: 3,1,1,2
{'33'} [kworker/0:1]: min(1.0) max(3.0) average(1.75)
{'741'} /system/bin/netd: 2
{'741'} /system/bin/netd: min(2.0) max(2.0) average(2.0)
{'699'} [jbd2/mmcblk0p2-]: 2,2,2,2,2,2,2,2,2,2,2,2,2
{'699'} [jbd2/mmcblk0p2-]: min(2.0) max(2.0) average(2.0)
{'1'} /init: 1
{'1'} /init: min(1.0) max(1.0) average(1.0)
{'21'} [ksoftirqd/3]: 1,1,2,2,2
{'21'} [ksoftirqd/3]: min(1.0) max(2.0) average(1.6)
{'31'} [kworker/2:1]: 1,2,1
{'31'} [kworker/2:1]: min(1.0) max(2.0) average(1.33)
{'11908'} [kworker/u:2H]: 1,2,1,2
{'11908'} [kworker/u:2H]: min(1.0) max(2.0) average(1.5)
{'12732'} [kworker/1:2]: 1
{'12732'} [kworker/1:2]: min(1.0) max(1.0) average(1.0)
{'4'} [ksoftirqd/0]: 2,2,2,2,2,2,2,2
{'4'} [ksoftirqd/0]: min(2.0) max(2.0) average(2.0)
{'13'} [ksoftirqd/1]: 2,1,2,3,2,2,2
{'13'} [ksoftirqd/1]: min(1.0) max(3.0) average(2.0)
{'740'} /system/bin/keypad: 2,2,2,2
{'740'} /system/bin/keypad: min(2.0) max(2.0) average(2.0)
{'23671', '24850', '25352'} com.tigrep|ps-c/system/bin/sh: 18,16,4
{'23671', '24850', '25352'} com.tigrep|ps-c/system/bin/sh: min(4.0) max(18.0) average(12.67)
{'695'} [kworker/3:1H]: 1
{'695'} [kworker/3:1H]: min(1.0) max(1.0) average(1.0)
{'1250'} VirtualEvent: 0,0,0,0,0,0,0,0,0,0,0,0
{'1250'} VirtualEvent: min(0.0) max(0.0) average(0.0)
{'749'} /system/bin/FileDesc_server: 2,2,1,2,2,1,2,1,2,2,2,2,2
{'749'} /system/bin/FileDesc_server: min(1.0) max(2.0) average(1.77)
{'348'} [kswapd0]: 2,2,12,10
{'348'} [kswapd0]: min(2.0) max(12.0) average(6.5)
{'24009'} <pre-initialized>: 7
{'24009'} <pre-initialized>: min(7.0) max(7.0) average(7.0)
{'735'} /system/bin/servicemanager: 2,1,1,2,2,2,2
{'735'} /system/bin/servicemanager: min(1.0) max(2.0) average(1.71)
{'745'} /system/bin/drmserver: 0,0,0
{'745'} /system/bin/drmserver: min(0.0) max(0.0) average(0.0)
{'1690'} /system/vendor/bin/skybusybox/busy: 2
{'1690'} /system/vendor/bin/skybusybox/busy: min(2.0) max(2.0) average(2.0)
{'694'} [kworker/2:1H]: 2
{'694'} [kworker/2:1H]: min(2.0) max(2.0) average(2.0)
{'878'} /system/rtk_rootfs/usr/local/bin/R: 2
{'878'} /system/rtk_rootfs/usr/local/bin/R: min(2.0) max(2.0) average(2.0)
{'1363'} [kworker/u:3]: 2,1
{'1363'} [kworker/u:3]: min(1.0) max(2.0) average(1.5)
{'696'} [kworker/0:1H]: 2
{'696'} [kworker/0:1H]: min(2.0) max(2.0) average(2.0)
