usr: 31.1,34.1,18.1,36.3,9.0,44.6,38.2,43.1,29.1,26.1,21.4,35.5,20.9,37.2,16.2,34.8,35.4,4.6,22.7,7.1,24.3,4.6,33.3,4.6,30.2,56.5,48.8,34.8,31.8,26.1,28.5,36.9,23.8,23.8,44.6,45.8,27.2,29.7,4.8,25.0,20.9,17.5,61.3,7.3,32.6,25.0,33.3,20.0,28.5,19.0,30.0,25.0,17.5,36.3,23.5,34.7,35.7,37.7,25.0,27.9,29.2,36.5
usr: min(4.6) max(61.3) average(28.31)
sys: 11.1,9.7,11.3,18.1,4.5,17.0,10.6,22.7,18.7,9.5,11.9,17.7,20.9,20.9,9.3,18.6,20.8,4.6,9.0,0.0,12.1,4.6,19.0,4.6,6.9,32.6,13.9,13.9,15.9,16.6,19.0,17.3,9.5,9.5,14.8,18.7,36.3,19.1,4.8,15.9,11.6,7.5,18.1,0.0,24.4,15.9,24.4,15.5,11.9,21.4,22.5,18.1,17.5,18.1,9.8,23.9,9.5,15.5,18.1,9.3,14.6,19.5
sys: min(0.0) max(36.3) average(14.82)
nic: 0.0,0.0,2.2,0.0,0.0,12.7,2.1,0.0,0.0,0.0,0.0,0.0,0.0,0.0,0.0,0.0,2.0,0.0,0.0,0.0,0.0,0.0,0.0,0.0,0.0,0.0,2.3,0.0,0.0,0.0,0.0,0.0,2.3,0.0,0.0,0.0,0.0,0.0,0.0,2.2,0.0,0.0,0.0,0.0,20.4,0.0,2.2,0.0,0.0,0.0,0.0,0.0,0.0,0.0,0.0,15.2,0.0,0.0,9.0,0.0,0.0,0.0
nic: min(0.0) max(20.4) average(1.17)
idle: 53.3,56.0,63.6,43.1,84.0,19.1,42.5,27.2,45.8,61.9,64.2,42.2,53.4,39.5,72.0,41.8,37.5,88.3,63.6,90.4,60.9,88.3,45.2,90.6,60.4,4.3,30.2,48.8,47.7,57.1,47.6,39.1,64.2,64.2,34.0,31.2,29.5,46.8,87.8,52.2,62.7,75.0,15.9,92.6,16.3,52.2,37.7,62.2,57.1,59.5,42.5,50.0,62.5,40.9,64.7,21.7,52.3,42.2,40.9,60.4,53.6,41.4
idle: min(4.3) max(92.6) average(52.0)
io: 0.0,0.0,0.0,0.0,0.0,2.1,0.0,0.0,2.0,0.0,0.0,0.0,0.0,0.0,0.0,0.0,0.0,0.0,0.0,0.0,0.0,0.0,0.0,0.0,0.0,2.1,0.0,0.0,0.0,0.0,0.0,2.1,0.0,0.0,0.0,0.0,2.2,0.0,0.0,0.0,0.0,0.0,0.0,0.0,2.0,0.0,0.0,0.0,0.0,0.0,0.0,2.2,0.0,0.0,0.0,0.0,0.0,0.0,2.2,0.0,0.0,0.0
io: min(0.0) max(2.2) average(0.27)
irq: 2.2,0.0,2.2,0.0,2.2,2.1,4.2,2.2,2.0,0.0,2.3,2.2,4.6,2.3,2.3,2.3,2.0,2.3,2.2,2.3,2.4,2.3,2.3,0.0,2.3,2.1,2.3,2.3,2.2,0.0,2.3,2.1,0.0,2.3,4.2,2.0,4.5,2.1,2.4,2.2,2.3,0.0,2.2,0.0,2.0,4.5,2.2,2.2,2.3,0.0,2.5,0.0,2.5,2.2,1.9,2.1,2.3,2.2,2.2,2.3,2.4,2.4
irq: min(0.0) max(4.6) average(2.05)
sirq: 2.2,0.0,2.2,2.2,0.0,2.1,2.1,4.5,2.0,2.3,0.0,2.2,0.0,0.0,0.0,2.3,2.0,0.0,2.2,0.0,0.0,0.0,0.0,0.0,0.0,2.1,2.3,0.0,2.2,0.0,2.3,2.1,0.0,0.0,2.1,2.0,0.0,2.1,0.0,2.2,2.3,0.0,2.2,0.0,2.0,2.2,0.0,0.0,0.0,0.0,2.5,4.5,0.0,2.2,0.0,2.1,0.0,2.2,2.2,0.0,0.0,0.0
sirq: min(0.0) max(4.5) average(1.16)
{'1375'} com.coocaa.aigc.home: 17.7,4.6,15.8,15.8,2.2,28.1,34.0,31.7,24.9,0.0,13.3,14.9,11.6,13.9,9.3,11.6,14.5,0.0,0.0,0.0,0.0,0.0,11.8,0.0,2.3,45.5,11.2,30.2,9.0,2.3,11.8,10.8,11.8,2.1,38.2,22.8,13.6,6.3,0.0,6.8,0.0,9.3,33.6,0.0,40.7,20.4,17.7,8.8,4.5,2.3,14.3,2.2,20.0,13.6,13.6,34.7,11.8,13.3,20.4,0.0,10.0,14.0
{'1375'} com.coocaa.aigc.home: min(0.0) max(45.5) average(12.99)
{'386'} /vendor/bin/hw/android.hardware.au: 4.4,4.6,4.5,4.5,6.8,6.0,4.2,6.8,4.1,2.3,4.4,4.2,6.9,4.6,4.6,4.6,4.1,4.6,2.2,4.7,4.8,4.6,4.7,2.3,2.3,2.1,4.5,4.6,4.5,4.7,4.7,4.3,4.7,4.2,4.2,4.1,2.2,2.1,2.7,4.5,4.6,3.1,6.3,3.6,6.1,6.8,4.4,4.4,4.5,2.3,4.1,4.5,5.0,4.5,3.9,4.3,4.7,4.4,2.2,4.6,4.0,4.6
{'386'} /vendor/bin/hw/android.hardware.au: min(2.1) max(6.9) average(4.3)
{'486'} /system/bin/surfaceflinger: 4.4,2.2,2.2,4.0,4.2,4.5,4.1,6.6,2.1,6.9,2.3,4.6,4.6,4.1,4.7,4.3,4.5,4.6,2.2,4.7,6.5,4.7,4.2,4.1,4.5,2.2,4.6,6.3,4.0,4.5,4.4,4.4,2.2,4.1,5.0,4.5,4.7,4.4,2.2,4.0,4.6
{'486'} /system/bin/surfaceflinger: min(2.1) max(6.9) average(4.19)
{'1031'} system_server: 2.2,23.0,0.0,22.6,0.0,22.1,2.1,20.4,0.0,26.1,2.2,25.6,4.6,25.5,2.3,25.5,22.8,0.0,22.6,0.0,24.3,0.0,26.1,0.0,25.5,0.0,31.5,0.0,22.6,28.5,11.8,21.6,0.0,23.1,2.1,12.4,0.0,25.5,1.3,20.4,27.9,1.5,21.0,0.0,18.3,2.2,24.4,0.0,24.7,28.5,20.5,24.9,0.0,22.6,1.9,21.6,4.7,26.6,4.5,23.2,22.1,28.0
{'1031'} system_server: min(0.0) max(31.5) average(14.12)
{'442', '309', '443'} /vendor/bin/hw/vendor.skyworth.har: 2.2,2.2,2.0,2.1,2.3,2.1,2.3,2.1,2.2,2.2,2.2,2.2,2.0
{'442', '309', '443'} /vendor/bin/hw/vendor.skyworth.har: min(2.0) max(2.3) average(2.16)
{'239'} /system/bin/logd: 2.2,2.0,2.1,2.3,2.1,2.0,2.1,2.2,2.0,2.2,2.2
{'239'} /system/bin/logd: min(2.0) max(2.3) average(2.13)
{'6818', '6374', '6857', '6567', '7101', '7033', '7208', '6980', '6094', '6189', '6624', '7056', '7071', '6879', '6361', '6894', '6725', '6238', '7194', '6174', '6255', '7142', '6400', '6960', '6996', '7157', '6437', '6277', '7259', '6289', '7247', '7284', '6659', '6803', '6327', '6057', '6112', '6489', '6314', '6677', '6747', '6765', '6911', '6939', '6134', '6636', '6599', '6150', '6782', '7021', '6526', '6452', '6222', '6511', '6474', '6072'} 1-ntopbusybox: 2.2,2.3,2.2,2.2,2.2,2.0,2.1,4.5,2.0,2.3,2.2,2.1,2.3,2.3,2.3,2.3,2.0,2.3,2.3,2.4,2.3,2.3,2.3,2.3,2.1,4.6,2.2,2.3,2.3,2.1,2.1,2.1,2.0,2.2,2.1,1.3,2.3,1.5,4.2,1.2,2.0,2.2,2.2,2.2,2.2,2.3,2.0,2.2,2.5,1.9,2.1,2.2,2.2,2.3,4.0,2.3
{'6818', '6374', '6857', '6567', '7101', '7033', '7208', '6980', '6094', '6189', '6624', '7056', '7071', '6879', '6361', '6894', '6725', '6238', '7194', '6174', '6255', '7142', '6400', '6960', '6996', '7157', '6437', '6277', '7259', '6289', '7247', '7284', '6659', '6803', '6327', '6057', '6112', '6489', '6314', '6677', '6747', '6765', '6911', '6939', '6134', '6636', '6599', '6150', '6782', '7021', '6526', '6452', '6222', '6511', '6474', '6072'} 1-ntopbusybox: min(1.2) max(4.6) average(2.31)
{'1975'} [kworker/u9:2-ma]: 2.2,2.0,2.0
{'1975'} [kworker/u9:2-ma]: min(2.0) max(2.2) average(2.07)
{'3945'} [kworker/u9:0-kb]: 2.2
{'3945'} [kworker/u9:0-kb]: min(2.2) max(2.2) average(2.2)
{'12'} [ksoftirqd/0]: 2.2,2.1,2.0,2.2,2.2
{'12'} [ksoftirqd/0]: min(2.0) max(2.2) average(2.14)
{'30'} [ksoftirqd/2]: 2.2,2.0,2.1,2.2,1.5
{'30'} [ksoftirqd/2]: min(1.5) max(2.2) average(2.0)
{'4228', '4446'} com.coocaa.mitee.tv:mrelay: 0.0,0.0,0.0,0.0,0.0,0.0,0.0,0.0,0.0,0.0,0.0,0.0,0.0,0.0,0.0,0.0,0.0,0.0,0.0,0.0,0.0,0.0,0.0,0.0,0.0,0.0,0.0,0.0,0.0,0.0,0.0,0.0,0.0,0.0,0.0,0.0,0.0,0.0,0.0,0.0,0.0,0.0,0.0,0.0,0.0,0.0,0.0,0.0,0.0,0.0,0.0,0.0,0.0,0.0,0.0,0.0,0.0,0.0,0.0,0.0,0.0,0.0,0.0,0.0,0.0,0.0,0.0,0.0,0.0,0.0,0.0,0.0,0.0,0.0,0.0,0.0,0.0,0.0,0.0,0.0,0.0,0.0,1.5,0.0,0.0,0.0,0.0,0.0,0.0,0.0,0.0,0.0,0.0,0.0,0.0,0.0,0.0,0.0,0.0,0.0,0.0,0.0,0.0,0.0,0.0,0.0,0.0,0.0,0.0,0.0,0.0,0.0,0.0,0.0,0.0,0.0,0.0,0.0,0.0,0.0,0.0,0.0,0.0,0.0
{'4228', '4446'} com.coocaa.mitee.tv:mrelay: min(0.0) max(1.5) average(0.01)
{'3521'} com.tianci.movieplatform: 0.0,0.0,0.0,0.0,0.0,0.0,0.0,0.0,0.0,0.0,0.0,0.0,0.0,0.0,0.0,0.0,0.0,0.0,0.0,0.0,0.0,0.0,0.0,0.0,0.0,0.0,0.0,0.0,0.0,0.0,0.0,0.0,0.0,0.0,0.0,0.0,0.0,0.0,0.0,0.0,0.0,0.0,0.0,0.0,0.0,0.0,0.0,0.0,0.0,0.0,0.0,0.0,0.0,0.0,0.0,0.0,0.0,0.0,0.0,0.0,0.0,0.0
{'3521'} com.tianci.movieplatform: min(0.0) max(0.0) average(0.0)
{'2878'} com.tianci.appstore: 0.0,0.0,0.0,0.0,0.0,0.0,0.0,0.0,0.0,0.0,0.0,0.0,0.0,0.0,0.0,0.0,0.0,0.0,0.0,0.0,0.0,0.0,0.0,0.0,0.0,2.1,0.0,0.0,0.0,0.0,0.0,0.0,0.0,0.0,0.0,0.0,0.0,0.0,0.0,0.0,0.0,0.0,0.0,0.0,0.0,0.0,0.0,0.0,0.0,0.0,0.0,0.0,0.0,0.0,0.0,0.0,0.0,0.0,0.0,0.0,0.0,2.3
{'2878'} com.tianci.appstore: min(0.0) max(2.3) average(0.07)
{'1437'} com.tianci.system: 0.0,0.0,0.0,0.0,0.0,0.0,0.0,0.0,0.0,0.0,0.0,0.0,0.0,0.0,0.0,0.0,0.0,0.0,0.0,0.0,0.0,0.0,0.0,0.0,0.0,0.0,4.5,0.0,0.0,0.0,0.0,0.0,0.0,0.0,2.1,0.0,0.0,0.0,0.0,0.0,0.0,0.0,0.0,0.0,0.0,0.0,0.0,0.0,0.0,0.0,0.0,0.0,0.0,0.0,1.9,0.0,0.0,0.0,0.0,0.0,0.0,0.0
{'1437'} com.tianci.system: min(0.0) max(4.5) average(0.14)
{'2270'} com.sogou.inputmethod.iot: 0.0,0.0,0.0,0.0,0.0,2.0,0.0,0.0,0.0,0.0,0.0,0.0,0.0,0.0,0.0,0.0,0.0,0.0,0.0,0.0,0.0,0.0,0.0,0.0,0.0,0.0,0.0,0.0,0.0,0.0,2.3,0.0,0.0,0.0,0.0,0.0,0.0,0.0,0.0,0.0,0.0,0.0,2.1,0.0,0.0,0.0,0.0,0.0,0.0,0.0,0.0,0.0,0.0,0.0,0.0,0.0,0.0,0.0,2.2,0.0,0.0,0.0
{'2270'} com.sogou.inputmethod.iot: min(0.0) max(2.3) average(0.14)
{'4548'} com.skyworth.setting: 0.0,0.0,0.0,0.0,0.0,0.0,0.0,0.0,0.0,0.0,0.0,0.0,0.0,0.0,0.0,0.0,0.0,0.0,0.0,0.0,0.0,0.0,0.0,0.0,0.0,0.0,0.0,0.0,0.0,0.0,0.0,0.0,0.0,0.0,0.0,0.0,0.0,0.0,0.0,0.0,0.0,0.0,0.0,0.0,0.0,0.0,0.0,0.0,0.0,0.0,0.0,0.0,0.0,0.0,0.0,0.0,0.0,0.0,0.0,0.0,0.0,0.0
{'4548'} com.skyworth.setting: min(0.0) max(0.0) average(0.0)
{'3187'} com.xiaodianshi.tv.yst:stats: 0.0,0.0,0.0,0.0,0.0,0.0,0.0,0.0,0.0,0.0,0.0,0.0,0.0,0.0,0.0,0.0,0.0,0.0,0.0,0.0,0.0,0.0,0.0,0.0,0.0,0.0,0.0,0.0,0.0,0.0,0.0,0.0,0.0,0.0,0.0,0.0,0.0,0.0,0.0,0.0,0.0,0.0,0.0,0.0,0.0,0.0,0.0,0.0,0.0,0.0,0.0,0.0,0.0,0.0,0.0,0.0,0.0,0.0,0.0,0.0,0.0
{'3187'} com.xiaodianshi.tv.yst:stats: min(0.0) max(0.0) average(0.0)
{'228'} /system/bin/ueventd: 4.6,2.3,2.1,2.3,2.0,4.2,2.7,2.0,3.9
{'228'} /system/bin/ueventd: min(2.0) max(4.6) average(2.9)
{'423'} /vendor/bin/hw/android.hardware.me: 2.3,2.1,2.2
{'423'} /vendor/bin/hw/android.hardware.me: min(2.1) max(2.3) average(2.2)
{'621'} [hdmi_task]: 2.3,2.2,2.0,2.1,2.0,2.3,2.2,2.1,2.3,2.0,2.3,2.3,2.1,2.2,2.3,2.1,4.7,2.1,2.1,1.3,2.2,2.1,2.2,2.2,2.2,2.3,2.0,2.2,2.1,2.2,2.3
{'621'} [hdmi_task]: min(1.3) max(4.7) average(2.23)
{'4206'} com.skyworth.tv: 0.0,0.0,0.0,0.0,0.0,0.0,0.0,0.0,0.0,0.0,0.0,0.0,0.0,0.0,0.0,0.0,0.0,0.0,0.0,0.0,0.0,0.0,0.0,0.0,0.0,0.0,0.0,0.0,0.0,0.0,0.0,0.0,0.0,0.0,0.0,0.0,0.0,0.0,0.0,0.0,0.0,0.0,0.0,0.0,0.0,0.0,0.0,0.0,0.0,0.0,0.0,0.0,0.0,0.0,0.0,0.0,0.0,0.0,0.0
{'4206'} com.skyworth.tv: min(0.0) max(0.0) average(0.0)
{'1724'} com.skyworth.angel.voice: 0.0,0.0,0.0,0.0,0.0,2.2,0.0,0.0,0.0,0.0,0.0,0.0,0.0,0.0,0.0,0.0,0.0,0.0,0.0,0.0,0.0,0.0,0.0,0.0,0.0,0.0,0.0,0.0,0.0,0.0,0.0,0.0,1.3,0.0,0.0,0.0,0.0,0.0,0.0,0.0,0.0,0.0,0.0,0.0,0.0,0.0,0.0,0.0,2.1,0.0,0.0,0.0,0.0,0.0,0.0
{'1724'} com.skyworth.angel.voice: min(0.0) max(2.2) average(0.1)
{'2429'} com.tianci.de: 0.0,0.0,0.0,0.0,0.0,0.0,0.0,0.0,0.0,0.0,0.0,0.0,0.0,0.0,0.0,0.0,0.0,0.0,0.0,0.0,0.0,0.0,0.0,0.0,0.0,0.0,0.0,0.0,0.0,0.0,0.0,0.0,0.0,0.0,0.0,0.0,0.0,0.0,0.0,0.0,0.0,0.0,0.0,0.0,0.0,0.0,0.0,0.0,0.0
{'2429'} com.tianci.de: min(0.0) max(0.0) average(0.0)
{'1534'} com.coocaa.os.service: 0.0,0.0,0.0,0.0,2.0,0.0,0.0,0.0,0.0,0.0,2.3,0.0,0.0,4.1,0.0,0.0,0.0,0.0,0.0,0.0,0.0,0.0,4.3,0.0,0.0,0.0,0.0,0.0,2.1,0.0,0.0,0.0,4.1,4.5,0.0,0.0,0.0,0.0,2.1,0.0,0.0,2.2,0.0,0.0,0.0,0.0,2.0,0.0,0.0,0.0,0.0,0.0,0.0,0.0,4.5,0.0,0.0,0.0
{'1534'} com.coocaa.os.service: min(0.0) max(4.5) average(0.59)
{'4815'} com.coocaa.os.softsettings: 0.0,0.0,0.0,0.0,0.0,0.0,0.0,0.0,0.0,0.0,0.0,0.0,0.0,0.0,0.0,0.0,0.0,0.0,0.0,0.0,0.0,0.0,0.0,0.0,0.0,0.0,0.0,0.0,0.0,0.0,0.0,0.0,0.0,0.0,0.0,0.0,0.0,0.0,0.0,0.0
{'4815'} com.coocaa.os.softsettings: min(0.0) max(0.0) average(0.0)
{'406'} /vendor/bin/hw/android.hardware.gr: 2.2,2.2,2.0,4.4,2.3,2.3,2.2,2.3,2.0,2.2,2.1,1.5,2.1,2.2,2.2,2.2
{'406'} /vendor/bin/hw/android.hardware.gr: min(1.5) max(4.4) average(2.28)
{'624'} /vendor/bin/audioserver_sky: 2.2,2.1
{'624'} /vendor/bin/audioserver_sky: min(2.1) max(2.2) average(2.15)
{'1763'} com.skyworth.quickcenter: 0.0,0.0,0.0,0.0,0.0,0.0,0.0,0.0,0.0,0.0,0.0,0.0,0.0,0.0,0.0,0.0,0.0,0.0,0.0,0.0,0.0,0.0,0.0,0.0,0.0,0.0,0.0,0.0,0.0
{'1763'} com.skyworth.quickcenter: min(0.0) max(0.0) average(0.0)
{'2574'} com.tianci.de:TianciDaemons: 0.0,0.0,0.0,0.0,0.0,0.0,0.0,0.0,0.0,0.0,0.0,0.0,0.0,0.0,0.0
{'2574'} com.tianci.de:TianciDaemons: min(0.0) max(0.0) average(0.0)
{'1285'} com.android.bluetooth: 0.0,0.0,0.0,0.0,0.0
{'1285'} com.android.bluetooth: min(0.0) max(0.0) average(0.0)
{'36'} [ksoftirqd/3]: 2.0,2.2,2.0,2.0,2.2
{'36'} [ksoftirqd/3]: min(2.0) max(2.2) average(2.08)
{'543'} /system/bin/socketsys: 2.2,2.0
{'543'} /system/bin/socketsys: min(2.0) max(2.2) average(2.1)
{'165'} [film_mode_detec]: 2.0,1.2,2.2
{'165'} [film_mode_detec]: min(1.2) max(2.2) average(1.8)
{'1975'} [kworker/u9:2-kb]: 2.1
{'1975'} [kworker/u9:2-kb]: min(2.1) max(2.1) average(2.1)
{'3945'} [kworker/u9:0-ma]: 2.3,2.3,2.3
{'3945'} [kworker/u9:0-ma]: min(2.3) max(2.3) average(2.3)
{'164'} [new_game_mode_t]: 2.3
{'164'} [new_game_mode_t]: min(2.3) max(2.3) average(2.3)
{'649'} /vendor/bin/tvservice: 2.3,2.4,2.3,2.1,1.2
{'649'} /vendor/bin/tvservice: min(1.2) max(2.4) average(2.06)
{'344'} [jbd2/mmcblk0p23]: 2.0,2.1
{'344'} [jbd2/mmcblk0p23]: min(2.0) max(2.1) average(2.05)
{'6011'} com.tianci.de:cast_detect_process: 0.0
{'6011'} com.tianci.de:cast_detect_process: min(0.0) max(0.0) average(0.0)
{'292'} [kworker/u9:1-kb]: 2.1
{'292'} [kworker/u9:1-kb]: min(2.1) max(2.1) average(2.1)
{'24'} [ksoftirqd/1]: 2.1,2.0,2.2,2.5
{'24'} [ksoftirqd/1]: min(2.0) max(2.5) average(2.2)
{'2389'} com.skyworth.smartcast: 6.7
{'2389'} com.skyworth.smartcast: min(6.7) max(6.7) average(6.7)
{'661'} /system/bin/mdnsd: 2.1,2.2
{'661'} /system/bin/mdnsd: min(2.1) max(2.2) average(2.15)
{'166'} [CMA_release_tsk]: 2.1,2.2,2.2
{'166'} [CMA_release_tsk]: min(2.1) max(2.2) average(2.17)
{'3988'} [kworker/0:0H-mm]: 2.0
{'3988'} [kworker/0:0H-mm]: min(2.0) max(2.0) average(2.0)
{'292'} [kworker/u9:1-ma]: 2.2,2.2
{'292'} [kworker/u9:1-ma]: min(2.2) max(2.2) average(2.2)
{'5234'} [kworker/u8:2+ex]: 2.2
{'5234'} [kworker/u8:2+ex]: min(2.2) max(2.2) average(2.2)
{'5218'} --/apex/com.android.adbd/bin/adbd: 2.1,2.2
{'5218'} --/apex/com.android.adbd/bin/adbd: min(2.1) max(2.2) average(2.15)
{'366'} /apex/com.android.os.statsd/bin/st: 2.1
{'366'} /apex/com.android.os.statsd/bin/st: min(2.1) max(2.1) average(2.1)
{'5310'} /data/local/tmp/.studio/process-tr: 2.1
{'5310'} /data/local/tmp/.studio/process-tr: min(2.1) max(2.1) average(2.1)
{'920'} [PCRTRACK]: 1.3
{'920'} [PCRTRACK]: min(1.3) max(1.3) average(1.3)
{'7058', '6844'} meminfodumpsys: 2.2,2.0
{'7058', '6844'} meminfodumpsys: min(2.0) max(2.2) average(2.1)
{'690'} [AioThread0]: 2.2
{'690'} [AioThread0]: min(2.2) max(2.2) average(2.2)
{'155'} [vsc_tsk]: 2.3
{'155'} [vsc_tsk]: min(2.3) max(2.3) average(2.3)
{'308'} /vendor/bin/rtkd: 2.1,2.3
{'308'} /vendor/bin/rtkd: min(2.1) max(2.3) average(2.2)
{'5117'} [kworker/3:0H-mm]: 2.0
{'5117'} [kworker/3:0H-mm]: min(2.0) max(2.0) average(2.0)
{'754'} [KernelAutoTune]: 2.2
{'754'} [KernelAutoTune]: min(2.2) max(2.2) average(2.2)
{'40'} [kworker/2:1-eve]: 2.5
{'40'} [kworker/2:1-eve]: min(2.5) max(2.5) average(2.5)
{'13'} [rcu_preempt]: 2.3
{'13'} [rcu_preempt]: min(2.3) max(2.3) average(2.3)
