total_ram(MB): 3655.56,3655.56,3655.56,3655.56,3655.56,3655.56,3655.56,3655.56,3655.56,3655.56,3655.56,3655.56,3655.56,3655.56,3655.56,3655.56,3655.56,3655.56,3655.56,3655.56,3655.56,3655.56,3655.56,3655.56,3655.56,3655.56,3655.56,3655.56,3655.56
total_ram(MB): min(3655.56) max(3655.56) average(3655.56)
free_ram(MB): 1553.78,1530.35,1526.76,1549.17,1509.74,1491.38,1515.95,1505.64,1471.91,1480.15,1477.18,1500.84,1467.51,1496.52,1486.06,1475.57,1483.14,1455.42,1530.18,1511.87,1507.85,1514.14,1497.71,1492.35,1479.94,1488.90,1478.48,1454.15,1425.33
free_ram(MB): min(1425.33) max(1553.78) average(1495.1)
used_ram(MB): 1704.00,1678.64,1675.31,1735.30,1691.35,1725.47,1701.40,1736.13,1749.59,1751.90,1744.55,1747.08,1726.91,1768.19,1744.42,1748.54,1725.15,1756.75,1688.04,1697.24,1742.69,1723.62,1709.18,1710.03,1696.71,1749.91,1706.96,1766.61,1759.62
used_ram(MB): min(1675.31) max(1768.19) average(1726.25)
lost_ram(MB): 397.73,446.52,453.44,371.04,454.43,438.66,438.16,413.73,434.01,423.46,433.78,407.59,461.08,390.79,425.02,431.40,447.22,443.34,437.29,446.40,404.97,417.76,448.61,453.12,478.87,416.70,470.07,434.75,470.56
lost_ram(MB): min(371.04) max(478.87) average(434.16)
free(MB): 348.95,323.43,319.43,340.28,299.86,280.79,305.58,294.24,260.40,268.59,265.57,289.12,254.71,283.40,273.13,260.84,267.28,238.92,313.33,294.78,289.40,294.51,277.93,271.92,258.54,266.86,255.86,230.83,201.24
free(MB): min(201.24) max(348.95) average(280.34)
used_pss(MB): 1400.57,1374.97,1371.60,1431.25,1387.40,1421.43,1398.41,1432.20,1445.86,1448.14,1440.72,1442.91,1422.59,1463.87,1439.86,1443.74,1420.29,1451.85,1383.16,1392.08,1437.45,1418.55,1404.08,1404.87,1391.30,1444.46,1401.56,1460.22,1454.05
used_pss(MB): min(1371.6) max(1463.87) average(1421.7)
kernel(MB): 303.43,303.67,303.71,304.05,303.95,304.04,302.99,303.93,303.73,303.75,303.84,304.17,304.32,304.32,304.57,304.80,304.86,304.89,304.88,305.16,305.24,305.07,305.11,305.17,305.40,305.45,305.39,306.39,305.56
kernel(MB): min(302.99) max(306.39) average(304.55)
buffers(MB): 0.00,0.00,0.00,0.00,0.00,0.00,0.00,0.00,0.00,0.00,0.00,0.00,0.00,0.00,0.00,0.00,0.00,0.00,0.00,0.00,0.00,0.00,0.00,0.00,0.00,0.00,0.00,0.00,0.00
buffers(MB): min(0.0) max(0.0) average(0.0)
shmem(MB): 0.00,0.00,0.00,0.00,0.00,0.00,0.00,0.00,0.00,0.00,0.00,0.00,0.00,0.00,0.00,0.00,0.00,0.00,0.00,0.00,0.00,0.00,0.00,0.00,0.00,0.00,0.00,0.00,0.00
shmem(MB): min(0.0) max(0.0) average(0.0)
slab(MB): 0.00,0.00,0.00,0.00,0.00,0.00,0.00,0.00,0.00,0.00,0.00,0.00,0.00,0.00,0.00,0.00,0.00,0.00,0.00,0.00,0.00,0.00,0.00,0.00,0.00,0.00,0.00,0.00,0.00
slab(MB): min(0.0) max(0.0) average(0.0)
total_swap(MB): 900.00,900.00,900.00,900.00,900.00,900.00,900.00,900.00,900.00,900.00,900.00,900.00,900.00,900.00,900.00,900.00,900.00,900.00,900.00,900.00,900.00,900.00,900.00,900.00,900.00,900.00,900.00,900.00,900.00
total_swap(MB): min(900.0) max(900.0) average(900.0)
used_swap(MB): 0.25,0.25,0.25,0.25,0.25,0.25,0.25,0.25,0.25,0.25,0.25,0.25,0.25,0.25,0.25,0.25,0.25,0.25,0.25,0.25,0.25,0.25,0.25,0.25,0.25,0.25,0.25,0.25,0.25
used_swap(MB): min(0.25) max(0.25) average(0.25)
{'1375'} com.coocaa.aigc.home(MB): 354.67,354.67,232.55,335.83,335.83,214.29,327.32,327.32,205.76,380.06,380.06,258.43,342.43,342.43,220.76,369.87,369.87,247.52,354.73,354.73,233.00,383.33,383.33,260.92,389.70,389.70,267.86,388.02,388.02,266.18,388.55,388.55,266.71,389.28,389.28,267.41,374.21,374.21,251.62,408.09,408.09,286.09,378.80,378.80,256.76,389.76,389.76,267.67,377.22,377.22,255.10,403.11,403.11,280.94,341.09,341.09,218.90,343.66,343.66,221.46,383.61,383.61,260.74,369.89,369.89,247.61,349.34,349.34,227.01,359.09,359.09,236.76,338.80,338.80,215.79,386.10,386.10,263.05,350.83,350.83,228.42,404.26,404.26,281.22,391.79,391.79,268.74
{'1375'} com.coocaa.aigc.home(MB): min(205.76) max(408.09) average(330.07)
{'1031'} system(MB): 345.80,345.80,150.34,337.54,337.54,142.07,341.17,341.17,145.70,345.57,345.57,150.10,337.26,337.26,141.79,342.05,342.05,146.57,334.02,334.02,138.53,338.83,338.83,143.34,343.37,343.37,147.85,346.68,346.68,151.16,338.04,338.04,142.51,341.58,341.58,146.05,335.11,335.11,139.57,339.23,339.23,143.68,344.32,344.32,148.77,336.56,336.56,140.98,340.75,340.75,145.17,344.69,344.69,149.10,337.47,337.47,141.87,341.69,341.69,146.07,345.98,345.98,150.35,340.14,340.14,144.50,344.05,344.05,148.42,336.87,336.87,141.23,341.27,341.27,145.63,345.76,345.76,150.11,338.54,338.54,142.89,342.46,342.46,146.81,346.65,346.65,150.98
{'1031'} system(MB): min(138.53) max(346.68) average(275.97)
{'4548'} com.skyworth.setting(MB): 232.39,232.39,109.53,232.37,232.37,109.52,232.41,232.41,109.57,232.43,232.43,109.59,232.43,232.43,109.60,232.45,232.45,109.61,232.45,232.45,109.62,232.45,232.45,109.62,232.46,232.46,109.62,232.46,232.46,109.62,232.46,232.46,109.62,232.46,232.46,109.61,232.46,232.46,109.59,232.46,232.46,109.59,232.46,232.46,109.60,232.50,232.50,109.67,232.50,232.50,109.67,232.51,232.51,109.68,232.53,232.53,109.70,232.53,232.53,109.70,232.53,232.53,109.70,232.53,232.53,109.70,232.53,232.53,109.70,232.54,232.54,109.71,232.54,232.54,109.71,232.54,232.54,109.71,232.54,232.54,109.71,232.54,232.54,109.71,232.54,232.54,109.71
{'4548'} com.skyworth.setting(MB): min(109.52) max(232.54) average(191.54)
{'368'} zygote(MB): 174.48,174.48,37.55,174.48,174.48,37.55,174.48,174.48,37.55,174.48,174.48,37.55,174.48,174.48,37.55,174.48,174.48,37.55,174.48,174.48,37.55,174.48,174.48,37.55,174.48,174.48,37.55,174.48,174.48,37.55,174.48,174.48,37.55,174.48,174.48,37.55,174.48,174.48,37.55,174.48,174.48,37.55,174.48,174.48,37.55,174.48,174.48,37.55,174.48,174.48,37.55,174.48,174.48,37.55,174.48,174.48,37.55,174.48,174.48,37.55,174.48,174.48,37.55,174.48,174.48,37.55,174.48,174.48,37.55,174.48,174.48,37.55,174.48,174.48,37.55,174.48,174.48,37.55,174.48,174.48,37.55,174.48,174.48,37.55,174.48,174.48,37.55
{'368'} zygote(MB): min(37.55) max(174.48) average(128.84)
{'3521'} com.tianci.movieplatform(MB): 174.04,174.04,89.70,174.07,174.07,89.89,174.12,174.12,89.94,174.17,174.17,89.99,174.20,174.20,89.86,174.23,174.23,89.89,174.27,174.27,90.09,174.30,174.30,89.95,174.33,174.33,90.15,174.36,174.36,90.18,174.39,174.39,90.21,174.42,174.42,90.24,174.45,174.45,90.11,174.48,174.48,90.30,174.53,174.53,90.35,174.57,174.57,90.23,174.60,174.60,90.42,174.63,174.63,90.45,174.69,174.69,90.51,174.72,174.72,90.54,174.75,174.75,90.40,174.79,174.79,90.60,174.82,174.82,90.64,174.85,174.85,90.67,174.88,174.88,90.53,174.91,174.91,90.56,174.95,174.95,90.76,175.07,175.07,90.73,175.11,175.11,90.76
{'3521'} com.tianci.movieplatform(MB): min(89.7) max(175.11) average(146.46)
{'2878'} com.tianci.appstore(MB): 167.78,167.78,59.27,167.85,167.85,59.34,167.93,167.93,59.42,168.01,168.01,59.50,168.09,168.09,59.57,168.15,168.15,59.64,168.22,168.22,59.71,168.29,168.29,59.77,168.36,168.36,59.84,168.43,168.43,59.91,168.48,168.48,59.97,168.55,168.55,60.03,168.62,168.62,60.10,168.68,168.68,60.17,168.76,168.76,60.25,168.84,168.84,60.32,168.91,168.91,60.39,168.98,168.98,60.46,169.08,169.08,60.56,169.14,169.14,60.62,169.21,169.21,60.70,169.28,169.28,60.77,169.35,169.35,60.84,169.42,169.42,60.91,169.49,169.49,60.97,169.57,169.57,61.05,169.64,169.64,61.12,169.71,169.71,61.19,169.77,169.77,61.26
{'2878'} com.tianci.appstore(MB): min(59.27) max(169.77) average(132.61)
{'4815'} com.coocaa.os.softsettings(MB): 164.75,164.75,47.54,164.75,164.75,47.54,164.77,164.77,47.55,164.79,164.79,47.57,164.79,164.79,47.57,164.79,164.79,47.57,164.79,164.79,47.57,164.79,164.79,47.57,164.79,164.79,47.57,164.79,164.79,47.57,164.79,164.79,47.57,164.79,164.79,47.57,164.79,164.79,47.57,164.79,164.79,47.57,164.80,164.80,47.59,164.81,164.81,47.59,164.81,164.81,47.60,164.81,164.81,47.60,164.84,164.84,47.62,164.84,164.84,47.62,164.84,164.84,47.62,164.84,164.84,47.62,164.84,164.84,47.62,164.84,164.84,47.62,164.84,164.84,47.62,164.84,164.84,47.62,164.84,164.84,47.62,164.84,164.84,47.62,164.84,164.84,47.62
{'4815'} com.coocaa.os.softsettings(MB): min(47.54) max(164.84) average(125.74)
{'1724'} com.skyworth.angel.voice(MB): 157.96,157.96,66.62,155.80,155.80,64.46,156.32,156.32,64.98,156.86,156.86,65.52,157.41,157.41,66.07,157.97,157.97,66.63,155.84,155.84,64.49,156.38,156.38,65.03,156.92,156.92,65.58,157.42,157.42,66.08,157.92,157.92,66.58,155.72,155.72,64.38,156.26,156.26,64.92,156.79,156.79,65.45,157.31,157.31,65.97,157.89,157.89,66.54,155.73,155.73,64.39,156.30,156.30,64.96,156.93,156.93,65.59,157.39,157.39,66.05,157.98,157.98,66.64,155.87,155.87,64.52,156.42,156.42,65.08,156.98,156.98,65.63,157.52,157.52,66.17,158.03,158.03,66.68,155.92,155.92,64.57,156.45,156.45,65.11,156.97,156.97,65.62
{'1724'} com.skyworth.angel.voice(MB): min(64.38) max(158.03) average(126.42)
{'1437'} com.tianci.system(MB): 156.47,156.47,48.59,156.49,156.49,48.61,156.82,156.82,48.94,157.10,157.10,49.22,157.13,157.13,49.25,157.14,157.14,49.26,157.39,157.39,49.51,157.39,157.39,49.51,157.39,157.39,49.51,157.39,157.39,49.51,157.40,157.40,49.52,157.40,157.40,49.52,157.43,157.43,49.54,157.67,157.67,49.78,157.76,157.76,49.86,157.83,157.83,49.94,157.84,157.84,49.94,157.84,157.84,49.94,158.20,158.20,50.28,158.20,158.20,50.28,158.20,158.20,50.28,158.18,158.18,50.27,158.70,158.70,50.78,155.93,155.93,48.02,155.93,155.93,48.02,156.16,156.16,48.25,156.16,156.16,48.25,156.17,156.17,48.26,156.17,156.17,48.26
{'1437'} com.tianci.system(MB): min(48.02) max(158.7) average(121.27)
{'2270'} com.sogou.inputmethod.iot(MB): 155.92,155.92,63.67,156.00,156.00,63.76,156.08,156.08,63.83,156.24,156.24,63.94,156.03,156.03,63.72,156.20,156.20,63.89,156.33,156.33,64.02,155.98,155.98,63.66,156.18,156.18,63.79,156.19,156.19,63.81,156.24,156.24,63.86,156.27,156.27,63.89,156.41,156.41,64.02,156.54,156.54,64.14,156.23,156.23,63.83,156.35,156.35,63.95,156.49,156.49,64.09,156.54,156.54,64.13,156.22,156.22,63.82,156.39,156.39,63.98,156.51,156.51,64.10,156.64,156.64,64.23,156.71,156.71,64.30,156.24,156.24,63.84,156.39,156.39,63.99,156.50,156.50,64.09,156.34,156.34,63.92,156.43,156.43,64.02,156.60,156.60,64.13
{'2270'} com.sogou.inputmethod.iot(MB): min(63.66) max(156.71) average(125.53)
{'1534'} com.coocaa.os.service(MB): 142.73,142.73,51.41,144.27,144.27,52.94,144.55,144.55,53.23,145.86,145.86,54.53,147.65,147.65,56.33,149.27,149.27,57.95,150.11,150.11,58.79,151.17,151.17,59.85,152.37,152.37,61.04,152.38,152.38,61.04,152.38,152.38,61.04,152.38,152.38,61.05,153.54,153.54,62.21,154.92,154.92,63.59,155.47,155.47,64.13,156.55,156.55,65.21,143.17,143.17,51.83,144.68,144.68,53.34,145.11,145.11,53.77,145.52,145.52,54.18,146.80,146.80,55.46,148.43,148.43,57.09,149.39,149.39,58.05,150.11,150.11,58.76,151.45,151.45,60.10,152.88,152.88,61.54,153.65,153.65,62.31,155.05,155.05,63.69,156.45,156.45,65.10
{'1534'} com.coocaa.os.service(MB): min(51.41) max(156.55) average(119.5)
{'4228'} com.coocaa.mitee.tv(MB): 141.78,141.78,47.39,141.78,141.78,47.39,141.79,141.79,47.40,141.80,141.80,47.41,141.80,141.80,47.41,141.80,141.80,47.41,141.81,141.81,47.42,141.81,141.81,47.42,141.81,141.81,47.42,141.81,141.81,47.42,141.82,141.82,47.43,141.82,141.82,47.43,141.83,141.83,47.44,141.83,141.83,47.44,141.83,141.83,47.44,141.84,141.84,47.45,141.84,141.84,47.45,141.82,141.82,47.43,141.82,141.82,47.43,141.82,141.82,47.43,141.83,141.83,47.44,141.83,141.83,47.44,141.84,141.84,47.45,141.84,141.84,47.45,141.85,141.85,47.46,141.85,141.85,47.46,141.84,141.84,47.45,141.85,141.85,47.46,141.85,141.85,47.46
{'4228'} com.coocaa.mitee.tv(MB): min(47.39) max(141.85) average(110.36)
{'2429'} com.tianci.de(MB): 134.39,134.39,35.84,134.41,134.41,36.00,134.45,134.45,36.04,134.48,134.48,36.08,134.62,134.62,36.08,134.65,134.65,36.10,134.67,134.67,36.26,134.69,134.69,36.14,134.70,134.70,36.29,134.71,134.71,36.30,134.73,134.73,36.32,134.75,134.75,36.34,134.77,134.77,36.22,134.79,134.79,36.38,134.95,134.95,36.54,132.83,132.83,34.42,132.85,132.85,34.44,132.88,132.88,34.47,132.92,132.92,34.51,132.95,132.95,34.54,132.97,132.97,34.43,132.99,132.99,34.58,133.01,133.01,34.60,133.04,133.04,34.63,133.18,133.18,34.63,133.20,133.20,34.65,133.23,133.23,34.82,133.25,133.25,34.70,133.26,133.26,34.71
{'2429'} com.tianci.de(MB): min(34.42) max(134.95) average(101.05)
{'1763'} com.skyworth.quickcenter(MB): 128.05,128.05,41.63,128.06,128.06,41.64,128.09,128.09,41.67,128.13,128.13,41.71,128.13,128.13,41.71,128.13,128.13,41.71,128.14,128.14,41.72,128.14,128.14,41.72,128.14,128.14,41.72,128.14,128.14,41.72,128.14,128.14,41.73,128.14,128.14,41.73,128.15,128.15,41.73,128.15,128.15,41.73,128.19,128.19,41.77,128.21,128.21,41.79,128.21,128.21,41.79,128.21,128.21,41.80,128.27,128.27,41.85,128.27,128.27,41.85,128.27,128.27,41.85,128.27,128.27,41.85,128.27,128.27,41.85,128.28,128.28,41.86,128.28,128.28,41.86,128.28,128.28,41.86,128.29,128.29,41.87,128.29,128.29,41.87,128.29,128.29,41.87
{'1763'} com.skyworth.quickcenter(MB): min(41.63) max(128.29) average(99.39)
{'4206'} com.skyworth.tv(MB): 126.94,126.94,32.29,126.94,126.94,32.29,127.07,127.07,32.42,127.20,127.20,32.55,127.20,127.20,32.55,127.20,127.20,32.55,127.20,127.20,32.55,127.20,127.20,32.55,127.20,127.20,32.55,127.20,127.20,32.55,127.20,127.20,32.55,127.20,127.20,32.55,127.20,127.20,32.55,127.20,127.20,32.55,127.30,127.30,32.65,127.38,127.38,32.73,127.38,127.38,32.73,126.88,126.88,32.24,127.06,127.06,32.42,127.06,127.06,32.42,127.06,127.06,32.42,127.06,127.06,32.42,127.06,127.06,32.42,127.06,127.06,32.42,127.06,127.06,32.42,127.06,127.06,32.42,127.06,127.06,32.42,127.06,127.06,32.42,127.06,127.06,32.42
{'4206'} com.skyworth.tv(MB): min(32.24) max(127.38) average(95.58)
{'3187'} com.xiaodianshi.tv.yst:stats(MB): 121.93,121.93,41.29,122.08,122.08,41.41,122.08,122.08,41.41,122.08,122.08,41.41,122.08,122.08,41.41,122.09,122.09,41.42,122.09,122.09,41.42,122.09,122.09,41.42,122.09,122.09,41.42,122.09,122.09,41.42,122.09,122.09,41.42,122.09,122.09,41.42,122.09,122.09,41.42,122.09,122.09,41.42,122.09,122.09,41.42,122.09,122.09,41.42,122.09,122.09,41.42,122.09,122.09,41.42,122.10,122.10,41.43,122.10,122.10,41.43,122.10,122.10,41.43,122.10,122.10,41.43,122.10,122.10,41.43,122.10,122.10,41.43,122.10,122.10,41.43,122.10,122.10,41.43,122.10,122.10,41.43,122.10,122.10,41.43,122.10,122.10,41.43
{'3187'} com.xiaodianshi.tv.yst:stats(MB): min(41.29) max(122.1) average(95.2)
{'2574'} com.tianci.de:TianciDaemons(MB): 113.58,113.58,18.46,113.59,113.59,18.46,113.60,113.60,18.48,113.62,113.62,18.49,113.62,113.62,18.49,113.62,113.62,18.50,113.62,113.62,18.50,113.62,113.62,18.50,113.62,113.62,18.50,113.62,113.62,18.50,113.62,113.62,18.50,113.62,113.62,18.50,113.63,113.63,18.50,113.63,113.63,18.50,113.64,113.64,18.52,113.65,113.65,18.53,113.65,113.65,18.53,113.66,113.66,18.53,113.68,113.68,18.55,113.68,113.68,18.55,113.68,113.68,18.55,113.68,113.68,18.56,113.68,113.68,18.56,113.68,113.68,18.56,113.69,113.69,18.56,113.69,113.69,18.56,113.69,113.69,18.56,113.69,113.69,18.56,113.69,113.69,18.57
{'2574'} com.tianci.de:TianciDaemons(MB): min(18.46) max(113.69) average(81.94)
{'3388'} com.coocaa.teampresent(MB): 107.40,107.40,25.17,107.41,107.41,25.17,107.42,107.42,25.19,107.44,107.44,25.21,107.44,107.44,25.21,107.44,107.44,25.21,107.44,107.44,25.21,107.44,107.44,25.21,107.45,107.45,25.21,107.45,107.45,25.21,107.45,107.45,25.21,107.45,107.45,25.22,107.45,107.45,25.22,107.45,107.45,25.22,107.48,107.48,25.25,107.48,107.48,25.25,107.48,107.48,25.25,107.48,107.48,25.25,107.51,107.51,25.28,107.51,107.51,25.28,107.51,107.51,25.28,107.52,107.52,25.28,107.52,107.52,25.28,107.52,107.52,25.29,107.52,107.52,25.29,107.52,107.52,25.29,107.52,107.52,25.29,107.52,107.52,25.29,107.53,107.53,25.29
{'3388'} com.coocaa.teampresent(MB): min(25.17) max(107.53) average(80.06)
{'1285'} com.android.bluetooth(MB): 101.92,101.92,21.07,101.92,101.92,21.07,101.92,101.92,21.07,101.92,101.92,21.06,101.92,101.92,21.07,101.92,101.92,21.07,101.92,101.92,21.07,101.92,101.92,21.07,101.92,101.92,21.07,101.92,101.92,21.07,101.92,101.92,21.07,101.92,101.92,21.07,101.92,101.92,21.07,101.92,101.92,21.07,101.92,101.92,21.07,101.92,101.92,21.07,101.92,101.92,21.07,101.92,101.92,21.07,101.92,101.92,21.07,101.92,101.92,21.07,101.92,101.92,21.07,101.92,101.92,21.07,101.92,101.92,21.07,101.92,101.92,21.07,101.92,101.92,21.07,101.92,101.92,21.07,101.92,101.92,21.07,101.92,101.92,21.07,101.92,101.92,21.07
{'1285'} com.android.bluetooth(MB): min(21.06) max(101.92) average(74.97)
{'6011'} com.tianci.de:cast_detect_process(MB): 100.85,100.85,15.27,100.85,100.85,15.27,100.85,100.85,15.27,100.85,100.85,15.27,100.85,100.85,15.27,100.85,100.85,15.27,100.85,100.85,15.27,100.85,100.85,15.27,100.84,100.84,15.25,100.84,100.84,15.26,100.84,100.84,15.26,100.84,100.84,15.26,100.84,100.84,15.26,100.84,100.84,15.26,100.84,100.84,15.26,100.84,100.84,15.26,100.84,100.84,15.26,100.84,100.84,15.26,100.84,100.84,15.26,100.84,100.84,15.26,100.84,100.84,15.26,100.84,100.84,15.26,100.84,100.84,15.26,100.84,100.84,15.25,100.84,100.84,15.26,100.84,100.84,15.26,100.84,100.84,15.26,100.84,100.84,15.26,100.84,100.84,15.26
{'6011'} com.tianci.de:cast_detect_process(MB): min(15.25) max(100.85) average(72.32)
{'4446'} com.coocaa.mitee.tv:mrelay(MB): 100.46,100.46,18.13,100.46,100.46,18.13,100.46,100.46,18.13,100.46,100.46,18.13,100.46,100.46,18.13,100.46,100.46,18.13,100.46,100.46,18.13,100.46,100.46,18.13,100.46,100.46,18.13,100.46,100.46,18.13,100.46,100.46,18.13,100.46,100.46,18.13,100.46,100.46,18.13,100.46,100.46,18.13,100.46,100.46,18.13,100.46,100.46,18.13,100.46,100.46,18.13,100.46,100.46,18.13,100.46,100.46,18.13,100.46,100.46,18.13,100.46,100.46,18.13,100.46,100.46,18.13,100.46,100.46,18.13,100.46,100.46,18.13,100.46,100.46,18.13,100.46,100.46,18.13,100.46,100.46,18.13,100.46,100.46,18.13,100.46,100.46,18.13
{'4446'} com.coocaa.mitee.tv:mrelay(MB): min(18.13) max(100.46) average(73.02)
{'2389'} com.skyworth.smartcast(MB): 96.84,96.84,14.50,96.85,96.85,14.51,96.86,96.86,14.51,96.87,96.87,14.53,96.88,96.88,14.54,96.88,96.88,14.54,96.88,96.88,14.54,96.89,96.89,14.55,96.89,96.89,14.55,96.89,96.89,14.55,96.89,96.89,14.55,96.89,96.89,14.55,97.13,97.13,14.78,97.13,97.13,14.78,97.16,97.16,14.82,97.16,97.16,14.82,97.16,97.16,14.82,97.18,97.18,14.83,97.20,97.20,14.85,97.21,97.21,14.86,97.21,97.21,14.86,97.21,97.21,14.86,97.21,97.21,14.86,97.21,97.21,14.86,97.22,97.22,14.87,97.22,97.22,14.87,97.23,97.23,14.88,97.23,97.23,14.88,97.23,97.23,14.88
{'2389'} com.skyworth.smartcast(MB): min(14.5) max(97.23) average(69.61)
{'2355'} com.android.providers.media.module(MB): 95.89,95.89,15.29,95.89,95.89,15.29,95.89,95.89,15.29,95.89,95.89,15.29,95.89,95.89,15.29,95.89,95.89,15.29,95.89,95.89,15.29,95.89,95.89,15.29,95.89,95.89,15.29,95.89,95.89,15.29,95.89,95.89,15.29,95.89,95.89,15.29,95.89,95.89,15.29,95.89,95.89,15.29,95.89,95.89,15.29,95.89,95.89,15.29,95.89,95.89,15.29,95.89,95.89,15.29,95.89,95.89,15.29,95.89,95.89,15.29,95.89,95.89,15.29,95.89,95.89,15.29,95.89,95.89,15.29,95.89,95.89,15.29,95.89,95.89,15.29,95.89,95.89,15.29,95.89,95.89,15.29,95.89,95.89,15.29,95.89,95.89,15.29
{'2355'} com.android.providers.media.module(MB): min(15.29) max(95.89) average(69.02)
{'3007'} com.loostone.tuning(MB): 91.63,91.63,11.55,91.63,91.63,11.55,91.63,91.63,11.55,91.63,91.63,11.56,91.63,91.63,11.56,91.63,91.63,11.56,91.63,91.63,11.56,91.63,91.63,11.56,91.63,91.63,11.56,91.63,91.63,11.56,91.63,91.63,11.56,91.64,91.64,11.56,91.64,91.64,11.56,91.64,91.64,11.56,91.64,91.64,11.56,91.64,91.64,11.56,91.64,91.64,11.56,91.64,91.64,11.56,91.64,91.64,11.57,91.64,91.64,11.56,91.64,91.64,11.56,91.64,91.64,11.56,91.64,91.64,11.56,91.64,91.64,11.56,91.64,91.64,11.56,91.64,91.64,11.57,91.64,91.64,11.57,91.64,91.64,11.57,91.64,91.64,11.57
{'3007'} com.loostone.tuning(MB): min(11.55) max(91.64) average(64.94)
{'2036'} com.android.permissioncontroller(MB): 90.54,90.54,15.23,90.54,90.54,15.23,90.54,90.54,15.23,90.54,90.54,15.23,90.54,90.54,15.23,90.54,90.54,15.23,90.54,90.54,15.23,90.54,90.54,15.23,90.54,90.54,15.23,90.54,90.54,15.23,90.54,90.54,15.23,90.54,90.54,15.23,90.54,90.54,15.23,90.54,90.54,15.23,90.54,90.54,15.23,90.54,90.54,15.23,90.54,90.54,15.23,90.54,90.54,15.23,90.54,90.54,15.23,90.54,90.54,15.23,90.54,90.54,15.23,90.54,90.54,15.23,90.54,90.54,15.23,90.54,90.54,15.23,90.54,90.54,15.23,90.54,90.54,15.23,90.54,90.54,15.23,90.54,90.54,15.23,90.54,90.54,15.23
{'2036'} com.android.permissioncontroller(MB): min(15.23) max(90.54) average(65.44)
{'1392'} android.ext.services(MB): 89.34,89.34,10.16,89.34,89.34,10.17,89.34,89.34,10.17,89.34,89.34,10.17,89.34,89.34,10.17,89.34,89.34,10.17,89.34,89.34,10.17,89.34,89.34,10.17,89.34,89.34,10.17,89.34,89.34,10.17,89.34,89.34,10.17,89.34,89.34,10.17,89.34,89.34,10.17,89.34,89.34,10.17,89.34,89.34,10.17,89.34,89.34,10.17,89.34,89.34,10.17,89.34,89.34,10.17,89.34,89.34,10.17,89.34,89.34,10.17,89.34,89.34,10.17,89.34,89.34,10.17,89.34,89.34,10.17,89.34,89.34,10.17,89.34,89.34,10.17,89.34,89.34,10.17,89.34,89.34,10.17,89.34,89.34,10.17,89.34,89.34,10.17
{'1392'} android.ext.services(MB): min(10.16) max(89.34) average(62.95)
{'2661'} android.process.media(MB): 83.66,83.66,9.02,83.66,83.66,9.02,83.66,83.66,9.02,83.66,83.66,9.02,83.66,83.66,9.02,83.66,83.66,9.02,83.66,83.66,9.02,83.66,83.66,9.02,83.66,83.66,9.02,83.66,83.66,9.02,83.66,83.66,9.02,83.66,83.66,9.02,83.66,83.66,9.02,83.66,83.66,9.02,83.66,83.66,9.02,83.66,83.66,9.02,83.66,83.66,9.02,83.66,83.66,9.02,83.66,83.66,9.02,83.66,83.66,9.02,83.66,83.66,9.02,83.66,83.66,9.02,83.66,83.66,9.02,83.66,83.66,9.02,83.66,83.66,9.02,83.66,83.66,9.02,83.66,83.66,9.02,83.66,83.66,9.02,83.66,83.66,9.02
{'2661'} android.process.media(MB): min(9.02) max(83.66) average(58.78)
{'1460'} com.android.providers.calendar(MB): 82.11,82.11,8.04,82.11,82.11,8.04,82.11,82.11,8.04,82.11,82.11,8.04,82.11,82.11,8.04,82.11,82.11,8.04,82.11,82.11,8.04,82.11,82.11,8.04,82.11,82.11,8.04,82.11,82.11,8.04,82.11,82.11,8.04,82.11,82.11,8.04,82.11,82.11,8.04,82.11,82.11,8.04,82.11,82.11,8.04,82.11,82.11,8.04,82.11,82.11,8.04,82.11,82.11,8.04,82.11,82.11,8.04,82.11,82.11,8.04,82.11,82.11,8.04,82.11,82.11,8.04,82.11,82.11,8.04,82.11,82.11,8.04,82.11,82.11,8.04,82.11,82.11,8.04,82.11,82.11,8.04,82.11,82.11,8.04,82.11,82.11,8.04
{'1460'} com.android.providers.calendar(MB): min(8.04) max(82.11) average(57.42)
{'3270'} com.skyworth.microphone(MB): 81.11,81.11,9.68,81.11,81.11,9.68,81.11,81.11,9.68,81.11,81.11,9.68,81.11,81.11,9.68,81.11,81.11,9.68,81.11,81.11,9.68,81.11,81.11,9.68,81.11,81.11,9.68,81.11,81.11,9.68,81.11,81.11,9.68,81.11,81.11,9.68,81.11,81.11,9.68,81.11,81.11,9.68,81.11,81.11,9.68,81.11,81.11,9.68,81.11,81.11,9.68,81.11,81.11,9.68,81.11,81.11,9.68,81.11,81.11,9.68,81.11,81.11,9.68,81.11,81.11,9.68,81.11,81.11,9.68,81.11,81.11,9.68,81.11,81.11,9.68,81.11,81.11,9.68,81.11,81.11,9.68,81.11,81.11,9.68,81.11,81.11,9.68
{'3270'} com.skyworth.microphone(MB): min(9.68) max(81.11) average(57.3)
{'1354'} com.realtek.power(MB): 80.62,80.62,7.33,80.62,80.62,7.33,80.62,80.62,7.33,80.62,80.62,7.33,80.62,80.62,7.33,80.62,80.62,7.33,80.62,80.62,7.33,80.62,80.62,7.33,80.62,80.62,7.33,80.62,80.62,7.33,80.62,80.62,7.33,80.62,80.62,7.33,80.62,80.62,7.33,80.62,80.62,7.33,80.62,80.62,7.33,80.62,80.62,7.33,80.62,80.62,7.33,80.62,80.62,7.33,80.62,80.62,7.33,80.62,80.62,7.33,80.62,80.62,7.33,80.62,80.62,7.33,80.62,80.62,7.33,80.62,80.62,7.33,80.62,80.62,7.33,80.62,80.62,7.33,80.62,80.62,7.33,80.62,80.62,7.33,80.62,80.62,7.33
{'1354'} com.realtek.power(MB): min(7.33) max(80.62) average(56.19)
{'2316'} com.realtek.hw.configprovider(MB): 78.91,78.91,6.88,78.91,78.91,6.88,78.91,78.91,6.88,78.91,78.91,6.88,78.91,78.91,6.88,78.91,78.91,6.88,78.91,78.91,6.88,78.91,78.91,6.88,78.91,78.91,6.88,78.91,78.91,6.88,78.91,78.91,6.88,78.91,78.91,6.88,78.91,78.91,6.88,78.91,78.91,6.88,78.91,78.91,6.88,78.91,78.91,6.88,78.91,78.91,6.88,78.91,78.91,6.88,78.91,78.91,6.88,78.91,78.91,6.88,78.91,78.91,6.88,78.91,78.91,6.88,78.91,78.91,6.88,78.91,78.91,6.88,78.91,78.91,6.88,78.91,78.91,6.88,78.91,78.91,6.88,78.91,78.91,6.88,78.91,78.91,6.88
{'2316'} com.realtek.hw.configprovider(MB): min(6.88) max(78.91) average(54.9)
{'1310'} com.android.se(MB): 78.19,78.19,5.75,78.19,78.19,5.75,78.19,78.19,5.75,78.19,78.19,5.75,78.19,78.19,5.75,78.19,78.19,5.75,78.19,78.19,5.75,78.19,78.19,5.75,78.19,78.19,5.75,78.19,78.19,5.75,78.19,78.19,5.75,78.19,78.19,5.75,78.19,78.19,5.75,78.19,78.19,5.75,78.19,78.19,5.75,78.19,78.19,5.75,78.19,78.19,5.75,78.19,78.19,5.75,78.19,78.19,5.75,78.19,78.19,5.75,78.19,78.19,5.75,78.19,78.19,5.75,78.19,78.19,5.75,78.19,78.19,5.75,78.19,78.19,5.75,78.19,78.19,5.75,78.19,78.19,5.75,78.19,78.19,5.75,78.19,78.19,5.75
{'1310'} com.android.se(MB): min(5.75) max(78.19) average(54.04)
{'3225'} com.android.externalstorage(MB): 78.12,78.12,6.55,78.12,78.12,6.55,78.12,78.12,6.55,78.12,78.12,6.55,78.12,78.12,6.55,78.12,78.12,6.55,78.12,78.12,6.55,78.12,78.12,6.55,78.12,78.12,6.55,78.12,78.12,6.55,78.12,78.12,6.55,78.12,78.12,6.55,78.12,78.12,6.55,78.12,78.12,6.55,78.12,78.12,6.55,78.12,78.12,6.55,78.12,78.12,6.55,78.12,78.12,6.55,78.12,78.12,6.55,78.12,78.12,6.55,78.12,78.12,6.55,78.12,78.12,6.55,78.12,78.12,6.55,78.12,78.12,6.55,78.12,78.12,6.55,78.12,78.12,6.55,78.12,78.12,6.55,78.12,78.12,6.55,78.12,78.12,6.55
{'3225'} com.android.externalstorage(MB): min(6.55) max(78.12) average(54.26)
{'1304'} webview_zygote(MB): 74.07,74.07,12.02,74.07,74.07,12.02,74.07,74.07,12.02,74.07,74.07,12.02,74.07,74.07,12.02,74.07,74.07,12.02,74.07,74.07,12.02,74.07,74.07,12.02,74.07,74.07,12.02,74.07,74.07,12.02,74.07,74.07,12.02,74.07,74.07,12.02,74.07,74.07,12.02,74.07,74.07,12.02,74.07,74.07,12.02,74.07,74.07,12.02,74.07,74.07,12.02,74.07,74.07,12.02,74.07,74.07,12.02,74.07,74.07,12.02,74.07,74.07,12.02,74.07,74.07,12.02,74.07,74.07,12.02,74.07,74.07,12.02,74.07,74.07,12.02,74.07,74.07,12.02,74.07,74.07,12.02,74.07,74.07,12.02,74.07,74.07,12.02
{'1304'} webview_zygote(MB): min(12.02) max(74.07) average(53.39)
{'486'} surfaceflinger(MB): 41.16,41.16,20.65,41.16,41.16,20.65,41.16,41.16,20.65,41.16,41.16,20.65,41.16,41.16,20.65,41.17,41.17,20.65,41.17,41.17,20.65,41.17,41.17,20.65,41.11,41.11,20.59,41.15,41.15,20.63,41.16,41.16,20.64,41.18,41.18,20.66,41.18,41.18,20.66,41.18,41.18,20.66,41.16,41.16,20.64,41.14,41.14,20.62,41.14,41.14,20.63,41.18,41.18,20.66,41.16,41.16,20.64,41.16,41.16,20.64,41.16,41.16,20.64,41.15,41.15,20.64,41.15,41.15,20.64,41.15,41.15,20.63,41.16,41.16,20.64,41.16,41.16,20.64,41.16,41.16,20.64,41.16,41.16,20.64,41.15,41.15,20.64
{'486'} surfaceflinger(MB): min(20.59) max(41.18) average(34.32)
{'386'} android.hardware.audio.service(MB): 31.00,31.00,19.28,31.00,31.00,19.28,31.00,31.00,19.28,31.00,31.00,19.28,31.00,31.00,19.28,31.00,31.00,19.28,31.00,31.00,19.28,31.00,31.00,19.28,31.00,31.00,19.28,31.00,31.00,19.28,31.00,31.00,19.28,31.00,31.00,19.28,31.00,31.00,19.28,31.00,31.00,19.28,31.00,31.00,19.28,31.00,31.00,19.28,31.00,31.00,19.28,31.00,31.00,19.28,31.00,31.00,19.28,31.00,31.00,19.28,31.00,31.00,19.28,31.00,31.00,19.28,31.00,31.00,19.28,31.00,31.00,19.28,31.00,31.00,19.28,31.00,31.00,19.28,31.00,31.00,19.28,31.00,31.00,19.28,31.00,31.00,19.28
{'386'} android.hardware.audio.service(MB): min(19.28) max(31.0) average(27.09)
{'443'} vendor.skyworth.hardware.hwtvbase@1.0-service(MB): 27.58,27.58,17.83,27.59,27.59,17.84,27.59,27.59,17.84,27.59,27.59,17.84,27.59,27.59,17.84,27.59,27.59,17.84,27.59,27.59,17.84,27.59,27.59,17.84,27.59,27.59,17.84,27.59,27.59,17.84,27.59,27.59,17.84,27.59,27.59,17.84,27.59,27.59,17.84,27.59,27.59,17.84,27.50,27.50,17.75,27.51,27.51,17.76,27.51,27.51,17.76,27.52,27.52,17.77,27.53,27.53,17.78,27.53,27.53,17.78,27.53,27.53,17.78,27.53,27.53,17.78,27.53,27.53,17.78,27.53,27.53,17.78,27.53,27.53,17.78,27.53,27.53,17.78,27.53,27.53,17.78,27.53,27.53,17.78,27.53,27.53,17.78
{'443'} vendor.skyworth.hardware.hwtvbase@1.0-service(MB): min(17.75) max(27.59) average(24.31)
{'436'} vendor.realtek.tv@1.0-service(MB): 23.26,23.26,7.43,23.26,23.26,7.43,23.26,23.26,7.43,23.26,23.26,7.43,23.26,23.26,7.43,23.26,23.26,7.43,23.26,23.26,7.43,23.26,23.26,7.43,23.26,23.26,7.43,23.26,23.26,7.43,23.26,23.26,7.43,23.26,23.26,7.43,23.28,23.28,7.45,23.28,23.28,7.45,23.28,23.28,7.45,23.28,23.28,7.45,23.28,23.28,7.45,23.28,23.28,7.45,23.28,23.28,7.45,23.28,23.28,7.45,23.28,23.28,7.45,23.28,23.28,7.45,23.28,23.28,7.45,23.28,23.28,7.45,23.28,23.28,7.45,23.28,23.28,7.45,23.28,23.28,7.45,23.28,23.28,7.45,23.28,23.28,7.45
{'436'} vendor.realtek.tv@1.0-service(MB): min(7.43) max(23.28) average(18.0)
{'649'} tvservice(MB): 23.05,23.05,9.18,23.05,23.05,9.18,23.05,23.05,9.18,23.05,23.05,9.18,23.05,23.05,9.18,23.05,23.05,9.18,23.05,23.05,9.18,23.05,23.05,9.18,23.05,23.05,9.18,23.05,23.05,9.18,23.05,23.05,9.18,23.05,23.05,9.18,23.05,23.05,9.18,23.05,23.05,9.18,23.05,23.05,9.18,23.05,23.05,9.18,23.05,23.05,9.18,23.05,23.05,9.18,23.05,23.05,9.18,23.05,23.05,9.18,23.05,23.05,9.18,23.05,23.05,9.18,23.05,23.05,9.18,23.05,23.05,9.18,23.05,23.05,9.18,23.05,23.05,9.18,23.05,23.05,9.18,23.05,23.05,9.18,23.05,23.05,9.18
{'649'} tvservice(MB): min(9.18) max(23.05) average(18.43)
{'449'} audioserver(MB): 22.34,22.34,10.33,22.34,22.34,10.33,22.34,22.34,10.33,22.34,22.34,10.33,22.34,22.34,10.32,22.34,22.34,10.33,22.34,22.34,10.33,22.34,22.34,10.33,22.34,22.34,10.33,22.34,22.34,10.33,22.34,22.34,10.33,22.34,22.34,10.33,22.34,22.34,10.33,22.34,22.34,10.33,22.34,22.34,10.33,22.34,22.34,10.33,22.34,22.34,10.33,22.34,22.34,10.33,22.34,22.34,10.33,22.34,22.34,10.33,22.34,22.34,10.32,22.34,22.34,10.33,22.34,22.34,10.33,22.34,22.34,10.33,22.34,22.34,10.33,22.34,22.34,10.33,22.34,22.34,10.33,22.34,22.34,10.33,22.34,22.34,10.33
{'449'} audioserver(MB): min(10.32) max(22.34) average(18.34)
{'442'} vendor.skyworth.hardware.hwtv@1.0-service(MB): 21.84,21.84,12.03,21.84,21.84,12.04,21.84,21.84,12.04,21.84,21.84,12.04,21.84,21.84,12.04,21.84,21.84,12.04,21.84,21.84,12.04,21.84,21.84,12.04,21.84,21.84,12.04,21.84,21.84,12.04,21.84,21.84,12.04,21.84,21.84,12.04,21.84,21.84,12.04,21.84,21.84,12.04,21.85,21.85,12.04,21.85,21.85,12.04,21.85,21.85,12.04,21.85,21.85,12.04,21.85,21.85,12.04,21.85,21.85,12.04,21.85,21.85,12.04,21.85,21.85,12.04,21.85,21.85,12.04,21.85,21.85,12.04,21.85,21.85,12.04,21.85,21.85,12.04,21.85,21.85,12.04,21.85,21.85,12.04,21.85,21.85,12.04
{'442'} vendor.skyworth.hardware.hwtv@1.0-service(MB): min(12.03) max(21.85) average(18.58)
{'558'} media.extractor(MB): 21.05,21.05,6.33,21.05,21.05,6.33,21.05,21.05,6.33,21.05,21.05,6.33,21.05,21.05,6.33,21.05,21.05,6.33,21.05,21.05,6.33,21.05,21.05,6.33,21.05,21.05,6.33,21.05,21.05,6.33,21.05,21.05,6.33,21.05,21.05,6.33,21.05,21.05,6.33,21.05,21.05,6.33,21.05,21.05,6.33,21.05,21.05,6.33,21.05,21.05,6.33,21.05,21.05,6.33,21.05,21.05,6.33,21.05,21.05,6.33,21.05,21.05,6.33,21.05,21.05,6.33,21.05,21.05,6.33,21.05,21.05,6.33,21.05,21.05,6.33,21.05,21.05,6.33,21.05,21.05,6.33,21.05,21.05,6.33,21.05,21.05,6.33
{'558'} media.extractor(MB): min(6.33) max(21.05) average(16.14)
{'495'} DhcpClientd(MB): 20.55,20.55,6.12,20.55,20.55,6.12,20.55,20.55,6.12,20.55,20.55,6.12,20.55,20.55,6.12,20.55,20.55,6.12,20.55,20.55,6.12,20.55,20.55,6.12,20.55,20.55,6.12,20.55,20.55,6.12,20.55,20.55,6.12,20.55,20.55,6.12,20.55,20.55,6.12,20.55,20.55,6.12,20.55,20.55,6.12,20.55,20.55,6.12,20.55,20.55,6.12,20.55,20.55,6.12,20.55,20.55,6.12,20.55,20.55,6.12,20.55,20.55,6.11,20.55,20.55,6.12,20.55,20.55,6.12,20.55,20.55,6.12,20.55,20.55,6.12,20.55,20.55,6.12,20.55,20.55,6.12,20.55,20.55,6.12,20.55,20.55,6.12
{'495'} DhcpClientd(MB): min(6.11) max(20.55) average(15.74)
{'603'} mediaserver(MB): 20.46,20.46,5.82,20.46,20.46,5.82,20.46,20.46,5.82,20.46,20.46,5.82,20.46,20.46,5.82,20.46,20.46,5.82,20.46,20.46,5.82,20.46,20.46,5.82,20.46,20.46,5.82,20.46,20.46,5.82,20.46,20.46,5.82,20.46,20.46,5.82,20.46,20.46,5.82,20.46,20.46,5.82,20.46,20.46,5.82,20.46,20.46,5.82,20.46,20.46,5.82,20.46,20.46,5.82,20.46,20.46,5.82,20.46,20.46,5.82,20.46,20.46,5.82,20.46,20.46,5.82,20.46,20.46,5.82,20.46,20.46,5.82,20.46,20.46,5.82,20.46,20.46,5.82,20.46,20.46,5.82,20.46,20.46,5.82,20.46,20.46,5.82
{'603'} mediaserver(MB): min(5.82) max(20.46) average(15.58)
{'544'} cameraserver(MB): 20.16,20.16,7.64,20.16,20.16,7.64,20.16,20.16,7.64,20.16,20.16,7.64,20.16,20.16,7.64,20.16,20.16,7.64,20.16,20.16,7.64,20.16,20.16,7.64,20.16,20.16,7.64,20.16,20.16,7.64,20.16,20.16,7.64,20.16,20.16,7.64,20.16,20.16,7.64,20.16,20.16,7.64,20.16,20.16,7.64,20.16,20.16,7.64,20.16,20.16,7.64,20.16,20.16,7.64,20.16,20.16,7.64,20.16,20.16,7.64,20.16,20.16,7.64,20.16,20.16,7.64,20.16,20.16,7.64,20.16,20.16,7.64,20.16,20.16,7.64,20.16,20.16,7.64,20.16,20.16,7.64,20.16,20.16,7.64,20.16,20.16,7.64
{'544'} cameraserver(MB): min(7.64) max(20.16) average(15.99)
{'414'} android.hardware.media.c2@1.2-rtk-service(MB): 19.17,19.17,7.33,19.17,19.17,7.33,19.17,19.17,7.33,19.17,19.17,7.33,19.17,19.17,7.33,19.17,19.17,7.33,19.17,19.17,7.33,19.17,19.17,7.33,19.17,19.17,7.33,19.17,19.17,7.33,19.17,19.17,7.33,19.17,19.17,7.33,19.17,19.17,7.33,19.17,19.17,7.33,19.17,19.17,7.33,19.17,19.17,7.33,19.17,19.17,7.33,19.17,19.17,7.33,19.17,19.17,7.33,19.17,19.17,7.33,19.17,19.17,7.33,19.17,19.17,7.33,19.17,19.17,7.33,19.17,19.17,7.33,19.17,19.17,7.33,19.17,19.17,7.33,19.17,19.17,7.33,19.17,19.17,7.33,19.17,19.17,7.33
{'414'} android.hardware.media.c2@1.2-rtk-service(MB): min(7.33) max(19.17) average(15.22)
{'432'} vendor.realtek.media@1.0-service(MB): 18.76,18.76,6.31,18.76,18.76,6.31,18.76,18.76,6.31,18.76,18.76,6.31,18.76,18.76,6.31,18.76,18.76,6.31,18.76,18.76,6.31,18.76,18.76,6.31,18.76,18.76,6.31,18.76,18.76,6.31,18.76,18.76,6.31,18.76,18.76,6.31,18.76,18.76,6.31,18.76,18.76,6.31,18.76,18.76,6.31,18.76,18.76,6.31,18.76,18.76,6.31,18.76,18.76,6.31,18.76,18.76,6.31,18.76,18.76,6.31,18.76,18.76,6.31,18.76,18.76,6.31,18.76,18.76,6.31,18.76,18.76,6.31,18.76,18.76,6.31,18.76,18.76,6.31,18.76,18.76,6.31,18.76,18.76,6.31,18.76,18.76,6.31
{'432'} vendor.realtek.media@1.0-service(MB): min(6.31) max(18.76) average(14.61)
{'659'} media.swcodec(MB): 17.87,17.87,8.01,17.87,17.87,8.01,17.87,17.87,8.01,17.87,17.87,8.01,17.87,17.87,8.01,17.87,17.87,8.01,17.87,17.87,8.01,17.87,17.87,8.01,17.87,17.87,8.01,17.87,17.87,8.01,17.87,17.87,8.01,17.87,17.87,8.01,17.87,17.87,8.01,17.87,17.87,8.01,17.87,17.87,8.01,17.87,17.87,8.01,17.87,17.87,8.01,17.87,17.87,8.01,17.87,17.87,8.01,17.87,17.87,8.01,17.87,17.87,8.01,17.87,17.87,8.01,17.87,17.87,8.01,17.87,17.87,8.01,17.87,17.87,8.01,17.87,17.87,8.01,17.87,17.87,8.01,17.87,17.87,8.01,17.87,17.87,8.01
{'659'} media.swcodec(MB): min(8.01) max(17.87) average(14.58)
{'406'} android.hardware.graphics.composer-rtk@2.4-service(MB): 16.43,16.43,5.14,16.43,16.43,5.14,16.43,16.43,5.14,16.43,16.43,5.14,16.43,16.43,5.14,16.43,16.43,5.14,16.43,16.43,5.14,16.43,16.43,5.14,16.42,16.42,5.14,16.43,16.43,5.14,16.43,16.43,5.14,16.42,16.42,5.14,16.43,16.43,5.14,16.43,16.43,5.14,16.43,16.43,5.14,16.43,16.43,5.14,16.43,16.43,5.14,16.43,16.43,5.14,16.43,16.43,5.14,16.43,16.43,5.14,16.43,16.43,5.14,16.43,16.43,5.14,16.43,16.43,5.14,16.43,16.43,5.14,16.43,16.43,5.14,16.43,16.43,5.14,16.43,16.43,5.14,16.43,16.43,5.14,16.43,16.43,5.14
{'406'} android.hardware.graphics.composer-rtk@2.4-service(MB): min(5.14) max(16.43) average(12.67)
{'5218'} adbd(MB): 14.16,14.16,10.53,15.15,15.15,11.53,15.15,15.15,11.53,15.16,15.16,11.53,15.15,15.15,11.53,15.15,15.15,11.53,15.15,15.15,11.53,15.15,15.15,11.53,15.15,15.15,11.53,15.15,15.15,11.53,15.15,15.15,11.53,15.15,15.15,11.53,15.15,15.15,11.53,15.15,15.15,11.53,14.17,14.17,10.54,15.15,15.15,11.53,15.16,15.16,11.54,15.15,15.15,11.53,14.16,14.16,10.53,15.16,15.16,11.53,15.15,15.15,11.53,15.15,15.15,11.53,15.15,15.15,11.53,15.15,15.15,11.53,16.16,16.16,12.53,15.15,15.15,11.53,15.15,15.15,11.53,15.15,15.15,11.53,15.15,15.15,11.53
{'5218'} adbd(MB): min(10.53) max(16.16) average(13.88)
{'607'} mediatuner(MB): 13.43,13.43,3.98,13.43,13.43,3.98,13.43,13.43,3.98,13.43,13.43,3.98,13.43,13.43,3.98,13.43,13.43,3.98,13.43,13.43,3.98,13.43,13.43,3.98,13.43,13.43,3.98,13.43,13.43,3.98,13.43,13.43,3.98,13.43,13.43,3.98,13.43,13.43,3.98,13.43,13.43,3.98,13.43,13.43,3.98,13.43,13.43,3.98,13.43,13.43,3.98,13.43,13.43,3.98,13.43,13.43,3.98,13.43,13.43,3.98,13.43,13.43,3.98,13.43,13.43,3.98,13.43,13.43,3.98,13.43,13.43,3.98,13.43,13.43,3.98,13.43,13.43,3.98,13.43,13.43,3.98,13.43,13.43,3.98,13.43,13.43,3.98
{'607'} mediatuner(MB): min(3.98) max(13.43) average(10.28)
{'309'} vendor.skyworth.hardware.hwdevice@1.0-service(MB): 13.29,13.29,4.38,13.29,13.29,4.38,13.29,13.29,4.38,13.29,13.29,4.38,13.29,13.29,4.38,13.29,13.29,4.38,13.29,13.29,4.38,13.29,13.29,4.38,13.29,13.29,4.38,13.29,13.29,4.38,13.29,13.29,4.38,13.29,13.29,4.38,13.29,13.29,4.38,13.29,13.29,4.38,13.29,13.29,4.38,13.29,13.29,4.38,13.29,13.29,4.38,13.29,13.29,4.38,13.29,13.29,4.38,13.29,13.29,4.38,13.29,13.29,4.38,13.29,13.29,4.38,13.29,13.29,4.38,13.29,13.29,4.38,13.29,13.29,4.38,13.29,13.29,4.38,13.29,13.29,4.38,13.29,13.29,4.38,13.29,13.29,4.38
{'309'} vendor.skyworth.hardware.hwdevice@1.0-service(MB): min(4.38) max(13.29) average(10.32)
{'619'} media.codec(MB): 12.37,12.37,3.34,12.37,12.37,3.34,12.37,12.37,3.34,12.37,12.37,3.34,12.37,12.37,3.34,12.37,12.37,3.34,12.37,12.37,3.34,12.37,12.37,3.34,12.37,12.37,3.34,12.37,12.37,3.34,12.37,12.37,3.34,12.37,12.37,3.34,12.37,12.37,3.34,12.37,12.37,3.34,12.37,12.37,3.34,12.37,12.37,3.34,12.37,12.37,3.34,12.37,12.37,3.34,12.37,12.37,3.34,12.37,12.37,3.34,12.37,12.37,3.34,12.37,12.37,3.34,12.37,12.37,3.34,12.37,12.37,3.34,12.37,12.37,3.34,12.37,12.37,3.34,12.37,12.37,3.34,12.37,12.37,3.34,12.37,12.37,3.34
{'619'} media.codec(MB): min(3.34) max(12.37) average(9.36)
{'439'} vendor.skyworth.hardware.hwpanelUsb@1.0-service(MB): 11.99,11.99,3.43,11.99,11.99,3.43,11.99,11.99,3.43,11.99,11.99,3.43,11.99,11.99,3.43,11.99,11.99,3.43,11.99,11.99,3.43,11.99,11.99,3.43,11.99,11.99,3.43,11.99,11.99,3.43,11.99,11.99,3.43,11.99,11.99,3.43,11.99,11.99,3.43,11.99,11.99,3.43,11.99,11.99,3.43,11.99,11.99,3.43,11.99,11.99,3.43,11.99,11.99,3.43,11.99,11.99,3.43,11.99,11.99,3.43,11.99,11.99,3.43,11.99,11.99,3.43,11.99,11.99,3.43,11.99,11.99,3.43,11.99,11.99,3.43,11.99,11.99,3.43,11.99,11.99,3.43,11.99,11.99,3.43,11.99,11.99,3.43
{'439'} vendor.skyworth.hardware.hwpanelUsb@1.0-service(MB): min(3.43) max(11.99) average(9.14)
{'302'} keystore2(MB): 11.02,11.02,4.26,11.02,11.02,4.26,11.02,11.02,4.26,11.02,11.02,4.26,11.02,11.02,4.26,11.02,11.02,4.26,11.02,11.02,4.26,11.02,11.02,4.26,11.02,11.02,4.26,11.02,11.02,4.26,11.02,11.02,4.26,11.02,11.02,4.26,11.02,11.02,4.26,11.02,11.02,4.26,11.02,11.02,4.26,11.02,11.02,4.26,11.02,11.02,4.26,11.02,11.02,4.26,11.02,11.02,4.26,11.02,11.02,4.26,11.02,11.02,4.26,11.02,11.02,4.26,11.02,11.02,4.26,11.02,11.02,4.26,11.02,11.02,4.26,11.02,11.02,4.26,11.02,11.02,4.26,11.02,11.02,4.26,11.02,11.02,4.26
{'302'} keystore2(MB): min(4.26) max(11.02) average(8.77)
{'445'} vendor.skyworth.hardware.screenrecord@1.0-service(MB): 10.47,10.47,2.65,10.47,10.47,2.65,10.47,10.47,2.65,10.47,10.47,2.65,10.47,10.47,2.65,10.47,10.47,2.65,10.47,10.47,2.65,10.47,10.47,2.65,10.47,10.47,2.65,10.47,10.47,2.65,10.47,10.47,2.65,10.47,10.47,2.65,10.47,10.47,2.65,10.47,10.47,2.65,10.47,10.47,2.65,10.47,10.47,2.65,10.47,10.47,2.65,10.47,10.47,2.65,10.47,10.47,2.65,10.47,10.47,2.65,10.47,10.47,2.65,10.47,10.47,2.65,10.47,10.47,2.65,10.47,10.47,2.65,10.47,10.47,2.65,10.47,10.47,2.65,10.47,10.47,2.65,10.47,10.47,2.65,10.47,10.47,2.65
{'445'} vendor.skyworth.hardware.screenrecord@1.0-service(MB): min(2.65) max(10.47) average(7.86)
{'624'} audioserver_sky(MB): 9.63,9.63,2.62,9.63,9.63,2.62,9.63,9.63,2.62,9.63,9.63,2.62,9.63,9.63,2.62,9.63,9.63,2.62,9.63,9.63,2.62,9.63,9.63,2.62,9.63,9.63,2.62,9.63,9.63,2.62,9.63,9.63,2.62,9.63,9.63,2.62,9.63,9.63,2.62,9.63,9.63,2.62,9.63,9.63,2.62,9.63,9.63,2.62,9.63,9.63,2.62,9.63,9.63,2.62,9.63,9.63,2.62,9.63,9.63,2.62,9.63,9.63,2.62,9.63,9.63,2.62,9.63,9.63,2.62,9.63,9.63,2.62,9.63,9.63,2.62,9.63,9.63,2.62,9.63,9.63,2.62,9.63,9.63,2.62,9.63,9.63,2.62
{'624'} audioserver_sky(MB): min(2.62) max(9.63) average(7.29)
{'367'} netd(MB): 9.55,9.55,4.41,9.55,9.55,4.41,9.55,9.55,4.41,9.55,9.55,4.41,9.55,9.55,4.41,9.55,9.55,4.41,9.55,9.55,4.41,9.55,9.55,4.41,9.55,9.55,4.41,9.55,9.55,4.41,9.56,9.56,4.41,9.56,9.56,4.41,9.56,9.56,4.41,9.56,9.56,4.41,9.56,9.56,4.41,9.56,9.56,4.41,9.56,9.56,4.41,9.56,9.56,4.41,9.56,9.56,4.41,9.56,9.56,4.41,9.56,9.56,4.41,9.56,9.56,4.41,9.56,9.56,4.42,9.56,9.56,4.42,9.56,9.56,4.42,9.56,9.56,4.42,9.56,9.56,4.42,9.56,9.56,4.42,9.56,9.56,4.42
{'367'} netd(MB): min(4.41) max(9.56) average(7.84)
{'226', '1'} init(MB): 9.55,6.53,9.55,6.53,5.09,2.52,9.55,6.53,9.55,6.53,5.09,2.52,9.55,6.53,9.55,6.53,5.09,2.52,9.55,6.53,9.55,6.53,5.09,2.52,9.55,6.53,9.55,6.53,5.09,2.52,9.55,6.53,9.55,6.53,5.09,2.52,9.55,6.53,9.55,6.53,5.09,2.52,9.55,6.53,9.55,6.53,5.09,2.52,9.55,6.53,9.55,6.53,5.09,2.52,9.55,6.53,9.55,6.53,5.09,2.52,9.55,6.53,9.55,6.53,5.09,2.52,9.55,6.53,9.55,6.53,5.09,2.52,9.55,6.53,9.55,6.53,5.09,2.52,9.55,6.53,9.55,6.53,5.09,2.52,9.55,6.53,9.55,6.53,5.09,2.52,9.55,6.53,9.55,6.53,5.09,2.52,9.55,6.53,9.55,6.53,5.09,2.52,9.55,6.53,9.55,6.53,5.09,2.52,9.55,6.53,9.55,6.53,5.09,2.52,9.55,6.53,9.55,6.53,5.09,2.52,9.55,6.53,9.55,6.53,5.09,2.52,9.55,6.53,9.55,6.53,5.09,2.52,9.55,6.53,9.55,6.53,5.09,2.52,9.55,6.53,9.55,6.53,5.09,2.52,9.55,6.53,9.55,6.53,5.09,2.52,9.55,6.53,9.55,6.53,5.09,2.52,9.55,6.53,9.55,6.53,5.09,2.52,9.55,6.53,9.55,6.53,5.09,2.52,9.55,6.53,9.55,6.53,5.09,2.52
{'226', '1'} init(MB): min(2.52) max(9.55) average(6.63)
{'419'} android.hardware.tv.cec@1.0-service(MB): 9.53,9.53,2.17,9.53,9.53,2.17,9.53,9.53,2.17,9.53,9.53,2.17,9.53,9.53,2.17,9.53,9.53,2.17,9.53,9.53,2.17,9.53,9.53,2.17,9.53,9.53,2.17,9.53,9.53,2.17,9.53,9.53,2.17,9.53,9.53,2.17,9.53,9.53,2.17,9.53,9.53,2.17,9.53,9.53,2.17,9.53,9.53,2.17,9.53,9.53,2.17,9.53,9.53,2.17,9.53,9.53,2.17,9.53,9.53,2.17,9.53,9.53,2.17,9.53,9.53,2.17,9.53,9.53,2.17,9.53,9.53,2.17,9.53,9.53,2.17,9.53,9.53,2.17,9.53,9.53,2.17,9.53,9.53,2.17,9.53,9.53,2.17
{'419'} android.hardware.tv.cec@1.0-service(MB): min(2.17) max(9.53) average(7.08)
{'654'} vscserver(MB): 8.89,8.89,2.26,8.89,8.89,2.26,8.89,8.89,2.26,8.89,8.89,2.26,8.89,8.89,2.26,8.89,8.89,2.26,8.89,8.89,2.26,8.89,8.89,2.26,8.89,8.89,2.26,8.89,8.89,2.26,8.89,8.89,2.26,8.89,8.89,2.26,8.89,8.89,2.26,8.89,8.89,2.26,8.89,8.89,2.26,8.89,8.89,2.26,8.89,8.89,2.26,8.89,8.89,2.26,8.89,8.89,2.26,8.89,8.89,2.26,8.89,8.89,2.26,8.89,8.89,2.26,8.89,8.89,2.26,8.89,8.89,2.26,8.89,8.89,2.26,8.89,8.89,2.26,8.89,8.89,2.26,8.89,8.89,2.26,8.89,8.89,2.26
{'654'} vscserver(MB): min(2.26) max(8.89) average(6.68)
{'308'} rtkd(MB): 8.86,8.86,2.08,8.86,8.86,2.08,8.86,8.86,2.08,8.86,8.86,2.08,8.86,8.86,2.08,8.86,8.86,2.08,8.86,8.86,2.08,8.86,8.86,2.08,8.86,8.86,2.08,8.86,8.86,2.08,8.86,8.86,2.08,8.86,8.86,2.08,8.86,8.86,2.08,8.86,8.86,2.08,8.86,8.86,2.08,8.86,8.86,2.08,8.86,8.86,2.08,8.86,8.86,2.08,8.86,8.86,2.08,8.86,8.86,2.08,8.86,8.86,2.08,8.86,8.86,2.08,8.86,8.86,2.08,8.86,8.86,2.08,8.86,8.86,2.08,8.86,8.86,2.08,8.86,8.86,2.08,8.86,8.86,2.08,8.86,8.86,2.08
{'308'} rtkd(MB): min(2.08) max(8.86) average(6.6)
{'1419'} wpa_supplicant(MB): 8.61,8.61,4.10,8.61,8.61,4.10,8.61,8.61,4.10,8.61,8.61,4.10,8.61,8.61,4.10,8.61,8.61,4.10,8.61,8.61,4.10,8.61,8.61,4.10,8.61,8.61,4.10,8.61,8.61,4.10,8.60,8.60,4.09,8.60,8.60,4.09,8.60,8.60,4.09,8.60,8.60,4.09,8.60,8.60,4.09,8.60,8.60,4.09,8.60,8.60,4.09,8.60,8.60,4.09,8.60,8.60,4.09,8.60,8.60,4.09,8.60,8.60,4.09,8.61,8.61,4.10,8.61,8.61,4.10,8.61,8.61,4.10,8.61,8.61,4.10,8.61,8.61,4.10,8.61,8.61,4.10,8.61,8.61,4.10,8.61,8.61,4.10
{'1419'} wpa_supplicant(MB): min(4.09) max(8.61) average(7.1)
{'400'} android.hardware.drm-service.widevine(MB): 7.68,7.68,3.50,7.68,7.68,3.50,7.68,7.68,3.50,7.68,7.68,3.50,7.68,7.68,3.50,7.68,7.68,3.50,7.68,7.68,3.50,7.68,7.68,3.50,7.68,7.68,3.50,7.68,7.68,3.50,7.68,7.68,3.50,7.68,7.68,3.50,7.68,7.68,3.50,7.68,7.68,3.50,7.68,7.68,3.50,7.68,7.68,3.50,7.68,7.68,3.50,7.68,7.68,3.50,7.68,7.68,3.50,7.68,7.68,3.50,7.68,7.68,3.50,7.68,7.68,3.50,7.68,7.68,3.50,7.68,7.68,3.50,7.68,7.68,3.50,7.68,7.68,3.50,7.68,7.68,3.50,7.68,7.68,3.50,7.68,7.68,3.50
{'400'} android.hardware.drm-service.widevine(MB): min(3.5) max(7.68) average(6.29)
{'421'} android.hardware.tv.input@1.0-service(MB): 7.21,7.21,1.29,7.21,7.21,1.29,7.21,7.21,1.29,7.21,7.21,1.29,7.21,7.21,1.29,7.21,7.21,1.29,7.21,7.21,1.29,7.21,7.21,1.29,7.21,7.21,1.29,7.21,7.21,1.29,7.21,7.21,1.29,7.21,7.21,1.29,7.21,7.21,1.29,7.21,7.21,1.29,7.21,7.21,1.29,7.21,7.21,1.29,7.21,7.21,1.29,7.21,7.21,1.29,7.21,7.21,1.29,7.21,7.21,1.29,7.21,7.21,1.29,7.21,7.21,1.29,7.21,7.21,1.29,7.21,7.21,1.29,7.21,7.21,1.29,7.21,7.21,1.29,7.21,7.21,1.29,7.21,7.21,1.29,7.21,7.21,1.29
{'421'} android.hardware.tv.input@1.0-service(MB): min(1.29) max(7.21) average(5.24)
{'1222'} android.hardware.wifi@1.0-service-lazy(MB): 7.13,7.13,4.02,7.13,7.13,4.02,7.13,7.13,4.02,7.13,7.13,4.02,7.13,7.13,4.02,7.13,7.13,4.02,7.13,7.13,4.02,7.13,7.13,4.02,7.13,7.13,4.02,7.13,7.13,4.02,7.13,7.13,4.02,7.13,7.13,4.02,7.13,7.13,4.02,7.13,7.13,4.02,7.13,7.13,4.02,7.13,7.13,4.02,7.13,7.13,4.02,7.13,7.13,4.02,7.13,7.13,4.02,7.13,7.13,4.02,7.13,7.13,4.02,7.13,7.13,4.02,7.13,7.13,4.02,7.13,7.13,4.02,7.13,7.13,4.02,7.13,7.13,4.02,7.13,7.13,4.02,7.13,7.13,4.02,7.13,7.13,4.02
{'1222'} android.hardware.wifi@1.0-service-lazy(MB): min(4.02) max(7.13) average(6.09)
{'253'} vold(MB): 6.96,6.96,2.41,6.96,6.96,2.41,6.96,6.96,2.41,6.96,6.96,2.41,6.96,6.96,2.41,6.96,6.96,2.41,6.96,6.96,2.41,6.96,6.96,2.41,6.96,6.96,2.41,6.96,6.96,2.41,6.96,6.96,2.41,6.96,6.96,2.41,6.96,6.96,2.41,6.96,6.96,2.41,6.96,6.96,2.41,6.96,6.96,2.41,6.96,6.96,2.41,6.96,6.96,2.41,6.96,6.96,2.41,6.96,6.96,2.41,6.96,6.96,2.41,6.96,6.96,2.41,6.96,6.96,2.41,6.96,6.96,2.41,6.96,6.96,2.41,6.96,6.96,2.41,6.96,6.96,2.41,6.96,6.96,2.41,6.96,6.96,2.41
{'253'} vold(MB): min(2.41) max(6.96) average(5.44)
{'402'} android.hardware.graphics.allocator@4.0-service(MB): 6.86,6.86,1.70,6.86,6.86,1.70,6.86,6.86,1.70,6.86,6.86,1.70,6.86,6.86,1.70,6.86,6.86,1.70,6.86,6.86,1.70,6.86,6.86,1.70,6.86,6.86,1.70,6.86,6.86,1.70,6.86,6.86,1.70,6.86,6.86,1.70,6.86,6.86,1.70,6.86,6.86,1.70,6.87,6.87,1.70,6.87,6.87,1.70,6.87,6.87,1.70,6.87,6.87,1.70,6.87,6.87,1.70,6.87,6.87,1.70,6.87,6.87,1.70,6.87,6.87,1.70,6.87,6.87,1.70,6.87,6.87,1.70,6.87,6.87,1.70,6.87,6.87,1.70,6.87,6.87,1.70,6.87,6.87,1.70,6.87,6.87,1.70
{'402'} android.hardware.graphics.allocator@4.0-service(MB): min(1.7) max(6.87) average(5.14)
{'307'} android.hardware.power-service.realtek(MB): 6.72,6.72,1.22,6.72,6.72,1.22,6.72,6.72,1.22,6.72,6.72,1.22,6.72,6.72,1.22,6.72,6.72,1.22,6.72,6.72,1.22,6.72,6.72,1.22,6.72,6.72,1.22,6.72,6.72,1.22,6.72,6.72,1.22,6.72,6.72,1.22,6.72,6.72,1.22,6.72,6.72,1.22,6.72,6.72,1.22,6.72,6.72,1.22,6.72,6.72,1.22,6.72,6.72,1.22,6.72,6.72,1.22,6.72,6.72,1.22,6.72,6.72,1.22,6.72,6.72,1.22,6.72,6.72,1.22,6.72,6.72,1.22,6.72,6.72,1.22,6.72,6.72,1.22,6.72,6.72,1.22,6.72,6.72,1.22,6.72,6.72,1.22
{'307'} android.hardware.power-service.realtek(MB): min(1.22) max(6.72) average(4.89)
{'562'} media.metrics(MB): 6.71,6.71,2.17,6.71,6.71,2.17,6.71,6.71,2.17,6.72,6.72,2.18,6.72,6.72,2.18,6.72,6.72,2.18,6.72,6.72,2.18,6.72,6.72,2.18,6.72,6.72,2.18,6.72,6.72,2.18,6.72,6.72,2.18,6.72,6.72,2.18,6.72,6.72,2.18,6.72,6.72,2.18,6.73,6.73,2.19,6.73,6.73,2.19,6.73,6.73,2.19,6.73,6.73,2.19,6.73,6.73,2.19,6.73,6.73,2.19,6.73,6.73,2.19,6.73,6.73,2.19,6.73,6.73,2.19,6.73,6.73,2.19,6.73,6.73,2.19,6.73,6.73,2.19,6.73,6.73,2.19,6.73,6.73,2.19,6.73,6.73,2.19
{'562'} media.metrics(MB): min(2.17) max(6.73) average(5.21)
{'228'} ueventd(MB): 6.62,6.62,2.65,6.62,6.62,2.65,6.62,6.62,2.65,6.62,6.62,2.65,6.62,6.62,2.65,6.62,6.62,2.65,6.62,6.62,2.65,6.62,6.62,2.65,6.62,6.62,2.65,6.62,6.62,2.65,6.62,6.62,2.65,6.62,6.62,2.65,6.62,6.62,2.65,6.62,6.62,2.65,6.62,6.62,2.65,6.62,6.62,2.65,6.62,6.62,2.65,6.62,6.62,2.65,6.62,6.62,2.65,6.62,6.62,2.65,6.62,6.62,2.65,6.62,6.62,2.65,6.62,6.62,2.65,6.62,6.62,2.65,6.62,6.62,2.65,6.62,6.62,2.65,6.62,6.62,2.65,6.62,6.62,2.65,6.62,6.62,2.65
{'228'} ueventd(MB): min(2.65) max(6.62) average(5.3)
{'399'} android.hardware.drm-service.playready(MB): 6.27,6.27,1.94,6.27,6.27,1.94,6.27,6.27,1.94,6.27,6.27,1.94,6.27,6.27,1.94,6.27,6.27,1.94,6.27,6.27,1.94,6.27,6.27,1.94,6.27,6.27,1.94,6.27,6.27,1.94,6.27,6.27,1.94,6.27,6.27,1.94,6.27,6.27,1.94,6.27,6.27,1.94,6.27,6.27,1.94,6.27,6.27,1.94,6.27,6.27,1.94,6.27,6.27,1.94,6.27,6.27,1.94,6.27,6.27,1.94,6.27,6.27,1.94,6.27,6.27,1.94,6.27,6.27,1.94,6.27,6.27,1.94,6.27,6.27,1.94,6.27,6.27,1.94,6.27,6.27,1.94,6.27,6.27,1.94,6.27,6.27,1.94
{'399'} android.hardware.drm-service.playready(MB): min(1.94) max(6.27) average(4.83)
{'255'} android.hardware.security.keymint-rtk-service(MB): 6.25,6.25,1.75,6.25,6.25,1.75,6.25,6.25,1.75,6.25,6.25,1.75,6.25,6.25,1.75,6.25,6.25,1.75,6.25,6.25,1.75,6.25,6.25,1.75,6.25,6.25,1.75,6.25,6.25,1.75,6.25,6.25,1.75,6.25,6.25,1.75,6.25,6.25,1.75,6.25,6.25,1.75,6.25,6.25,1.75,6.25,6.25,1.75,6.25,6.25,1.75,6.25,6.25,1.75,6.25,6.25,1.75,6.25,6.25,1.75,6.25,6.25,1.75,6.25,6.25,1.75,6.25,6.25,1.75,6.25,6.25,1.75,6.25,6.25,1.75,6.25,6.25,1.75,6.25,6.25,1.75,6.25,6.25,1.75,6.25,6.25,1.75
{'255'} android.hardware.security.keymint-rtk-service(MB): min(1.75) max(6.25) average(4.75)
{'455'} credstore(MB): 6.25,6.25,1.88,6.25,6.25,1.88,6.25,6.25,1.88,6.25,6.25,1.88,6.25,6.25,1.87,6.25,6.25,1.88,6.25,6.25,1.88,6.25,6.25,1.88,6.25,6.25,1.88,6.25,6.25,1.88,6.25,6.25,1.88,6.25,6.25,1.88,6.25,6.25,1.88,6.25,6.25,1.88,6.25,6.25,1.88,6.25,6.25,1.88,6.25,6.25,1.88,6.25,6.25,1.88,6.25,6.25,1.88,6.25,6.25,1.88,6.25,6.25,1.87,6.25,6.25,1.88,6.25,6.25,1.88,6.25,6.25,1.88,6.25,6.25,1.88,6.25,6.25,1.88,6.25,6.25,1.88,6.25,6.25,1.88,6.25,6.25,1.88
{'455'} credstore(MB): min(1.87) max(6.25) average(4.79)
{'485'} gpuservice(MB): 6.20,6.20,1.84,6.20,6.20,1.84,6.20,6.20,1.84,6.20,6.20,1.84,6.20,6.20,1.84,6.20,6.20,1.84,6.20,6.20,1.84,6.20,6.20,1.84,6.20,6.20,1.84,6.20,6.20,1.84,6.20,6.20,1.84,6.20,6.20,1.84,6.20,6.20,1.84,6.20,6.20,1.84,6.20,6.20,1.84,6.20,6.20,1.84,6.20,6.20,1.84,6.20,6.20,1.84,6.20,6.20,1.84,6.20,6.20,1.84,6.20,6.20,1.84,6.20,6.20,1.84,6.20,6.20,1.84,6.20,6.20,1.84,6.20,6.20,1.84,6.20,6.20,1.84,6.20,6.20,1.84,6.20,6.20,1.84,6.20,6.20,1.84
{'485'} gpuservice(MB): min(1.84) max(6.2) average(4.75)
{'239'} logd(MB): 6.18,6.18,3.32,6.16,6.16,3.29,6.11,6.11,3.24,6.13,6.13,3.26,6.13,6.13,3.26,6.12,6.12,3.25,6.13,6.13,3.26,6.13,6.13,3.26,6.12,6.12,3.25,6.11,6.11,3.25,6.12,6.12,3.25,6.12,6.12,3.25,6.13,6.13,3.26,6.13,6.13,3.26,6.10,6.10,3.23,6.10,6.10,3.23,6.10,6.10,3.23,6.10,6.10,3.23,6.12,6.12,3.25,6.11,6.11,3.25,6.10,6.10,3.23,6.11,6.11,3.24,6.09,6.09,3.23,6.14,6.14,3.27,6.15,6.15,3.28,6.15,6.15,3.28,6.17,6.17,3.30,6.17,6.17,3.30,6.17,6.17,3.30
{'239'} logd(MB): min(3.23) max(6.18) average(5.17)
{'613'} wificond(MB): 6.15,6.15,2.15,6.15,6.15,2.15,6.15,6.15,2.15,6.15,6.15,2.15,6.15,6.15,2.15,6.15,6.15,2.15,6.15,6.15,2.15,6.15,6.15,2.15,6.15,6.15,2.15,6.15,6.15,2.15,6.15,6.15,2.15,6.15,6.15,2.14,6.15,6.15,2.15,6.15,6.15,2.15,6.15,6.15,2.15,6.15,6.15,2.15,6.15,6.15,2.15,6.15,6.15,2.15,6.15,6.15,2.15,6.15,6.15,2.15,6.15,6.15,2.15,6.15,6.15,2.15,6.15,6.15,2.15,6.15,6.15,2.15,6.15,6.15,2.15,6.15,6.15,2.15,6.15,6.15,2.15,6.15,6.15,2.15,6.15,6.15,2.15
{'613'} wificond(MB): min(2.14) max(6.15) average(4.82)
{'438'} vendor.skyworth.hardware.hwem@1.0-service(MB): 5.93,5.93,1.34,5.93,5.93,1.34,5.93,5.93,1.34,5.93,5.93,1.34,5.93,5.93,1.34,5.93,5.93,1.34,5.93,5.93,1.34,5.93,5.93,1.34,5.93,5.93,1.34,5.93,5.93,1.34,5.93,5.93,1.34,5.93,5.93,1.34,5.93,5.93,1.34,5.93,5.93,1.34,5.93,5.93,1.34,5.93,5.93,1.34,5.93,5.93,1.34,5.93,5.93,1.34,5.93,5.93,1.34,5.93,5.93,1.34,5.93,5.93,1.34,5.93,5.93,1.34,5.93,5.93,1.34,5.93,5.93,1.34,5.93,5.93,1.34,5.93,5.93,1.34,5.93,5.93,1.34,5.93,5.93,1.34,5.93,5.93,1.34
{'438'} vendor.skyworth.hardware.hwem@1.0-service(MB): min(1.34) max(5.93) average(4.4)
{'552'} installd(MB): 5.83,5.83,1.93,5.83,5.83,1.93,5.83,5.83,1.93,5.83,5.83,1.93,5.83,5.83,1.93,5.83,5.83,1.93,5.83,5.83,1.93,5.83,5.83,1.93,5.83,5.83,1.93,5.83,5.83,1.93,5.83,5.83,1.93,5.83,5.83,1.93,5.83,5.83,1.93,5.83,5.83,1.93,5.83,5.83,1.93,5.83,5.83,1.93,5.83,5.83,1.93,5.83,5.83,1.93,5.83,5.83,1.93,5.83,5.83,1.93,5.83,5.83,1.93,5.83,5.83,1.93,5.83,5.83,1.93,5.83,5.83,1.93,5.83,5.83,1.93,5.83,5.83,1.93,5.83,5.83,1.93,5.83,5.83,1.93,5.83,5.83,1.93
{'552'} installd(MB): min(1.93) max(5.83) average(4.53)
{'417'} android.hardware.thermal@2.0-service.realtek(MB): 5.25,5.25,1.35,5.25,5.25,1.35,5.25,5.25,1.35,5.25,5.25,1.35,5.25,5.25,1.35,5.25,5.25,1.35,5.25,5.25,1.35,5.25,5.25,1.35,5.25,5.25,1.35,5.25,5.25,1.35,5.25,5.25,1.35,5.25,5.25,1.35,5.25,5.25,1.35,5.25,5.25,1.35,5.25,5.25,1.35,5.25,5.25,1.35,5.25,5.25,1.35,5.25,5.25,1.35,5.25,5.25,1.35,5.25,5.25,1.35,5.25,5.25,1.35,5.25,5.25,1.35,5.25,5.25,1.35,5.25,5.25,1.35,5.25,5.25,1.35,5.25,5.25,1.35,5.25,5.25,1.35,5.25,5.25,1.35,5.25,5.25,1.35
{'417'} android.hardware.thermal@2.0-service.realtek(MB): min(1.35) max(5.25) average(3.95)
{'389'} android.hardware.drm-service.clearkey(MB): 5.16,5.16,1.00,5.16,5.16,1.00,5.16,5.16,1.00,5.16,5.16,1.00,5.16,5.16,1.00,5.16,5.16,1.00,5.16,5.16,1.00,5.16,5.16,1.00,5.16,5.16,1.00,5.16,5.16,1.00,5.16,5.16,1.00,5.16,5.16,1.00,5.16,5.16,1.00,5.16,5.16,1.00,5.16,5.16,1.00,5.16,5.16,1.00,5.16,5.16,1.00,5.16,5.16,1.00,5.16,5.16,1.00,5.16,5.16,1.00,5.16,5.16,1.00,5.16,5.16,1.00,5.16,5.16,1.00,5.16,5.16,1.00,5.16,5.16,1.00,5.16,5.16,1.00,5.16,5.16,1.00,5.16,5.16,1.00,5.16,5.16,1.00
{'389'} android.hardware.drm-service.clearkey(MB): min(1.0) max(5.16) average(3.77)
{'242'} hwservicemanager(MB): 5.13,5.13,1.32,5.13,5.13,1.32,5.13,5.13,1.32,5.13,5.13,1.32,5.13,5.13,1.32,5.13,5.13,1.32,5.13,5.13,1.32,5.13,5.13,1.32,5.13,5.13,1.32,5.13,5.13,1.32,5.13,5.13,1.32,5.13,5.13,1.32,5.13,5.13,1.32,5.13,5.13,1.32,5.13,5.13,1.32,5.13,5.13,1.32,5.13,5.13,1.32,5.13,5.13,1.32,5.13,5.13,1.32,5.13,5.13,1.32,5.13,5.13,1.32,5.13,5.13,1.32,5.13,5.13,1.32,5.13,5.13,1.32,5.13,5.13,1.32,5.13,5.13,1.32,5.13,5.13,1.32,5.13,5.13,1.32,5.13,5.13,1.32
{'242'} hwservicemanager(MB): min(1.32) max(5.13) average(3.86)
{'398'} android.hardware.drm-service.mgkid(MB): 5.10,5.10,0.89,5.10,5.10,0.89,5.10,5.10,0.89,5.10,5.10,0.89,5.10,5.10,0.89,5.10,5.10,0.89,5.10,5.10,0.89,5.10,5.10,0.89,5.10,5.10,0.89,5.10,5.10,0.89,5.10,5.10,0.89,5.10,5.10,0.89,5.10,5.10,0.89,5.10,5.10,0.89,5.10,5.10,0.89,5.10,5.10,0.89,5.10,5.10,0.89,5.10,5.10,0.89,5.10,5.10,0.89,5.10,5.10,0.89,5.10,5.10,0.89,5.10,5.10,0.89,5.10,5.10,0.89,5.10,5.10,0.89,5.10,5.10,0.89,5.10,5.10,0.89,5.10,5.10,0.89,5.10,5.10,0.89,5.10,5.10,0.89
{'398'} android.hardware.drm-service.mgkid(MB): min(0.89) max(5.1) average(3.7)
{'433'} vendor.realtek.rtkconfigs@1.0-service(MB): 5.00,5.00,1.25,5.00,5.00,1.25,5.00,5.00,1.25,5.00,5.00,1.25,5.00,5.00,1.25,5.00,5.00,1.25,5.00,5.00,1.25,5.00,5.00,1.25,5.00,5.00,1.25,5.00,5.00,1.25,5.00,5.00,1.25,5.00,5.00,1.25,5.00,5.00,1.25,5.00,5.00,1.25,5.00,5.00,1.25,5.00,5.00,1.25,5.00,5.00,1.25,5.00,5.00,1.25,5.00,5.00,1.25,5.00,5.00,1.25,5.00,5.00,1.25,5.00,5.00,1.25,5.00,5.00,1.25,5.00,5.00,1.25,5.00,5.00,1.25,5.00,5.00,1.25,5.00,5.00,1.25,5.00,5.00,1.25,5.00,5.00,1.25
{'433'} vendor.realtek.rtkconfigs@1.0-service(MB): min(1.25) max(5.0) average(3.75)
{'529'} drmserver(MB): 4.98,4.98,1.04,4.98,4.98,1.04,4.98,4.98,1.04,4.98,4.98,1.04,4.98,4.98,1.04,4.98,4.98,1.04,4.98,4.98,1.04,4.98,4.98,1.04,4.98,4.98,1.04,4.98,4.98,1.04,4.98,4.98,1.04,4.98,4.98,1.04,4.98,4.98,1.04,4.98,4.98,1.04,4.98,4.98,1.04,4.98,4.98,1.04,4.98,4.98,1.04,4.98,4.98,1.04,4.98,4.98,1.04,4.98,4.98,1.04,4.98,4.98,1.03,4.98,4.98,1.04,4.98,4.98,1.04,4.98,4.98,1.04,4.98,4.98,1.04,4.98,4.98,1.04,4.98,4.98,1.04,4.98,4.98,1.04,4.98,4.98,1.04
{'529'} drmserver(MB): min(1.03) max(4.98) average(3.67)
{'608'} storaged(MB): 4.92,4.92,1.43,4.92,4.92,1.43,4.92,4.92,1.43,4.92,4.92,1.43,4.92,4.92,1.43,4.92,4.92,1.43,4.92,4.92,1.43,4.92,4.92,1.43,4.92,4.92,1.43,4.92,4.92,1.43,4.92,4.92,1.43,4.92,4.92,1.43,4.92,4.92,1.43,4.92,4.92,1.43,4.92,4.92,1.43,4.92,4.92,1.43,4.92,4.92,1.43,4.92,4.92,1.43,4.92,4.92,1.43,4.92,4.92,1.43,4.92,4.92,1.43,4.92,4.92,1.43,4.92,4.92,1.43,4.92,4.92,1.43,4.92,4.92,1.43,4.92,4.92,1.43,4.92,4.92,1.43,4.92,4.92,1.43,4.92,4.92,1.43
{'608'} storaged(MB): min(1.43) max(4.92) average(3.76)
{'635'} securetimeservice(MB): 4.84,4.84,0.93,4.84,4.84,0.93,4.84,4.84,0.93,4.84,4.84,0.93,4.84,4.84,0.93,4.84,4.84,0.93,4.84,4.84,0.93,4.84,4.84,0.93,4.84,4.84,0.93,4.84,4.84,0.93,4.84,4.84,0.93,4.84,4.84,0.93,4.84,4.84,0.93,4.84,4.84,0.93,4.84,4.84,0.93,4.84,4.84,0.93,4.84,4.84,0.93,4.84,4.84,0.93,4.84,4.84,0.93,4.84,4.84,0.93,4.84,4.84,0.93,4.84,4.84,0.93,4.84,4.84,0.93,4.84,4.84,0.93,4.84,4.84,0.93,4.84,4.84,0.93,4.84,4.84,0.93,4.84,4.84,0.93,4.84,4.84,0.93
{'635'} securetimeservice(MB): min(0.93) max(4.84) average(3.54)
{'663'} gatekeeperd(MB): 4.77,4.77,0.93,4.77,4.77,0.93,4.77,4.77,0.93,4.77,4.77,0.93,4.77,4.77,0.93,4.77,4.77,0.93,4.77,4.77,0.93,4.77,4.77,0.93,4.77,4.77,0.93,4.77,4.77,0.93,4.77,4.77,0.93,4.77,4.77,0.93,4.77,4.77,0.93,4.77,4.77,0.93,4.77,4.77,0.93,4.77,4.77,0.93,4.77,4.77,0.93,4.77,4.77,0.93,4.77,4.77,0.93,4.77,4.77,0.93,4.77,4.77,0.93,4.77,4.77,0.93,4.77,4.77,0.93,4.77,4.77,0.93,4.77,4.77,0.93,4.77,4.77,0.93,4.77,4.77,0.93,4.77,4.77,0.93,4.77,4.77,0.93
{'663'} gatekeeperd(MB): min(0.93) max(4.77) average(3.49)
{'366'} statsd(MB): 4.73,4.73,1.82,4.73,4.73,1.82,4.73,4.73,1.82,4.73,4.73,1.82,4.73,4.73,1.82,4.73,4.73,1.82,4.73,4.73,1.82,4.73,4.73,1.82,4.73,4.73,1.82,4.73,4.73,1.82,4.73,4.73,1.82,4.73,4.73,1.82,4.73,4.73,1.82,4.73,4.73,1.82,4.73,4.73,1.82,4.73,4.73,1.82,4.73,4.73,1.82,4.73,4.73,1.82,4.73,4.73,1.82,4.73,4.73,1.82,4.73,4.73,1.82,4.73,4.73,1.82,4.73,4.73,1.82,4.73,4.73,1.82,4.73,4.73,1.82,4.73,4.73,1.82,4.73,4.73,1.82,4.73,4.73,1.82,4.73,4.73,1.82
{'366'} statsd(MB): min(1.82) max(4.73) average(3.76)
{'435'} vendor.realtek.system@1.0-service(MB): 4.73,4.73,1.06,4.73,4.73,1.06,4.73,4.73,1.06,4.73,4.73,1.06,4.73,4.73,1.06,4.73,4.73,1.06,4.73,4.73,1.06,4.73,4.73,1.06,4.73,4.73,1.06,4.73,4.73,1.06,4.73,4.73,1.06,4.73,4.73,1.06,4.73,4.73,1.06,4.73,4.73,1.06,4.73,4.73,1.06,4.73,4.73,1.06,4.73,4.73,1.06,4.73,4.73,1.06,4.73,4.73,1.06,4.73,4.73,1.06,4.73,4.73,1.06,4.73,4.73,1.06,4.73,4.73,1.06,4.73,4.73,1.06,4.73,4.73,1.06,4.73,4.73,1.06,4.73,4.73,1.06,4.73,4.73,1.06,4.73,4.73,1.06
{'435'} vendor.realtek.system@1.0-service(MB): min(1.06) max(4.73) average(3.51)
{'388'} android.hardware.cas@1.2-service(MB): 4.70,4.70,1.24,4.70,4.70,1.24,4.70,4.70,1.24,4.70,4.70,1.24,4.70,4.70,1.24,4.70,4.70,1.24,4.70,4.70,1.24,4.70,4.70,1.24,4.70,4.70,1.24,4.70,4.70,1.24,4.70,4.70,1.24,4.70,4.70,1.24,4.70,4.70,1.24,4.70,4.70,1.24,4.70,4.70,1.24,4.70,4.70,1.24,4.70,4.70,1.24,4.70,4.70,1.24,4.70,4.70,1.24,4.70,4.70,1.24,4.70,4.70,1.24,4.70,4.70,1.24,4.70,4.70,1.24,4.70,4.70,1.24,4.70,4.70,1.24,4.70,4.70,1.24,4.70,4.70,1.24,4.70,4.70,1.24,4.70,4.70,1.24
{'388'} android.hardware.cas@1.2-service(MB): min(1.24) max(4.7) average(3.55)
{'413'} android.hardware.health-service.example(MB): 4.68,4.68,0.92,4.68,4.68,0.92,4.68,4.68,0.92,4.68,4.68,0.92,4.68,4.68,0.92,4.68,4.68,0.92,4.68,4.68,0.92,4.68,4.68,0.92,4.68,4.68,0.92,4.68,4.68,0.92,4.68,4.68,0.92,4.68,4.68,0.92,4.68,4.68,0.92,4.68,4.68,0.92,4.68,4.68,0.92,4.68,4.68,0.92,4.68,4.68,0.92,4.68,4.68,0.92,4.68,4.68,0.92,4.68,4.68,0.92,4.68,4.68,0.92,4.68,4.68,0.92,4.68,4.68,0.92,4.68,4.68,0.92,4.68,4.68,0.92,4.68,4.68,0.92,4.68,4.68,0.92,4.68,4.68,0.92,4.68,4.68,0.92
{'413'} android.hardware.health-service.example(MB): min(0.92) max(4.68) average(3.43)
{'416'} android.hardware.skywifi-service(MB): 4.64,4.64,0.81,4.64,4.64,0.81,4.64,4.64,0.81,4.64,4.64,0.81,4.64,4.64,0.81,4.64,4.64,0.81,4.64,4.64,0.81,4.64,4.64,0.81,4.64,4.64,0.81,4.64,4.64,0.81,4.64,4.64,0.81,4.64,4.64,0.81,4.64,4.64,0.81,4.64,4.64,0.81,4.64,4.64,0.81,4.64,4.64,0.81,4.64,4.64,0.81,4.64,4.64,0.81,4.64,4.64,0.81,4.64,4.64,0.81,4.64,4.64,0.81,4.64,4.64,0.81,4.64,4.64,0.81,4.64,4.64,0.81,4.64,4.64,0.81,4.64,4.64,0.81,4.64,4.64,0.81,4.64,4.64,0.81,4.64,4.64,0.81
{'416'} android.hardware.skywifi-service(MB): min(0.81) max(4.64) average(3.36)
{'236'} prng_seeder(MB): 4.63,4.63,1.93,4.63,4.63,1.93,4.63,4.63,1.93,4.63,4.63,1.93,4.63,4.63,1.93,4.63,4.63,1.93,4.63,4.63,1.93,4.63,4.63,1.93,4.63,4.63,1.93,4.63,4.63,1.93,4.63,4.63,1.93,4.63,4.63,1.93,4.63,4.63,1.93,4.63,4.63,1.93,4.63,4.63,1.93,4.63,4.63,1.93,4.63,4.63,1.93,4.63,4.63,1.93,4.63,4.63,1.93,4.63,4.63,1.93,4.63,4.63,1.93,4.63,4.63,1.93,4.63,4.63,1.93,4.63,4.63,1.93,4.63,4.63,1.93,4.63,4.63,1.93,4.63,4.63,1.93,4.63,4.63,1.93,4.63,4.63,1.93
{'236'} prng_seeder(MB): min(1.93) max(4.63) average(3.73)
{'430'} vendor.realtek.hwconfigmanager@1.0-service(MB): 4.63,4.63,0.84,4.63,4.63,0.84,4.63,4.63,0.84,4.63,4.63,0.84,4.63,4.63,0.84,4.63,4.63,0.84,4.63,4.63,0.84,4.63,4.63,0.84,4.63,4.63,0.84,4.63,4.63,0.84,4.63,4.63,0.84,4.63,4.63,0.84,4.63,4.63,0.84,4.63,4.63,0.84,4.63,4.63,0.84,4.63,4.63,0.84,4.63,4.63,0.84,4.63,4.63,0.84,4.63,4.63,0.84,4.63,4.63,0.84,4.63,4.63,0.84,4.63,4.63,0.84,4.63,4.63,0.84,4.63,4.63,0.84,4.63,4.63,0.84,4.63,4.63,0.84,4.63,4.63,0.84,4.63,4.63,0.84,4.63,4.63,0.84
{'430'} vendor.realtek.hwconfigmanager@1.0-service(MB): min(0.84) max(4.63) average(3.37)
{'390'} android.hardware.drm-service.hdcp2(MB): 4.52,4.52,0.79,4.52,4.52,0.79,4.52,4.52,0.79,4.52,4.52,0.79,4.52,4.52,0.79,4.52,4.52,0.79,4.52,4.52,0.79,4.52,4.52,0.79,4.52,4.52,0.79,4.52,4.52,0.79,4.52,4.52,0.79,4.52,4.52,0.79,4.52,4.52,0.79,4.52,4.52,0.79,4.52,4.52,0.79,4.52,4.52,0.79,4.52,4.52,0.79,4.52,4.52,0.79,4.52,4.52,0.79,4.52,4.52,0.79,4.52,4.52,0.79,4.52,4.52,0.79,4.52,4.52,0.79,4.52,4.52,0.79,4.52,4.52,0.79,4.52,4.52,0.79,4.52,4.52,0.79,4.52,4.52,0.79,4.52,4.52,0.79
{'390'} android.hardware.drm-service.hdcp2(MB): min(0.79) max(4.52) average(3.28)
{'401'} android.hardware.gatekeeper@1.0-service(MB): 4.50,4.50,0.85,4.50,4.50,0.85,4.50,4.50,0.85,4.50,4.50,0.85,4.50,4.50,0.85,4.50,4.50,0.85,4.50,4.50,0.85,4.50,4.50,0.85,4.50,4.50,0.85,4.50,4.50,0.85,4.50,4.50,0.85,4.50,4.50,0.85,4.50,4.50,0.85,4.50,4.50,0.85,4.50,4.50,0.85,4.50,4.50,0.85,4.50,4.50,0.85,4.50,4.50,0.85,4.50,4.50,0.85,4.50,4.50,0.85,4.50,4.50,0.85,4.50,4.50,0.85,4.50,4.50,0.85,4.50,4.50,0.85,4.50,4.50,0.85,4.50,4.50,0.85,4.50,4.50,0.85,4.50,4.50,0.85,4.50,4.50,0.85
{'401'} android.hardware.gatekeeper@1.0-service(MB): min(0.85) max(4.5) average(3.28)
{'415'} android.hardware.skybt-service(MB): 4.50,4.50,0.74,4.50,4.50,0.74,4.50,4.50,0.74,4.50,4.50,0.74,4.50,4.50,0.74,4.50,4.50,0.74,4.50,4.50,0.74,4.50,4.50,0.74,4.50,4.50,0.74,4.50,4.50,0.74,4.50,4.50,0.74,4.50,4.50,0.74,4.50,4.50,0.74,4.50,4.50,0.74,4.50,4.50,0.74,4.50,4.50,0.74,4.50,4.50,0.74,4.50,4.50,0.74,4.50,4.50,0.74,4.50,4.50,0.74,4.50,4.50,0.74,4.50,4.50,0.74,4.50,4.50,0.74,4.50,4.50,0.74,4.50,4.50,0.74,4.50,4.50,0.74,4.50,4.50,0.74,4.50,4.50,0.74,4.50,4.50,0.74
{'415'} android.hardware.skybt-service(MB): min(0.74) max(4.5) average(3.25)
{'422'} android.hardware.lights-service.realtek(MB): 4.45,4.45,0.74,4.45,4.45,0.74,4.45,4.45,0.74,4.45,4.45,0.74,4.45,4.45,0.74,4.45,4.45,0.74,4.45,4.45,0.74,4.45,4.45,0.74,4.45,4.45,0.74,4.45,4.45,0.74,4.45,4.45,0.74,4.45,4.45,0.74,4.45,4.45,0.74,4.45,4.45,0.74,4.45,4.45,0.74,4.45,4.45,0.74,4.45,4.45,0.74,4.45,4.45,0.74,4.45,4.45,0.74,4.45,4.45,0.74,4.45,4.45,0.74,4.45,4.45,0.74,4.45,4.45,0.74,4.45,4.45,0.74,4.45,4.45,0.74,4.45,4.45,0.74,4.45,4.45,0.74,4.45,4.45,0.74,4.45,4.45,0.74
{'422'} android.hardware.lights-service.realtek(MB): min(0.74) max(4.45) average(3.21)
{'241'} servicemanager(MB): 4.40,4.40,1.22,4.40,4.40,1.22,4.40,4.40,1.22,4.40,4.40,1.22,4.40,4.40,1.22,4.40,4.40,1.22,4.40,4.40,1.22,4.40,4.40,1.22,4.40,4.40,1.22,4.40,4.40,1.22,4.40,4.40,1.22,4.40,4.40,1.22,4.40,4.40,1.22,4.40,4.40,1.22,4.40,4.40,1.22,4.40,4.40,1.22,4.40,4.40,1.22,4.40,4.40,1.22,4.40,4.40,1.22,4.40,4.40,1.22,4.40,4.40,1.22,4.40,4.40,1.22,4.40,4.40,1.22,4.40,4.40,1.22,4.40,4.40,1.22,4.40,4.40,1.22,4.40,4.40,1.22,4.40,4.40,1.22,4.40,4.40,1.22
{'241'} servicemanager(MB): min(1.22) max(4.4) average(3.34)
{'301'} android.system.suspend@1.0-service(MB): 4.31,4.31,1.13,4.31,4.31,1.13,4.31,4.31,1.13,4.31,4.31,1.13,4.31,4.31,1.13,4.31,4.31,1.13,4.31,4.31,1.13,4.31,4.31,1.13,4.31,4.31,1.13,4.31,4.31,1.13,4.31,4.31,1.13,4.31,4.31,1.13,4.31,4.31,1.13,4.31,4.31,1.13,4.31,4.31,1.13,4.31,4.31,1.13,4.31,4.31,1.13,4.31,4.31,1.13,4.31,4.31,1.13,4.31,4.31,1.13,4.31,4.31,1.13,4.31,4.31,1.13,4.31,4.31,1.13,4.31,4.31,1.13,4.31,4.31,1.13,4.31,4.31,1.13,4.31,4.31,1.13,4.31,4.31,1.13,4.31,4.31,1.13
{'301'} android.system.suspend@1.0-service(MB): min(1.13) max(4.31) average(3.25)
{'547'} incidentd(MB): 4.31,4.31,1.01,4.31,4.31,1.01,4.31,4.31,1.01,4.31,4.31,1.01,4.31,4.31,1.01,4.31,4.31,1.01,4.31,4.31,1.01,4.31,4.31,1.01,4.31,4.31,1.01,4.31,4.31,1.01,4.31,4.31,1.01,4.31,4.31,1.01,4.31,4.31,1.01,4.31,4.31,1.01,4.31,4.31,1.01,4.31,4.31,1.01,4.31,4.31,1.01,4.31,4.31,1.01,4.31,4.31,1.01,4.31,4.31,1.01,4.31,4.31,1.01,4.31,4.31,1.01,4.31,4.31,1.01,4.31,4.31,1.01,4.31,4.31,1.01,4.31,4.31,1.01,4.31,4.31,1.01,4.31,4.31,1.01,4.31,4.31,1.01
{'547'} incidentd(MB): min(1.01) max(4.31) average(3.21)
{'387'} android.hardware.bluetooth@1.1-service(MB): 4.30,4.30,1.25,4.30,4.30,1.25,4.30,4.30,1.25,4.30,4.30,1.25,4.30,4.30,1.25,4.30,4.30,1.25,4.30,4.30,1.25,4.30,4.30,1.25,4.30,4.30,1.25,4.30,4.30,1.25,4.30,4.30,1.25,4.30,4.30,1.25,4.30,4.30,1.25,4.30,4.30,1.25,4.30,4.30,1.25,4.30,4.30,1.25,4.30,4.30,1.25,4.30,4.30,1.25,4.30,4.30,1.25,4.30,4.30,1.25,4.30,4.30,1.25,4.30,4.30,1.25,4.30,4.30,1.25,4.30,4.30,1.25,4.30,4.30,1.25,4.30,4.30,1.25,4.30,4.30,1.25,4.30,4.30,1.25,4.30,4.30,1.25
{'387'} android.hardware.bluetooth@1.1-service(MB): min(1.25) max(4.3) average(3.28)
{'426'} vendor.realtek.dongled@1.0-service(MB): 4.30,4.30,0.95,4.30,4.30,0.95,4.30,4.30,0.95,4.30,4.30,0.95,4.30,4.30,0.95,4.30,4.30,0.95,4.30,4.30,0.95,4.30,4.30,0.95,4.30,4.30,0.95,4.30,4.30,0.95,4.30,4.30,0.95,4.30,4.30,0.95,4.30,4.30,0.95,4.30,4.30,0.95,4.30,4.30,0.95,4.30,4.30,0.95,4.30,4.30,0.95,4.30,4.30,0.95,4.30,4.30,0.95,4.30,4.30,0.95,4.30,4.30,0.95,4.30,4.30,0.95,4.30,4.30,0.95,4.30,4.30,0.95,4.30,4.30,0.95,4.30,4.30,0.95,4.30,4.30,0.95,4.30,4.30,0.95,4.30,4.30,0.95
{'426'} vendor.realtek.dongled@1.0-service(MB): min(0.95) max(4.3) average(3.18)
{'1011'} VirtualEvent(MB): 3.93,3.93,1.86,3.93,3.93,1.86,3.93,3.93,1.86,3.93,3.93,1.86,3.93,3.93,1.86,3.93,3.93,1.86,3.93,3.93,1.86,3.93,3.93,1.86,3.93,3.93,1.86,3.93,3.93,1.86,3.93,3.93,1.86,3.93,3.93,1.86,3.93,3.93,1.86,3.93,3.93,1.86,3.93,3.93,1.86,3.93,3.93,1.86,3.93,3.93,1.86,3.93,3.93,1.86,3.93,3.93,1.86,3.93,3.93,1.86,3.93,3.93,1.86,3.93,3.93,1.86,3.93,3.93,1.86,3.93,3.93,1.86,3.93,3.93,1.86,3.93,3.93,1.86,3.93,3.93,1.86,3.93,3.93,1.86,3.93,3.93,1.86
{'1011'} VirtualEvent(MB): min(1.86) max(3.93) average(3.24)
{'424'} android.hardware.power.stats-service.example(MB): 3.88,3.88,0.71,3.88,3.88,0.71,3.88,3.88,0.71,3.88,3.88,0.71,3.88,3.88,0.71,3.88,3.88,0.71,3.88,3.88,0.71,3.88,3.88,0.71,3.88,3.88,0.71,3.88,3.88,0.71,3.88,3.88,0.71,3.88,3.88,0.71,3.88,3.88,0.71,3.88,3.88,0.71,3.88,3.88,0.71,3.88,3.88,0.71,3.88,3.88,0.71,3.88,3.88,0.71,3.88,3.88,0.71,3.88,3.88,0.71,3.88,3.88,0.71,3.88,3.88,0.71,3.88,3.88,0.71,3.88,3.88,0.71,3.88,3.88,0.71,3.88,3.88,0.71,3.88,3.88,0.71,3.88,3.88,0.71,3.88,3.88,0.71
{'424'} android.hardware.power.stats-service.example(MB): min(0.71) max(3.88) average(2.82)
{'243'} vndservicemanager(MB): 3.86,3.86,0.72,3.86,3.86,0.72,3.86,3.86,0.72,3.86,3.86,0.72,3.86,3.86,0.72,3.86,3.86,0.72,3.86,3.86,0.72,3.86,3.86,0.72,3.86,3.86,0.72,3.86,3.86,0.72,3.86,3.86,0.72,3.86,3.86,0.72,3.86,3.86,0.72,3.86,3.86,0.72,3.86,3.86,0.72,3.86,3.86,0.72,3.86,3.86,0.72,3.86,3.86,0.72,3.86,3.86,0.72,3.86,3.86,0.72,3.86,3.86,0.72,3.86,3.86,0.72,3.86,3.86,0.72,3.86,3.86,0.72,3.86,3.86,0.72,3.86,3.86,0.72,3.86,3.86,0.72,3.86,3.86,0.72,3.86,3.86,0.72
{'243'} vndservicemanager(MB): min(0.72) max(3.86) average(2.81)
{'423'} android.hardware.memtrack-service.example(MB): 3.75,3.75,0.65,3.75,3.75,0.65,3.75,3.75,0.65,3.75,3.75,0.65,3.75,3.75,0.65,3.75,3.75,0.65,3.75,3.75,0.65,3.75,3.75,0.65,3.75,3.75,0.65,3.75,3.75,0.65,3.75,3.75,0.65,3.75,3.75,0.65,3.75,3.75,0.65,3.75,3.75,0.65,3.75,3.75,0.65,3.75,3.75,0.65,3.75,3.75,0.65,3.75,3.75,0.65,3.75,3.75,0.65,3.75,3.75,0.65,3.75,3.75,0.65,3.75,3.75,0.65,3.75,3.75,0.65,3.75,3.75,0.65,3.75,3.75,0.65,3.75,3.75,0.65,3.75,3.75,0.65,3.75,3.75,0.65,3.75,3.75,0.65
{'423'} android.hardware.memtrack-service.example(MB): min(0.65) max(3.75) average(2.72)
{'303'} android.hardware.atrace@1.0-service(MB): 3.71,3.71,0.69,3.71,3.71,0.69,3.71,3.71,0.69,3.71,3.71,0.69,3.71,3.71,0.69,3.71,3.71,0.69,3.71,3.71,0.69,3.71,3.71,0.69,3.71,3.71,0.69,3.71,3.71,0.69,3.71,3.71,0.69,3.71,3.71,0.69,3.71,3.71,0.69,3.71,3.71,0.69,3.71,3.71,0.69,3.71,3.71,0.69,3.71,3.71,0.69,3.71,3.71,0.69,3.71,3.71,0.69,3.71,3.71,0.69,3.71,3.71,0.69,3.71,3.71,0.69,3.71,3.71,0.69,3.71,3.71,0.69,3.71,3.71,0.69,3.71,3.71,0.69,3.71,3.71,0.69,3.71,3.71,0.69,3.71,3.71,0.69
{'303'} android.hardware.atrace@1.0-service(MB): min(0.69) max(3.71) average(2.7)
{'626'} cuscontrollerserver(MB): 3.62,3.62,0.65,3.62,3.62,0.65,3.62,3.62,0.65,3.62,3.62,0.65,3.62,3.62,0.65,3.62,3.62,0.65,3.62,3.62,0.65,3.62,3.62,0.65,3.62,3.62,0.65,3.62,3.62,0.65,3.62,3.62,0.65,3.62,3.62,0.65,3.62,3.62,0.65,3.62,3.62,0.65,3.62,3.62,0.65,3.62,3.62,0.65,3.62,3.62,0.65,3.62,3.62,0.65,3.62,3.62,0.65,3.62,3.62,0.65,3.62,3.62,0.65,3.62,3.62,0.65,3.62,3.62,0.65,3.62,3.62,0.65,3.62,3.62,0.65,3.62,3.62,0.65,3.62,3.62,0.65,3.62,3.62,0.65,3.62,3.62,0.65
{'626'} cuscontrollerserver(MB): min(0.65) max(3.62) average(2.63)
{'620'} audio_codec(MB): 3.52,3.52,0.72,3.52,3.52,0.72,3.52,3.52,0.72,3.52,3.52,0.72,3.52,3.52,0.72,3.52,3.52,0.72,3.52,3.52,0.72,3.52,3.52,0.72,3.52,3.52,0.72,3.52,3.52,0.72,3.52,3.52,0.72,3.52,3.52,0.72,3.52,3.52,0.72,3.52,3.52,0.72,3.52,3.52,0.72,3.52,3.52,0.72,3.52,3.52,0.72,3.52,3.52,0.72,3.52,3.52,0.72,3.52,3.52,0.72,3.52,3.52,0.72,3.52,3.52,0.72,3.52,3.52,0.72,3.52,3.52,0.72,3.52,3.52,0.72,3.52,3.52,0.72,3.52,3.52,0.72,3.52,3.52,0.72,3.52,3.52,0.72
{'620'} audio_codec(MB): min(0.72) max(3.52) average(2.59)
{'633'} mediaservice(MB): 3.45,3.45,0.63,3.45,3.45,0.63,3.45,3.45,0.63,3.45,3.45,0.63,3.45,3.45,0.63,3.45,3.45,0.63,3.45,3.45,0.63,3.45,3.45,0.63,3.45,3.45,0.63,3.45,3.45,0.63,3.45,3.45,0.63,3.45,3.45,0.63,3.45,3.45,0.63,3.45,3.45,0.63,3.45,3.45,0.63,3.45,3.45,0.63,3.45,3.45,0.63,3.45,3.45,0.63,3.45,3.45,0.63,3.45,3.45,0.63,3.45,3.45,0.63,3.45,3.45,0.63,3.45,3.45,0.63,3.45,3.45,0.63,3.45,3.45,0.63,3.45,3.45,0.63,3.45,3.45,0.63,3.45,3.45,0.63,3.45,3.45,0.63
{'633'} mediaservice(MB): min(0.63) max(3.45) average(2.51)
{'661'} mdnsd(MB): 3.35,3.35,1.35,3.35,3.35,1.35,3.35,3.35,1.35,3.35,3.35,1.35,3.35,3.35,1.35,3.35,3.35,1.35,3.35,3.35,1.35,3.35,3.35,1.35,3.35,3.35,1.35,3.35,3.35,1.35,3.35,3.35,1.35,3.35,3.35,1.35,3.35,3.35,1.35,3.35,3.35,1.35,3.35,3.35,1.35,3.35,3.35,1.35,3.35,3.35,1.35,3.35,3.35,1.35,3.35,3.35,1.35,3.35,3.35,1.35,3.35,3.35,1.35,3.35,3.35,1.35,3.35,3.35,1.35,3.35,3.35,1.35,3.35,3.35,1.35,3.35,3.35,1.35,3.35,3.35,1.35,3.35,3.35,1.35,3.35,3.35,1.35
{'661'} mdnsd(MB): min(1.35) max(3.35) average(2.68)
{'6059', '6402', '7191', '6101', '6481', '6936', '6136', '6181', '6621', '6444', '7058', '6711', '6274', '6358', '6235', '7103', '7244', '6799', '6311', '6754', '6844', '6977', '7281', '7154', '6886', '7018', '6661', '6584', '6518'} dumpsys(MB): 3.28,3.28,0.65,3.28,3.28,0.66,3.30,3.30,0.67,3.27,3.27,0.64,3.21,3.21,0.67,3.27,3.27,0.67,3.28,3.28,0.66,3.30,3.30,0.66,3.28,3.28,0.67,3.20,3.20,0.64,3.20,3.20,0.64,3.22,3.22,0.64,3.20,3.20,0.64,3.19,3.19,0.63,3.29,3.29,0.66,3.23,3.23,0.66,3.30,3.30,0.67,3.23,3.23,0.66,3.21,3.21,0.64,3.30,3.30,0.66,3.23,3.23,0.66,3.28,3.28,0.65,3.29,3.29,0.65,3.27,3.27,0.66,3.29,3.29,0.66,3.22,3.22,0.64,3.27,3.27,0.65,3.30,3.30,0.66,3.29,3.29,0.65
{'6059', '6402', '7191', '6101', '6481', '6936', '6136', '6181', '6621', '6444', '7058', '6711', '6274', '6358', '6235', '7103', '7244', '6799', '6311', '6754', '6844', '6977', '7281', '7154', '6886', '7018', '6661', '6584', '6518'} dumpsys(MB): min(0.63) max(3.3) average(2.39)
{'385'} android.hidl.allocator@1.0-service(MB): 3.25,3.25,0.61,3.25,3.25,0.61,3.25,3.25,0.61,3.25,3.25,0.61,3.25,3.25,0.61,3.25,3.25,0.61,3.25,3.25,0.61,3.25,3.25,0.61,3.25,3.25,0.61,3.25,3.25,0.61,3.25,3.25,0.61,3.25,3.25,0.61,3.25,3.25,0.61,3.25,3.25,0.61,3.25,3.25,0.61,3.25,3.25,0.61,3.25,3.25,0.61,3.25,3.25,0.61,3.25,3.25,0.61,3.25,3.25,0.61,3.25,3.25,0.61,3.25,3.25,0.61,3.25,3.25,0.61,3.25,3.25,0.61,3.25,3.25,0.61,3.25,3.25,0.61,3.25,3.25,0.61,3.25,3.25,0.61,3.25,3.25,0.61
{'385'} android.hidl.allocator@1.0-service(MB): min(0.61) max(3.25) average(2.37)
{'254'} tee-supplicant(MB): 3.09,3.09,0.58,3.09,3.09,0.58,3.09,3.09,0.58,3.09,3.09,0.58,3.09,3.09,0.58,3.09,3.09,0.58,3.09,3.09,0.58,3.09,3.09,0.58,3.09,3.09,0.58,3.09,3.09,0.58,3.09,3.09,0.58,3.09,3.09,0.58,3.09,3.09,0.58,3.09,3.09,0.58,3.09,3.09,0.58,3.09,3.09,0.58,3.09,3.09,0.58,3.09,3.09,0.58,3.09,3.09,0.58,3.09,3.09,0.58,3.09,3.09,0.58,3.09,3.09,0.58,3.09,3.09,0.58,3.09,3.09,0.58,3.09,3.09,0.58,3.09,3.09,0.58,3.09,3.09,0.58,3.09,3.09,0.58,3.09,3.09,0.58
{'254'} tee-supplicant(MB): min(0.58) max(3.09) average(2.25)
{'240'} lmkd(MB): 3.05,3.05,0.72,3.05,3.05,0.72,3.05,3.05,0.72,3.05,3.05,0.72,3.05,3.05,0.72,3.05,3.05,0.72,3.05,3.05,0.72,3.05,3.05,0.72,3.05,3.05,0.72,3.05,3.05,0.72,3.05,3.05,0.72,3.05,3.05,0.72,3.05,3.05,0.72,3.05,3.05,0.72,3.05,3.05,0.72,3.05,3.05,0.72,3.05,3.05,0.72,3.05,3.05,0.72,3.05,3.05,0.72,3.05,3.05,0.72,3.05,3.05,0.72,3.05,3.05,0.72,3.05,3.05,0.72,3.05,3.05,0.72,3.05,3.05,0.72,3.05,3.05,0.72,3.05,3.05,0.72,3.05,3.05,0.72,3.05,3.05,0.72
{'240'} lmkd(MB): min(0.72) max(3.05) average(2.27)
{'382'} iptables-restore(MB): 2.98,2.98,1.01,2.98,2.98,1.01,2.98,2.98,1.01,2.98,2.98,1.01,2.98,2.98,1.01,2.98,2.98,1.01,2.98,2.98,1.01,2.98,2.98,1.01,2.98,2.98,1.01,2.98,2.98,1.01,2.98,2.98,1.01,2.98,2.98,1.01,2.98,2.98,1.01,2.98,2.98,1.01,2.98,2.98,1.01,2.98,2.98,1.01,2.98,2.98,1.01,2.98,2.98,1.01,2.98,2.98,1.01,2.98,2.98,1.01,2.98,2.98,1.01,2.98,2.98,1.01,2.98,2.98,1.01,2.98,2.98,1.01,2.98,2.98,1.01,2.98,2.98,1.01,2.98,2.98,1.01,2.98,2.98,1.01,2.98,2.98,1.01
{'382'} iptables-restore(MB): min(1.01) max(2.98) average(2.32)
{'488'} cmdexecutor(MB): 2.98,2.98,0.51,2.98,2.98,0.51,2.98,2.98,0.51,2.98,2.98,0.51,2.98,2.98,0.51,2.98,2.98,0.51,2.98,2.98,0.51,2.98,2.98,0.51,2.98,2.98,0.51,2.98,2.98,0.51,2.98,2.98,0.51,2.98,2.98,0.51,2.98,2.98,0.51,2.98,2.98,0.51,2.98,2.98,0.51,2.98,2.98,0.51,2.98,2.98,0.51,2.98,2.98,0.51,2.98,2.98,0.51,2.98,2.98,0.51,2.98,2.98,0.51,2.98,2.98,0.51,2.98,2.98,0.51,2.98,2.98,0.51,2.98,2.98,0.51,2.98,2.98,0.51,2.98,2.98,0.51,2.98,2.98,0.51,2.98,2.98,0.51
{'488'} cmdexecutor(MB): min(0.51) max(2.98) average(2.16)
{'383'} ip6tables-restore(MB): 2.95,2.95,1.00,2.95,2.95,1.00,2.95,2.95,1.00,2.95,2.95,1.00,2.95,2.95,1.00,2.95,2.95,1.00,2.95,2.95,1.00,2.95,2.95,1.00,2.95,2.95,1.00,2.95,2.95,1.00,2.95,2.95,1.00,2.95,2.95,1.00,2.95,2.95,1.00,2.95,2.95,1.00,2.95,2.95,1.00,2.95,2.95,1.00,2.95,2.95,1.00,2.95,2.95,1.00,2.95,2.95,1.00,2.95,2.95,1.00,2.95,2.95,1.00,2.95,2.95,1.00,2.95,2.95,1.00,2.95,2.95,1.00,2.95,2.95,1.00,2.95,2.95,1.00,2.95,2.95,1.00,2.95,2.95,1.00,2.95,2.95,1.00
{'383'} ip6tables-restore(MB): min(1.0) max(2.95) average(2.3)
{'543'} socketsys(MB): 2.95,2.95,0.69,2.95,2.95,0.69,2.95,2.95,0.69,2.95,2.95,0.69,2.95,2.95,0.69,2.95,2.95,0.69,2.95,2.95,0.69,2.95,2.95,0.69,2.95,2.95,0.69,2.95,2.95,0.69,2.95,2.95,0.69,2.95,2.95,0.69,2.95,2.95,0.69,2.95,2.95,0.69,2.95,2.95,0.69,2.95,2.95,0.69,2.95,2.95,0.69,2.95,2.95,0.69,2.95,2.95,0.69,2.95,2.95,0.69,2.95,2.95,0.69,2.95,2.95,0.69,2.95,2.95,0.69,2.95,2.95,0.69,2.95,2.95,0.69,2.95,2.95,0.69,2.95,2.95,0.69,2.95,2.95,0.69,2.95,2.95,0.69
{'543'} socketsys(MB): min(0.69) max(2.95) average(2.2)
{'5312', '5310'} process-tracker(MB): 2.67,2.59,2.67,2.59,0.66,0.65,2.67,2.59,2.67,2.59,0.66,0.65,2.67,2.59,2.67,2.59,0.65,0.65,2.67,2.59,2.67,2.59,0.66,0.64,2.67,2.59,2.67,2.59,0.65,0.65,2.67,2.59,2.67,2.59,0.65,0.65,2.67,2.59,2.67,2.59,0.65,0.65,2.67,2.59,2.67,2.59,0.66,0.65,2.67,2.59,2.67,2.59,0.65,0.65,2.67,2.59,2.67,2.59,0.66,0.65,2.67,2.59,2.67,2.59,0.65,0.65,2.67,2.59,2.67,2.59,0.66,0.65,2.67,2.59,2.67,2.59,0.66,0.65,2.67,2.59,2.67,2.59,0.66,0.65,2.67,2.59,2.67,2.59,0.66,0.65,2.67,2.59,2.67,2.59,0.65,0.65,2.67,2.59,2.67,2.59,0.65,0.65,2.67,2.59,2.67,2.59,0.65,0.65,2.67,2.59,2.67,2.59,0.66,0.65,2.67,2.59,2.67,2.59,0.65,0.64,2.67,2.59,2.67,2.59,0.65,0.65,2.67,2.59,2.67,2.59,0.66,0.65,2.67,2.59,2.67,2.59,0.66,0.65,2.67,2.59,2.67,2.59,0.65,0.65,2.67,2.59,2.67,2.59,0.66,0.65,2.67,2.59,2.67,2.59,0.66,0.65,2.67,2.59,2.67,2.59,0.65,0.65,2.67,2.59,2.67,2.59,0.65,0.65,2.67,2.59,2.67,2.59,0.66,0.65
{'5312', '5310'} process-tracker(MB): min(0.64) max(2.67) average(1.97)
{'533'} coocaa_guard(MB): 2.66,2.66,0.66,2.66,2.66,0.66,2.66,2.66,0.66,2.66,2.66,0.66,2.66,2.66,0.66,2.66,2.66,0.66,2.66,2.66,0.66,2.66,2.66,0.66,2.66,2.66,0.66,2.66,2.66,0.66,2.66,2.66,0.66,2.66,2.66,0.66,2.66,2.66,0.66,2.66,2.66,0.66,2.66,2.66,0.66,2.66,2.66,0.66,2.66,2.66,0.66,2.66,2.66,0.66,2.66,2.66,0.66,2.66,2.66,0.66,2.66,2.66,0.66,2.66,2.66,0.66,2.66,2.66,0.66,2.66,2.66,0.66,2.66,2.66,0.66,2.66,2.66,0.66,2.66,2.66,0.66,2.66,2.66,0.66,2.66,2.66,0.66
{'533'} coocaa_guard(MB): min(0.66) max(2.66) average(1.99)
{'252'} sh(MB): 2.61,2.61,0.79,2.61,2.61,0.79,2.61,2.61,0.79,2.61,2.61,0.79,2.61,2.61,0.79,2.61,2.61,0.79,2.61,2.61,0.79,2.61,2.61,0.79,2.61,2.61,0.79,2.61,2.61,0.79,2.61,2.61,0.79,2.61,2.61,0.79,2.61,2.61,0.79,2.61,2.61,0.79,2.61,2.61,0.79,2.61,2.61,0.79,2.61,2.61,0.79,2.61,2.61,0.79,2.61,2.61,0.79,2.61,2.61,0.79,2.61,2.61,0.79,2.61,2.61,0.79,2.61,2.61,0.79,2.61,2.61,0.79,2.61,2.61,0.79,2.61,2.61,0.79,2.61,2.61,0.79,2.61,2.61,0.79,2.61,2.61,0.79
{'252'} sh(MB): min(0.79) max(2.61) average(2.0)
{'347'} tombstoned(MB): 2.34,2.34,0.53,2.34,2.34,0.53,2.34,2.34,0.53,2.34,2.34,0.53,2.34,2.34,0.53,2.34,2.34,0.53,2.34,2.34,0.53,2.34,2.34,0.53,2.34,2.34,0.53,2.34,2.34,0.53,2.34,2.34,0.53,2.34,2.34,0.53,2.34,2.34,0.53,2.34,2.34,0.53,2.34,2.34,0.53,2.34,2.34,0.53,2.34,2.34,0.53,2.34,2.34,0.53,2.34,2.34,0.53,2.34,2.34,0.53,2.34,2.34,0.53,2.34,2.34,0.53,2.34,2.34,0.53,2.34,2.34,0.53,2.34,2.34,0.53,2.34,2.34,0.53,2.34,2.34,0.53,2.34,2.34,0.53,2.34,2.34,0.53
{'347'} tombstoned(MB): min(0.53) max(2.34) average(1.74)
