total_ram(MB): 452.27,452.27,452.27,452.27,452.27,452.27,452.27,452.27,452.27,452.27,452.27,452.27,452.27,452.27,452.27,452.27,452.27,452.27,452.27,452.27,452.27,452.27,452.27,452.27,452.27,452.27,452.27,452.27,452.27,452.27,452.27,452.27,452.27
total_ram(MB): min(452.27) max(452.27) average(452.27)
free_ram(MB): 116.09,118.41,106.60,201.18,190.20,178.34,180.41,177.19,175.22,115.31,120.56,115.91,114.80,113.37,109.42,108.30,109.96,109.02,107.80,109.76,109.90,110.57,110.47,109.14,110.98,110.50,110.37,108.64,107.80,108.81,108.71,157.08,103.33
free_ram(MB): min(103.33) max(201.18) average(125.58)
used_ram(MB): 282.48,282.72,294.90,194.62,214.03,227.58,217.67,223.74,226.60,236.03,222.24,232.32,232.76,233.57,233.25,238.55,237.28,238.50,239.07,238.16,237.46,237.22,233.81,234.46,232.60,228.12,228.11,228.29,228.56,227.49,227.81,227.38,226.27
used_ram(MB): min(194.62) max(294.9) average(234.66)
lost_ram(MB): 53.70,51.14,50.77,56.48,48.04,46.35,54.20,51.33,50.46,100.94,109.47,104.04,104.72,105.33,109.61,105.42,105.03,104.76,105.41,104.35,104.92,104.48,107.99,108.67,108.70,113.66,113.79,115.34,115.91,115.97,115.75,67.81,122.67
lost_ram(MB): min(46.35) max(122.67) average(92.04)
free(MB): 3.02,20.05,2.62,87.15,62.53,13.27,84.77,73.59,68.59,6.98,12.24,7.17,13.06,14.88,27.45,26.27,34.21,32.44,32.37,39.03,39.20,40.95,45.36,44.16,50.96,47.90,48.22,40.86,40.29,41.90,45.81,88.48,33.50
free(MB): min(2.62) max(88.48) average(38.46)
used_pss(MB): 259.22,259.79,271.83,171.10,189.54,201.62,193.81,199.06,201.14,209.60,194.99,201.94,201.22,201.07,200.32,204.55,204.00,204.14,203.84,204.55,204.17,203.88,200.82,200.79,199.69,195.48,195.58,195.61,195.97,195.37,195.41,195.37,200.58
used_pss(MB): min(171.1) max(271.83) average(204.73)
kernel(MB): 0.00,0.00,0.00,0.00,0.00,0.00,0.00,0.00,0.00,0.00,0.00,0.00,0.00,0.00,0.00,0.00,0.00,0.00,0.00,0.00,0.00,0.00,0.00,0.00,0.00,0.00,0.00,0.00,0.00,0.00,0.00,0.00,0.00
kernel(MB): min(0.0) max(0.0) average(0.0)
buffers(MB): 1.34,0.86,0.89,1.19,1.95,3.23,1.08,1.88,2.59,3.38,4.13,6.95,8.14,9.11,9.55,10.61,9.96,11.07,11.94,10.34,9.98,10.04,9.67,10.32,9.56,9.26,9.19,9.31,9.18,8.70,9.12,8.70,2.14
buffers(MB): min(0.86) max(11.94) average(6.83)
shmem(MB): 0.05,0.05,0.05,0.05,0.05,0.05,0.05,0.05,0.05,0.19,0.21,0.22,0.22,0.22,0.22,0.22,0.22,0.22,0.23,0.23,0.23,0.23,0.24,0.24,0.24,0.25,0.25,0.25,0.25,0.25,0.12,0.05,0.30
shmem(MB): min(0.05) max(0.3) average(0.17)
slab(MB): 21.87,22.03,22.13,22.28,22.49,22.68,22.73,22.75,22.83,22.86,22.91,23.21,23.18,23.17,23.16,23.18,23.10,23.07,23.05,23.05,23.08,23.07,23.08,23.11,23.11,23.12,23.09,23.12,23.16,23.18,23.16,23.25,23.25
slab(MB): min(21.87) max(23.25) average(22.92)
total_swap(MB): 96.00,96.00,96.00,96.00,96.00,96.00,96.00,96.00,96.00,96.00,96.00,96.00,96.00,96.00,96.00,96.00,96.00,96.00,96.00,96.00,96.00,96.00,96.00,96.00,96.00,96.00,96.00,96.00,96.00,96.00,96.00,96.00,96.00
total_swap(MB): min(96.0) max(96.0) average(96.0)
used_swap(MB): 34.45,36.39,36.87,37.26,37.19,32.53,32.77,32.75,32.74,32.65,31.86,31.85,31.84,31.89,32.56,32.57,33.41,33.41,33.52,33.65,33.74,33.80,34.34,34.56,35.01,35.04,35.08,35.16,35.23,35.35,35.38,35.43,35.43
used_swap(MB): min(31.84) max(37.26) average(34.11)
{'8590'} com.ccos.tv.homepage(MB): 122.42,118.79,117.70,0.00
{'8590'} com.ccos.tv.homepage(MB): min(0.0) max(122.42) average(89.73)
{'2534'} com.tianci.movieplatform(MB): 25.05,33.26,42.44,51.32,61.98,64.80,60.85,64.55,67.14,73.54,68.79,75.37,75.35,74.78,74.60,78.90,78.95,78.59,79.14,79.37,79.36,79.10,78.27,78.81,78.44,75.97,76.04,76.73,77.67,77.73,77.94,76.68,84.35
{'2534'} com.tianci.movieplatform(MB): min(25.05) max(84.35) average(70.48)
{'1348'} system(MB): 17.68,17.80,17.27,17.12,17.24,17.33,16.41,16.79,16.58,16.97,16.59,16.79,16.58,16.65,16.79,16.79,16.52,16.65,16.79,16.83,16.56,16.64,15.90,15.95,15.78,16.08,15.92,15.72,15.50,15.49,15.38,15.58,15.30
{'1348'} system(MB): min(15.3) max(17.8) average(16.48)
{'1872'} com.coocaa.os.ccosservice(MB): 17.11,17.16,17.14,17.25,17.22,17.21,16.38,16.38,16.47,16.47,16.48,16.50,16.49,16.48,16.31,15.97,15.97,15.39,15.39,15.32,15.25,15.25,15.03,14.48,14.28,14.08,14.07,14.04,14.03,14.04,14.02,14.00,13.99
{'1872'} com.coocaa.os.ccosservice(MB): min(13.99) max(17.25) average(15.63)
{'1587'} com.tianci.system(MB): 13.29,11.86,11.84,11.76,11.73,11.77,11.30,11.30,11.31,11.35,11.37,11.37,11.37,11.31,11.29,11.29,11.30,11.80,11.49,11.49,11.49,11.54,11.31,11.31,11.25,11.24,11.24,11.23,11.23,11.18,10.98,10.97,10.91
{'1587'} com.tianci.system(MB): min(10.91) max(13.29) average(11.44)
{'2455'} com.tianci.de(MB): 11.17,10.74,10.74,11.52,11.48,11.23,11.02,11.02,11.02,11.01,10.67,10.70,10.60,10.63,10.58,10.56,10.55,10.54,10.54,10.53,10.53,10.53,10.48,10.48,10.48,10.48,10.48,10.48,10.48,10.49,10.45,10.49,10.50
{'2455'} com.tianci.de(MB): min(10.45) max(11.52) average(10.7)
{'8645'} com.tianci.user(MB): 9.95,9.78,9.77,9.25,9.13,9.07,8.52,8.52,8.52,8.52,9.06,9.06,9.06,9.04,9.03,9.04,9.04,9.04,9.04,9.04,9.04,9.04,8.94,8.91,8.91,8.90,8.78,8.13,8.05,7.98,7.98,7.97,8.00
{'8645'} com.tianci.user(MB): min(7.97) max(9.95) average(8.85)
{'1722'} com.tianci.push(MB): 9.10,8.98,8.99,8.38,8.37,8.37,8.21,8.20,8.21,8.32,8.36,8.36,8.36,8.70,8.70,8.70,8.69,8.70,8.70,8.69,8.69,8.63,8.57,8.56,8.56,8.51,8.51,8.51,8.51,8.50,8.43,8.43,8.43
{'1722'} com.tianci.push(MB): min(8.2) max(9.1) average(8.54)
{'2730'} com.tianci.ad(MB): 8.48,8.20,8.20,8.14,8.14,8.15,8.03,8.03,8.03,8.03,0.00
{'2730'} com.tianci.ad(MB): min(0.0) max(8.48) average(7.4)
{'2763'} com.coocaa.sysreport(MB): 7.72,7.95,8.19,8.23,8.02,8.45,7.52,7.73,7.73,8.00,7.82,7.88,7.88,8.07,7.90,7.90,7.90,7.87,7.88,7.84,7.85,7.84,7.79,7.77,7.77,7.74,7.74,7.71,7.75,7.69,7.68,7.61,8.10
{'2763'} com.coocaa.sysreport(MB): min(7.52) max(8.45) average(7.86)
{'1572'} com.dunn.instrument(MB): 6.50,4.99,6.46,6.49,6.46,6.48,6.71,6.71,6.70,6.68,6.69,6.68,6.68,6.65,6.64,6.66,6.66,6.65,6.23,6.67,6.70,6.63,6.60,6.59,6.62,6.12,6.66,6.60,6.59,5.80,6.58,6.57,6.57
{'1572'} com.dunn.instrument(MB): min(4.99) max(6.71) average(6.52)
{'2265'} com.coocaa.os.softsettings.provider(MB): 5.52,5.38,5.38,5.37,5.40,5.40,5.19,5.19,5.19,5.19,5.23,5.23,5.19,5.19,5.19,5.19,5.19,5.19,5.19,5.19,5.19,5.19,5.16,5.16,5.16,5.16,5.16,5.16,5.16,5.16,5.15,5.14,5.14
{'2265'} com.coocaa.os.softsettings.provider(MB): min(5.14) max(5.52) average(5.22)
{'8938'} com.coocaa.messageprovider(MB): 5.37,5.23,5.22,5.03,4.93,4.93,4.58,4.58,4.58,4.57,4.60,4.60,4.59,4.58,4.58,4.58,4.58,4.60,4.60,4.60,4.60,4.60,4.50,4.49,4.49,4.49,4.49,4.16,4.07,4.01,4.01,4.00,4.00
{'8938'} com.coocaa.messageprovider(MB): min(4.0) max(5.37) average(4.57)
{'2636'} android.process.media(MB): 3.28,3.27,3.27,3.26,3.27,3.26,3.12,3.12,3.12,3.12,3.14,3.14,3.14,3.14,3.14,3.14,3.14,3.14,3.14,3.14,3.14,3.14,3.12,3.12,3.12,3.12,3.12,3.12,3.12,3.12,3.12,3.11,3.11
{'2636'} android.process.media(MB): min(3.11) max(3.28) average(3.15)
{'1581'} com.skyworth.android.skyRMService(MB): 3.22,3.21,3.22,3.27,3.20,3.21,3.17,3.17,3.17,3.17,3.21,3.22,3.22,3.23,3.23,3.24,3.25,3.24,3.30,3.23,3.23,3.22,3.19,3.20,3.21,3.21,3.21,3.19,3.21,3.20,3.20,3.21,3.21
{'1581'} com.skyworth.android.skyRMService(MB): min(3.17) max(3.3) average(3.21)
{'2087'} logcat(MB): 1.63,1.63,1.63,1.64,1.64,1.64,1.64,1.64,1.64,1.64,1.64,1.64,1.64,1.64,1.64,1.64,1.64,1.64,1.64,1.64,1.64,1.64,1.64,1.64,1.64,1.64,1.64,1.64,1.64,1.64,1.64,1.64,1.64
{'2087'} logcat(MB): min(1.63) max(1.64) average(1.64)
{'744'} zygote(MB): 1.41,1.40,1.21,1.38,1.38,1.38,1.18,1.19,1.19,1.19,1.22,1.22,1.22,1.22,1.22,1.22,1.22,1.24,1.24,1.24,1.24,1.23,1.19,1.21,1.21,1.21,1.21,1.19,1.19,1.19,1.19,1.19,1.19
{'744'} zygote(MB): min(1.18) max(1.41) average(1.24)
{'742'} surfaceflinger(MB): 0.93,0.92,0.92,0.88,0.88,0.88,0.97,0.98,0.97,1.02,1.26,1.01,1.01,1.02,1.02,1.01,1.02,1.01,1.02,1.02,1.26,1.01,1.01,1.01,1.01,1.01,1.01,1.01,1.01,1.01,1.01,1.01,1.01
{'742'} surfaceflinger(MB): min(0.88) max(1.26) average(1.0)
{'1114'} TvServer(MB): 0.84,0.81,0.81,0.75,0.75,0.75,0.78,0.78,0.78,1.35,1.35,1.35,1.35,1.32,1.31,1.31,1.31,1.31,1.31,1.31,1.31,1.31,1.31,1.31,1.30,1.30,1.30,1.30,1.30,1.30,1.30,1.31,1.30
{'1114'} TvServer(MB): min(0.75) max(1.35) average(1.17)
{'1796'} app_process(MB): 0.73,0.72,0.71,0.72,0.72,0.72,0.62,0.62,0.62,0.62,0.64,0.64,0.64,0.63,0.63,0.63,0.63,0.63,0.63,0.63,0.62,0.62,0.59,0.59,0.59,0.59,0.59,0.59,0.59,0.59,0.59,0.58,0.58
{'1796'} app_process(MB): min(0.58) max(0.73) average(0.63)
{'746'} mediaserver(MB): 0.58,0.38,0.34,0.47,0.46,9.47,8.73,8.72,8.72,9.56,9.93,9.97,9.97,9.97,9.99,9.99,9.99,9.99,10.00,9.98,10.00,10.00,9.98,10.01,10.01,10.02,10.02,10.03,10.03,10.03,10.04,11.53,9.26
{'746'} mediaserver(MB): min(0.34) max(11.53) average(8.43)
{'1501'} wpa_supplicant(MB): 0.41,0.41,0.41,0.41,0.41,0.41,0.37,0.37,0.38,0.38,0.38,0.38,0.38,0.38,0.38,0.38,0.38,0.38,0.38,0.38,0.38,0.38,0.38,0.38,0.38,0.38,0.38,0.38,0.38,0.38,0.38,0.38,0.38
{'1501'} wpa_supplicant(MB): min(0.37) max(0.41) average(0.38)
{'740'} netd(MB): 0.26,0.26,0.26,0.26,0.26,0.26,0.27,0.27,0.26,0.27,0.27,0.28,0.28,0.28,0.28,0.28,0.28,0.27,0.28,0.28,0.28,0.28,0.28,0.28,0.28,0.28,0.28,0.28,0.28,0.28,0.28,0.28,0.27
{'740'} netd(MB): min(0.26) max(0.28) average(0.27)
{'1'} /init(MB): 0.23,0.23,0.23,0.23,0.23,0.23,0.23,0.23,0.23,0.23,0.23,0.23,0.23,0.23,0.23,0.23,0.23,0.23,0.23,0.23,0.23,0.23,0.23,0.23,0.23,0.23,0.23,0.23,0.23,0.23,0.23,0.23,0.23
{'1'} /init(MB): min(0.23) max(0.23) average(0.23)
{'748'} keystore(MB): 0.23,0.22,0.22,0.22,0.22,0.22,0.10,0.10,0.10,0.10,0.10,0.10,0.10,0.08,0.08,0.08,0.08,0.08,0.08,0.08,0.08,0.08,0.08,0.08,0.08,0.08,0.08,0.08,0.08,0.08,0.08,0.08,0.08
{'748'} keystore(MB): min(0.08) max(0.23) average(0.11)
{'1707', '14142', '11725', '14338', '11879', '734'} sh(MB): 0.21,0.01,0.21,0.01,0.21,0.01,0.21,0.01,0.15,0.01,0.00,0.15,0.01,0.00,0.20,0.00,0.00,0.20,0.00,0.20,0.00,0.20,0.00,0.20,0.00,0.20,0.00,0.20,0.00,0.20,0.00,0.20,0.00,0.15,0.00,0.14,0.00,0.20,0.00,0.20,0.00,0.20,0.00,0.20,0.00,0.15,0.00,0.19,0.00,0.19,0.00,0.19,0.00,0.19,0.00,0.19,0.00,0.14,0.00,0.00,0.14,0.00,0.00,0.19,0.00,0.00,0.19,0.00,0.00,0.19,0.00,0.19,0.00
{'1707', '14142', '11725', '14338', '11879', '734'} sh(MB): min(0.0) max(0.21) average(0.09)
{'1436'} adbd(MB): 0.19,0.19,0.19,0.19,0.20,0.20,0.19,0.19,0.19,0.19,0.19,0.19,0.19,0.19,0.20,0.19,0.19,0.19,0.20,0.20,0.20,0.20,0.20,0.20,0.20,0.20,0.20,0.20,0.20,0.20,0.20,0.20,0.20
{'1436'} adbd(MB): min(0.19) max(0.2) average(0.2)
{'13052', '13245', '14082', '11881', '11837', '13752', '11677', '14309', '14495', '13578', '13424', '11351', '11139', '12075', '12310', '12790', '12544', '13927'} dumpsys(MB): 0.18,0.00,0.19,0.00,0.19,0.18,0.00,0.00,0.00,0.35,0.00,0.31,0.00,0.31,0.00,0.31,0.00,0.31,0.00,0.31,0.00,0.31,0.00,0.31,0.00,0.31,0.00,0.31,0.00,0.31,0.00,0.31,0.00,0.31,0.00
{'13052', '13245', '14082', '11881', '11837', '13752', '11677', '14309', '14495', '13578', '13424', '11351', '11139', '12075', '12310', '12790', '12544', '13927'} dumpsys(MB): min(0.0) max(0.35) average(0.14)
{'757'} sdcard(MB): 0.11,0.11,0.10,0.29,0.29,0.36,0.36,0.36,0.36,0.36,0.36,0.36,0.36,0.36,0.36,0.36,0.36,0.36,0.36,0.36,0.36,0.36,0.36,0.36,0.36,0.36,0.36,0.36,0.36,0.36,0.36,0.36,0.36
{'757'} sdcard(MB): min(0.1) max(0.36) average(0.33)
{'736'} vold(MB): 0.11,0.11,0.11,0.11,0.11,0.11,0.10,0.10,0.11,0.11,0.11,0.11,0.11,0.11,0.11,0.11,0.11,0.11,0.11,0.11,0.11,0.11,0.11,0.11,0.11,0.11,0.11,0.11,0.11,0.11,0.11,0.11,0.11
{'736'} vold(MB): min(0.1) max(0.11) average(0.11)
{'733'} healthd(MB): 0.11,0.11,0.11,0.11,0.11,0.11,0.11,0.11,0.11,0.11,0.11,0.11,0.11,0.11,0.11,0.11,0.11,0.11,0.11,0.11,0.11,0.11,0.11,0.11,0.11,0.11,0.11,0.11,0.11,0.11,0.11,0.11,0.11
{'733'} healthd(MB): min(0.11) max(0.11) average(0.11)
{'754'} coocaa_guard(MB): 0.08,0.08,0.08,0.08,0.08,0.08,0.08,0.08,0.08,0.08,0.07,0.08,0.08,0.08,0.08,0.08,0.08,0.08,0.08,0.08,0.07,0.08,0.07,0.08,0.08,0.08,0.08,0.08,0.08,0.08,0.08,0.08,0.07
{'754'} coocaa_guard(MB): min(0.07) max(0.08) average(0.08)
{'512'} ueventd(MB): 0.07,0.07,0.07,0.07,0.07,0.07,0.07,0.07,0.07,0.07,0.07,0.07,0.07,0.07,0.07,0.07,0.07,0.07,0.07,0.07,0.07,0.07,0.07,0.07,0.07,0.07,0.07,0.07,0.07,0.07,0.07,0.07,0.07
{'512'} ueventd(MB): min(0.07) max(0.07) average(0.07)
{'735'} servicemanager(MB): 0.05,0.05,0.05,0.05,0.05,0.05,0.05,0.05,0.05,0.05,0.05,0.05,0.05,0.05,0.05,0.05,0.05,0.05,0.05,0.05,0.05,0.05,0.05,0.05,0.05,0.05,0.05,0.05,0.05,0.05,0.05,0.05,0.05
{'735'} servicemanager(MB): min(0.05) max(0.05) average(0.05)
{'1106'} RootApp(MB): 0.05,0.05,0.05,0.05,0.05,0.05,0.05,0.05,0.05,0.05,0.05,0.05,0.05,0.05,0.05,0.05,0.05,0.05,0.05,0.05,0.05,0.05,0.05,0.05,0.05,0.05,0.05,0.05,0.05,0.05,0.05,0.05,0.05
{'1106'} RootApp(MB): min(0.05) max(0.05) average(0.05)
{'1075'} logwrapper(MB): 0.04,0.04,0.04,0.04,0.04,0.04,0.04,0.04,0.04,0.04,0.04,0.04,0.04,0.04,0.04,0.04,0.04,0.04,0.04,0.04,0.04,0.04,0.04,0.04,0.04,0.04,0.04,0.04,0.04,0.04,0.04,0.04,0.04
{'1075'} logwrapper(MB): min(0.04) max(0.04) average(0.04)
{'1638'} busybox(MB): 0.04,0.04,0.04,0.04,0.04,0.04,0.04,0.04,0.04,0.04,0.04,0.04,0.04,0.04,0.04,0.04,0.04,0.04,0.04,0.04,0.04,0.04,0.04,0.04,0.04,0.04,0.04,0.04,0.04,0.04,0.04,0.04,0.04
{'1638'} busybox(MB): min(0.04) max(0.04) average(0.04)
{'745'} drmserver(MB): 0.03,0.03,0.03,0.03,0.03,0.03,0.01,0.01,0.01,0.01,0.01,0.01,0.01,0.01,0.01,0.01,0.01,0.01,0.01,0.01,0.01,0.01,0.01,0.01,0.01,0.01,0.01,0.01,0.01,0.01,0.01,0.01,0.01
{'745'} drmserver(MB): min(0.01) max(0.03) average(0.01)
{'749'} FileDesc_server(MB): 0.03,0.03,0.03,0.03,0.03,0.03,0.07,0.07,0.07,0.07,0.07,0.07,0.10,0.10,0.10,0.10,0.10,0.10,0.10,0.10,0.10,0.10,0.10,0.10,0.10,0.10,0.10,0.10,0.10,0.10,0.10,0.10,0.10
{'749'} FileDesc_server(MB): min(0.03) max(0.1) average(0.08)
{'1232'} VirtualEvent(MB): 0.03,0.03,0.03,0.03,0.03,0.03,0.02,0.02,0.02,0.02,0.02,0.02,0.02,0.02,0.02,0.02,0.02,0.02,0.02,0.02,0.02,0.02,0.02,0.02,0.02,0.02,0.02,0.02,0.02,0.02,0.02,0.02,0.02
{'1232'} VirtualEvent(MB): min(0.02) max(0.03) average(0.02)
{'739'} keypad(MB): 0.03,0.03,0.03,0.03,0.03,0.03,0.02,0.02,0.02,0.02,0.02,0.02,0.02,0.02,0.02,0.02,0.02,0.02,0.02,0.02,0.02,0.02,0.02,0.02,0.02,0.02,0.02,0.02,0.02,0.02,0.02,0.02,0.02
{'739'} keypad(MB): min(0.02) max(0.03) average(0.02)
{'737'} hardwared(MB): 0.01,0.01,0.01,0.01,0.01,0.01,0.00,0.00,0.00,0.00,0.00,0.00,0.00,0.00,0.00,0.00,0.00,0.00,0.00,0.00,0.00,0.00,0.00,0.00,0.00,0.00,0.00,0.00,0.00,0.00,0.00,0.00,0.00
{'737'} hardwared(MB): min(0.0) max(0.01) average(0.0)
{'1861'} dhcpcd(MB): 0.01,0.01,0.01,0.01,0.01,0.01,0.00,0.00,0.00,0.00,0.00,0.00,0.00,0.00,0.00,0.00,0.00,0.00,0.00,0.00,0.00,0.00,0.00,0.00,0.00,0.00,0.00,0.00,0.00,0.00,0.00,0.00,0.00
{'1861'} dhcpcd(MB): min(0.0) max(0.01) average(0.0)
{'747'} installd(MB): 0.01,0.01,0.01,0.01,0.01,0.01,0.00,0.00,0.00,0.00,0.00,0.00,0.00,0.00,0.00,0.00,0.00,0.00,0.00,0.00,0.00,0.00,0.00,0.00,0.00,0.00,0.00,0.00,0.00,0.00,0.00,0.00,0.00
{'747'} installd(MB): min(0.0) max(0.01) average(0.0)
{'741'} debuggerd(MB): 0.01,0.01,0.01,0.01,0.01,0.01,0.00,0.00,0.00,0.00,0.00,0.00,0.00,0.00,0.00,0.00,0.00,0.00,0.00,0.00,0.00,0.00,0.00,0.00,0.00,0.00,0.00,0.00,0.00,0.00,0.00,0.00,0.00
{'741'} debuggerd(MB): min(0.0) max(0.01) average(0.0)
{'1258'} smobsd(MB): 0.01,0.01,0.01,0.01,0.01,0.01,0.00,0.00,0.00,0.00,0.00,0.00,0.00,0.00,0.00,0.00,0.00,0.00,0.00,0.00,0.00,0.00,0.00,0.00,0.00,0.00,0.00,0.00,0.00,0.00,0.00,0.00,0.00
{'1258'} smobsd(MB): min(0.0) max(0.01) average(0.0)
{'11395'} com.tianci.movieplatform:daemon(MB): 2.85,10.63,18.53,18.41,19.54,20.19,20.14,19.62,18.19,18.15,18.09,17.72,17.70,17.70,17.70,17.80,17.80,17.69,17.69,17.64,17.26,16.87,16.86,15.26,15.24,14.70,14.60,14.48,14.28,13.60,13.57
{'11395'} com.tianci.movieplatform:daemon(MB): min(2.85) max(20.19) average(16.47)
{'11727', '14146'} ps(MB): 0.00,0.00,0.00
{'11727', '14146'} ps(MB): min(0.0) max(0.0) average(0.0)
{'11882', '11728', '14147'} grep(MB): 0.00,0.00,0.00,0.00,0.00
{'11882', '11728', '14147'} grep(MB): min(0.0) max(0.0) average(0.0)
{'14148', '11729'} awk(MB): 0.00,0.00,0.00
{'14148', '11729'} awk(MB): min(0.0) max(0.0) average(0.0)
