usr: 10,33,19,28,84,34,63,65,62,53,44,48,34,40,32,48,47,39,62,26,44,44,42,46,26,39,36,35,29,45,35,39,49,17,26,32,33,27,47,47,17,31,24,38,35,32,36,28,24,27,29,32,21,43,27,20,45,38,38,36,47,31,42,18,42,12,43,42,67,45
usr: min(10.0) max(84.0) average(37.41)
sys: 38,28,61,22,14,32,33,19,29,39,49,40,53,46,58,36,39,50,35,51,47,52,48,44,39,53,45,56,43,40,39,42,37,32,44,56,43,33,39,40,48,58,51,38,44,45,46,60,39,43,55,47,32,49,52,50,50,55,54,48,43,36,48,43,49,37,39,34,28,45
sys: min(14.0) max(61.0) average(43.0)
nic: 0,0,0,0,2,0,0,0,0,0,0,0,0,0,5,10,9,0,0,0,0,0,0,0,1,0,0,0,0,1,0,0,3,0,0,0,0,0,0,0,2,0,0,0,0,0,0,1,0,0,0,0,0,0,0,0,0,0,0,3,0,0,0,0,0,0,3,0,1,1
nic: min(0.0) max(10.0) average(0.6)
idle: 8,20,14,40,0,1,0,8,1,1,0,5,5,1,1,2,0,3,1,14,0,1,4,4,22,1,7,1,12,6,18,12,0,44,16,7,11,31,9,6,21,5,12,17,8,10,13,2,20,21,5,9,37,0,13,18,1,0,3,3,3,22,3,25,1,28,0,20,1,0
idle: min(0.0) max(44.0) average(9.4)
io: 40,15,2,10,0,28,0,4,0,0,1,3,5,7,0,2,1,3,0,8,1,0,2,3,4,0,5,1,10,3,3,3,0,3,8,3,11,7,3,3,8,1,6,1,5,8,1,2,9,5,1,7,5,0,4,8,1,0,0,1,0,4,1,13,0,21,1,2,0,0
io: min(0.0) max(40.0) average(4.53)
irq: 0,0,0,0,0,0,0,0,0,0,0,0,0,0,0,0,0,0,0,0,0,0,0,0,0,0,0,0,0,0,0,0,0,0,0,0,0,0,0,0,0,0,0,0,0,0,0,0,0,0,0,0,0,0,0,0,0,0,0,0,0,0,0,0,0,0,0,0,0,0
irq: min(0.0) max(0.0) average(0.0)
sirq: 2,1,2,0,0,1,2,2,5,6,5,3,0,3,1,0,1,3,0,0,5,2,1,1,4,5,5,3,4,3,1,1,9,1,3,0,0,0,0,1,2,3,5,3,4,2,1,2,5,1,7,3,3,5,1,2,1,5,3,5,5,4,3,0,6,0,12,2,1,8
sirq: min(0.0) max(12.0) average(2.71)
{'457'} [mmcqd/0]: 16,4,19,2,2,17,8,9,2,14,10,6,13,9,9,16,18,16,4,10,8,4,7,9,10,7,8,9,16,9,9,8,7,10,9,11,14,12,7,8,18,10,12,10,9,11,10,9,17,11,7,13,7,5,12,14,9,3,7,8,13,11,15,17,7,14,7,6,2,3
{'457'} [mmcqd/0]: min(2.0) max(19.0) average(9.76)
{'2534'} com.tianci.movieplatform: 8,21,9,22,72,23,34,48,19,29,27,22,19,30,20,51,45,34,37,18,18,21,26,23,16,8,16,15,4,14,13,23,16,6,5,13,7,10,7,20,8,10,14,13,13,15,17,12,15,9,19,11,7,15,9,8,14,23,13,22,23,9,21,7,14,5,40,28,26,21
{'2534'} com.tianci.movieplatform: min(4.0) max(72.0) average(19.0)
{'1348'} system_server: 4,4,17,0,21,0,27,0,11,17,15,9,4,5,25,6,12,0,23,0,12,13,2,22,0,14,0,20,2,14,23,7,13,0,21,9,21,0,21,23,8,22,5,21,15,20,6,16,0,20,2,19,0,15,0,24,9,13,20,18,19,0,25,0,14,0,13,2,37,13
{'1348'} system_server: min(0.0) max(37.0) average(11.61)
{'11139'} meminfodumpsys: 4
{'11139'} meminfodumpsys: min(4.0) max(4.0) average(4.0)
{'12883', '12764', '14591', '12360', '12396', '11243', '12201', '14324', '14520', '11171', '12439', '12812', '14022', '11362', '12135', '13563', '13192', '12947', '13370', '13599', '13422', '11757', '12594', '13452', '11307', '11137', '14466', '14715', '11952', '13048', '13842', '14412', '14175', '12319', '13097', '13256', '13899', '14127', '12659', '13144', '14660', '12081', '11839', '11505', '13936', '13977', '12993', '11618', '11876', '12246', '11425', '13529', '14059', '14369', '12521', '14091', '13298', '13495', '11708', '13801', '14229', '13644', '13327', '13229', '13726', '14288', '12708', '13682', '13761', '12011'} 1-ntopbusybox: 4,2,4,2,2,2,3,2,2,3,3,3,2,5,4,2,4,5,4,4,4,4,5,3,5,4,6,4,4,3,2,3,4,2,4,5,4,2,4,2,4,3,3,4,3,4,4,4,2,6,4,4,4,4,5,4,3,4,5,3,4,4,4,3,2,2,4,2,3,3
{'12883', '12764', '14591', '12360', '12396', '11243', '12201', '14324', '14520', '11171', '12439', '12812', '14022', '11362', '12135', '13563', '13192', '12947', '13370', '13599', '13422', '11757', '12594', '13452', '11307', '11137', '14466', '14715', '11952', '13048', '13842', '14412', '14175', '12319', '13097', '13256', '13899', '14127', '12659', '13144', '14660', '12081', '11839', '11505', '13936', '13977', '12993', '11618', '11876', '12246', '11425', '13529', '14059', '14369', '12521', '14091', '13298', '13495', '11708', '13801', '14229', '13644', '13327', '13229', '13726', '14288', '12708', '13682', '13761', '12011'} 1-ntopbusybox: min(2.0) max(6.0) average(3.49)
{'2455'} com.tianci.de: 2,4,6,2,2,6,8,4,4,8,5,3,4,5,4,4,6,5,4,4,4,7,8,4,10,9,5,11,10,6,9,5,9,6,0,4,4,4,5,5,6,2,5,8,7,4,4,4,4,4,7,8,2,6,6,4,8,4,4,7,6,7,4,3,8,2,4,2,2,8
{'2455'} com.tianci.de: min(0.0) max(11.0) average(5.21)
{'1114'} 2706432000TvServer: 2,2,1,2,3,2,3,2,2,2,2,4,3,4,4,3,4,5,4,4,5,2,3,4,4,2,5,4,4,2,3,2,2,3,4,3,4,6,3,4,2,4,4,4,3,6,4,5,4,5,5,4,4,2,3,1,2,3,6,5,6
{'1114'} 2706432000TvServer: min(1.0) max(6.0) average(3.43)
{'742'} /system/bin/surfaceflinger: 2,15,2,2,5,5,9,8,11,11,4,9,4,6,9,7,7,7,5,9,13,7,10,6,6,8,10,6,4,11,7,6,5,5,6,7,7,4,6,7,4,7,6,7,11,8,2,5,5,6,14,13,9,8,9,12,6,5,3,6,4,2,10
{'742'} /system/bin/surfaceflinger: min(2.0) max(15.0) average(6.98)
{'1436'} /sbin/adbd: 2,2,2,2,5,2,5,2,4,2,2,2,1,3,1,1,3,3,4,2,3,3,2,2,2,1,1,2,2,2,2,2,1,3,1,3,4,3,5
{'1436'} /sbin/adbd: min(1.0) max(5.0) average(2.41)
{'348'} [kswapd0]: 2,6,1,1,2,6
{'348'} [kswapd0]: min(1.0) max(6.0) average(3.0)
{'10'} [rcu_preempt]: 2,2,2,2,1,2,2,2,2,2,2,2,2,1,2
{'10'} [rcu_preempt]: min(1.0) max(2.0) average(1.87)
{'8590'} com.ccos.tv.homepage: 0,0,0,0,0,0
{'8590'} com.ccos.tv.homepage: min(0.0) max(0.0) average(0.0)
{'1587'} com.tianci.system: 0,2,0,0,0,0,0,0,0,2,0,0,0,2,0,0,0,2,0,0,0,0,0,0,0,0,2,0,0,0,0,2,0,0,0,2,0,0,0,0,0,0,0,2,1,0,0,0,0,0,0,0,0,0,0,0,2,1,0,0,0,0,0,0,0,0,0,0,0,3
{'1587'} com.tianci.system: min(0.0) max(3.0) average(0.33)
{'1872'} com.coocaa.os.ccosservice: 0,0,0,0,0,0,0,0,0,0,0,0,0,0,0,0,0,0,0,0,0,0,0,0,0,0,0,0,0,0,0,0,0,0,0,0,0,0,0,0,0,0,0,0,0,0,0,0,0,0,0,0,0,0,0,0,0,0,0,0,0,0,0,0,0,0,0,0,1
{'1872'} com.coocaa.os.ccosservice: min(0.0) max(1.0) average(0.01)
{'8645'} com.tianci.user: 0,0,0,0,0,0,0,0,0,0,0,0,0,0,0,0,0,0,0,0,0,0,0,0,0,0,0,0,0,0,0,0,0,0,0,0,0,0,0,0,0,0,0,0,0,0,0,0,0,0,0,0,0,0,0,0,0,0,0,0,0,0,0,0,0,0,0
{'8645'} com.tianci.user: min(0.0) max(0.0) average(0.0)
{'1722'} com.tianci.push: 0,0,0,0,0,0,0,0,0,0,0,0,0,0,0,0,0,0,0,0,0,0,0,0,0,0,0,0,0,0,0,0,0,0,0,0,0,0,0,0,0,0,0,2,0,0,0,0,0,0,0,0,0,0,0,0,0,0,0,0,0,0,1,0,0
{'1722'} com.tianci.push: min(0.0) max(2.0) average(0.05)
{'2730'} com.tianci.ad: 0,0,0,0,0,0,0,0,0,0,0,0,0,0,0,0,0
{'2730'} com.tianci.ad: min(0.0) max(0.0) average(0.0)
{'2763'} com.coocaa.sysreport: 0,0,4,0,0,0,0,0,2,0,0,0,2,0,0,0,0,0,0,0,6,0,0,0,0,0,0,0,0,0,0,0,0,0,0,0,0,0,0,0,0,0,0,0,0,0,0,0,0,0,0,0,0,0,0,8,0
{'2763'} com.coocaa.sysreport: min(0.0) max(8.0) average(0.39)
{'1572'} com.dunn.instrument: 0,0,0,0,0,0,0,0,9,0,0,2,4,5,0,0,2,0,5,4,2,0,16,3,8,3,0,12,0,0,9,0,4,0,0,7,0,6,0,0,6,0,0,7,0,0,8,5,0,9,7,5,0,4,0,0,5,0,4,6,0,1
{'1572'} com.dunn.instrument: min(0.0) max(16.0) average(2.71)
{'2265'} com.coocaa.os.softsettings.provide: 0,0,0,0,0,0,0,0,0,0,0,0,0,0,0,0,0,0,0,0,0,0,0,0,0,0,0,0,0,0,0,0,0,0,0,0,0,0,0,0,0,0,0,0,0
{'2265'} com.coocaa.os.softsettings.provide: min(0.0) max(0.0) average(0.0)
{'1796'} com.dunn.i/system/binapp_process: 0,0,0,0,0,0,0,0,0,0,0,0,0,0,0,0,0,0,0,0,0,0,0,0,0,0,0,0,0,0,0,0,0
{'1796'} com.dunn.i/system/binapp_process: min(0.0) max(0.0) average(0.0)
{'2636'} android.process.media: 0,0,0,0,0,0,0,0,0,0,0,0,0,0,0,0,0,0,0,0,0,0,0,0,0,0
{'2636'} android.process.media: min(0.0) max(0.0) average(0.0)
{'1581'} com.skyworth.android.skyRMService: 0,0,0,0,0,0,0,5,0,0,0,0,0,0,0,0,0
{'1581'} com.skyworth.android.skyRMService: min(0.0) max(5.0) average(0.29)
{'8938'} com.coocaa.messageprovider: 0,0,0,0,0,0
{'8938'} com.coocaa.messageprovider: min(0.0) max(0.0) average(0.0)
{'744'} /-Xzygote/bin/app_processzygote: 0,0,0
{'744'} /-Xzygote/bin/app_processzygote: min(0.0) max(0.0) average(0.0)
{'11395'} com.tianci.movieplatform:daemon: 2,8,22,24,15,12,19,10,3,0,0,0,0,0,0,0,0,0,0,0,0,0,0,0,0,0,0,0,0,0,0,0,0,0,0,0,0,0,0,0,0,0,0,0,0,0,0,0,0,0,0,0,0,0,0,0,0,0,0,0,0,0,0,0
{'11395'} com.tianci.movieplatform:daemon: min(0.0) max(24.0) average(1.8)
{'32'} [kworker/3:1]: 2,2,1
{'32'} [kworker/3:1]: min(1.0) max(2.0) average(1.67)
{'21'} [ksoftirqd/3]: 2,2,1,2,2,2,1,1
{'21'} [ksoftirqd/3]: min(1.0) max(2.0) average(1.62)
{'712'} [kworker/3:1H]: 2,1,2
{'712'} [kworker/3:1H]: min(1.0) max(2.0) average(1.67)
{'2087'} long-vlogcat: 3,2,2,2,2,2,2,1,2,2,2,2,1,1,2,2,1,1,2,1,3
{'2087'} long-vlogcat: min(1.0) max(3.0) average(1.81)
{'13'} [ksoftirqd/1]: 1,2,1,2
{'13'} [ksoftirqd/1]: min(1.0) max(2.0) average(1.5)
{'14718', '11711'} com.tianci.movieplgfxinfodumpsys: 2,3
{'14718', '11711'} com.tianci.movieplgfxinfodumpsys: min(2.0) max(3.0) average(2.5)
{'31'} [kworker/2:1]: 2,2,1
{'31'} [kworker/2:1]: min(1.0) max(2.0) average(1.67)
{'1608'} [RTW_CMD_THREAD]: 2,4,2,2,1
{'1608'} [RTW_CMD_THREAD]: min(1.0) max(4.0) average(2.2)
{'8372'} [kworker/u:3]: 2,2,2,2,2,2,1,1,2,2,2,1,2,2,1,1,1
{'8372'} [kworker/u:3]: min(1.0) max(2.0) average(1.65)
{'757'} 1023-g1023-u/system/bin/sdcard: 5,2,2
{'757'} 1023-g1023-u/system/bin/sdcard: min(2.0) max(5.0) average(3.0)
{'746'} /system/bin/mediaserver: 3,5,2,3,8,10,19,9,10,10,8,11,13,9,10,26,8,12,12,12,5,9,11,8,26,7,8,7,14,12,7,7,12,10,8,7,13,9,7,7,11,8,13,14,15,11,11,14,10,8,6,4,2,20,10
{'746'} /system/bin/mediaserver: min(2.0) max(26.0) average(10.02)
{'8'} [kworker/u:0H]: 2,3,1,2,1,2,2
{'8'} [kworker/u:0H]: min(1.0) max(3.0) average(1.86)
{'752'} [flush-179:0]: 3
{'752'} [flush-179:0]: min(3.0) max(3.0) average(3.0)
{'739'} /system/bin/keypad: 2,2,2,2,1,1,2,2,2,2,1
{'739'} /system/bin/keypad: min(1.0) max(2.0) average(1.73)
{'7'} [kworker/u:0]: 2,2,2,2,1,1,1,2,1,2,1,2
{'7'} [kworker/u:0]: min(1.0) max(2.0) average(1.58)
{'740'} /system/bin/netd: 2,2,1,1
{'740'} /system/bin/netd: min(1.0) max(2.0) average(1.5)
{'17'} [ksoftirqd/2]: 2,2,2,2,2
{'17'} [ksoftirqd/2]: min(2.0) max(2.0) average(2.0)
{'10615'} [kworker/u:2H]: 2,1,2,2,1,1,2,1,2,1
{'10615'} [kworker/u:2H]: min(1.0) max(2.0) average(1.5)
{'699'} [jbd2/mmcblk0p2-]: 2,2,1,1,1,1,1,3,2,2,2,2,2,2,2,2,1,2,2,2,2,2,2,2,2,2,1,2,1,1
{'699'} [jbd2/mmcblk0p2-]: min(1.0) max(3.0) average(1.73)
{'735'} /system/bin/servicemanager: 2,3,2,2,2,2,2,2,2,2,1,1,2,2
{'735'} /system/bin/servicemanager: min(1.0) max(3.0) average(1.93)
{'749'} /system/bin/FileDesc_server: 1,1,2,2,2,2,2,1,2,2,1
{'749'} /system/bin/FileDesc_server: min(1.0) max(2.0) average(1.64)
{'12438'} www.qq.com2-cping: 1
{'12438'} www.qq.com2-cping: min(1.0) max(1.0) average(1.0)
{'33'} [kworker/0:1]: 1,2,2,2,2
{'33'} [kworker/0:1]: min(1.0) max(2.0) average(1.8)
{'27'} [kworker/u:1]: 1,2,2,1,1
{'27'} [kworker/u:1]: min(1.0) max(2.0) average(1.4)
{'4'} [ksoftirqd/0]: 2,2,2,2,1,1
{'4'} [ksoftirqd/0]: min(1.0) max(2.0) average(1.67)
{'694'} [kworker/0:1H]: 2,2,2,2
{'694'} [kworker/0:1H]: min(2.0) max(2.0) average(2.0)
{'695'} [kworker/1:1H]: 2,2
{'695'} [kworker/1:1H]: min(2.0) max(2.0) average(2.0)
{'754'} /system/vendor/bin/coocaa_guard: 2
{'754'} /system/vendor/bin/coocaa_guard: min(2.0) max(2.0) average(2.0)
{'286'} [kworker/u:2]: 2,2,1
{'286'} [kworker/u:2]: min(1.0) max(2.0) average(1.67)
{'696'} [kworker/2:1H]: 1
{'696'} [kworker/2:1H]: min(1.0) max(1.0) average(1.0)
{'30'} [kworker/1:1]: 2
{'30'} [kworker/1:1]: min(2.0) max(2.0) average(2.0)
