total_ram(MB): 3655.56,3655.56,3655.56,3655.56,3655.56,3655.56,3655.56,3655.56,3655.56,3655.56
total_ram(MB): min(3655.56) max(3655.56) average(3655.56)
free_ram(MB): 1091.59,894.15,991.75,983.36,988.64,986.92,979.36,969.49,965.99,968.14
free_ram(MB): min(894.15) max(1091.59) average(981.94)
used_ram(MB): 2071.50,2211.38,2146.60,2159.17,2148.41,2160.03,2166.90,2157.11,2181.02,2168.62
used_ram(MB): min(2071.5) max(2211.38) average(2157.07)
lost_ram(MB): 492.20,549.77,516.95,512.78,518.25,508.34,509.04,528.71,508.29,518.54
lost_ram(MB): min(492.2) max(549.77) average(516.29)
free(MB): 184.75,107.73,135.27,124.82,127.99,126.24,116.55,96.27,92.77,88.99
free(MB): min(88.99) max(184.75) average(120.14)
used_pss(MB): 1738.67,1761.04,1720.46,1733.09,1722.38,1733.90,1740.82,1730.80,1754.71,1742.29
used_pss(MB): min(1720.46) max(1761.04) average(1737.82)
kernel(MB): 332.83,450.34,426.14,426.07,426.04,426.13,426.08,426.30,426.31,426.34
kernel(MB): min(332.83) max(450.34) average(419.26)
buffers(MB): 0.00,0.00,0.00,0.00,0.00,0.00,0.00,0.00,0.00,0.00
buffers(MB): min(0.0) max(0.0) average(0.0)
shmem(MB): 0.00,0.00,0.00,0.00,0.00,0.00,0.00,0.00,0.00,0.00
shmem(MB): min(0.0) max(0.0) average(0.0)
slab(MB): 0.00,0.00,0.00,0.00,0.00,0.00,0.00,0.00,0.00,0.00
slab(MB): min(0.0) max(0.0) average(0.0)
total_swap(MB): 900.00,900.00,900.00,900.00,900.00,900.00,900.00,900.00,900.00,900.00
total_swap(MB): min(900.0) max(900.0) average(900.0)
used_swap(MB): 1.00,1.00,1.00,1.00,1.00,1.00,1.00,1.00,1.00,1.00
used_swap(MB): min(1.0) max(1.0) average(1.0)
{'5476'} com.tianci.movieplatform(MB): 514.11,514.11,365.63,514.13,514.13,365.22,552.84,552.84,403.68,559.22,559.22,410.04,555.91,555.91,406.69,561.19,561.19,411.96,561.51,561.51,412.26,559.34,559.34,410.09,574.17,574.17,424.90,570.34,570.34,421.05
{'5476'} com.tianci.movieplatform(MB): min(365.22) max(574.17) average(502.57)
{'1033'} system(MB): 352.16,352.16,148.93,361.36,361.36,158.09,353.69,353.69,150.39,359.13,359.13,155.83,351.12,351.12,147.82,356.66,356.66,153.35,362.43,362.43,159.13,354.15,354.15,150.84,360.69,360.69,157.38,351.89,351.89,148.58
{'1033'} system(MB): min(147.82) max(362.43) average(288.56)
{'10112'} com.coocaa.aigc.home(MB): 269.91,269.91,143.71,266.12,266.12,138.60,265.48,265.48,137.00,265.52,265.52,137.04,265.52,265.52,137.04,265.52,265.52,137.04,265.66,265.66,137.18,266.44,266.44,137.96,266.84,266.84,138.36,266.84,266.84,138.36
{'10112'} com.coocaa.aigc.home(MB): min(137.0) max(269.91) average(223.67)
{'1587'} com.skyworth.angel.voice(MB): 206.03,206.03,89.09,206.52,206.52,89.57,203.34,203.34,86.38,203.94,203.94,86.98,204.47,204.47,87.51,205.03,205.03,88.07,205.55,205.55,88.59,206.10,206.10,89.14,206.69,206.69,89.73,203.30,203.30,86.34
{'1587'} com.skyworth.angel.voice(MB): min(86.34) max(206.69) average(166.11)
{'3844'} com.skyworth.setting(MB): 181.14,181.14,68.05,181.14,181.14,67.90,181.15,181.15,67.90,181.15,181.15,67.90,181.15,181.15,67.91,181.15,181.15,67.91,181.15,181.15,67.91,181.15,181.15,67.91,181.15,181.15,67.91,181.15,181.15,67.91
{'3844'} com.skyworth.setting(MB): min(67.9) max(181.15) average(143.41)
{'367'} zygote(MB): 173.27,173.27,28.24,173.27,173.27,28.24,173.27,173.27,28.24,173.27,173.27,28.24,173.27,173.27,28.24,173.27,173.27,28.24,173.27,173.27,28.24,173.27,173.27,28.24,173.27,173.27,28.24,173.27,173.27,28.24
{'367'} zygote(MB): min(28.24) max(173.27) average(124.93)
{'10136'} com.coocaa.aigc.home:splash(MB): 170.38,170.38,66.62,170.38,170.38,66.62,170.70,170.70,66.64,170.70,170.70,66.64,170.70,170.70,66.64,170.70,170.70,66.64,170.70,170.70,66.64,170.70,170.70,66.64,170.70,170.70,66.64,170.70,170.70,66.64
{'10136'} com.coocaa.aigc.home:splash(MB): min(66.62) max(170.7) average(135.97)
{'7835'} com.tianci.user(MB): 161.43,161.43,45.99,161.43,161.43,45.88,161.44,161.44,45.89,161.44,161.44,45.89,161.44,161.44,45.89,161.44,161.44,45.89,161.44,161.44,45.89,161.44,161.44,45.89,161.44,161.44,45.89,161.44,161.44,45.89
{'7835'} com.tianci.user(MB): min(45.88) max(161.44) average(122.93)
{'3053'} com.sogou.inputmethod.iot(MB): 156.93,156.93,62.86,156.95,156.95,62.87,156.87,156.87,62.79,156.89,156.89,62.81,156.89,156.89,62.81,156.91,156.91,62.83,156.92,156.92,62.84,156.92,156.92,62.84,156.93,156.93,62.85,156.95,156.95,62.87
{'3053'} com.sogou.inputmethod.iot(MB): min(62.79) max(156.95) average(125.56)
{'1619'} com.tianci.system(MB): 156.34,156.34,47.49,156.63,156.63,47.77,156.70,156.70,47.83,156.70,156.70,47.84,156.69,156.69,47.83,156.69,156.69,47.83,156.69,156.69,47.83,156.70,156.70,47.83,156.94,156.94,48.08,156.95,156.95,48.08
{'1619'} com.tianci.system(MB): min(47.49) max(156.95) average(120.42)
{'4188'} com.coocaa.simple.launcher(MB): 154.38,154.38,44.25,154.38,154.38,44.25,154.38,154.38,44.25,154.38,154.38,44.25,154.38,154.38,44.25,154.38,154.38,44.25,154.38,154.38,44.25,154.38,154.38,44.25,154.38,154.38,44.25,154.38,154.38,44.25
{'4188'} com.coocaa.simple.launcher(MB): min(44.25) max(154.38) average(117.67)
{'4674'} com.github.uiautomator(MB): 146.68,146.68,36.71,146.70,146.70,36.71,146.71,146.71,36.73,146.71,146.71,36.73,146.71,146.71,36.73,146.71,146.71,36.73,146.71,146.71,36.73,146.71,146.71,36.73,146.71,146.71,36.73,146.71,146.71,36.73
{'4674'} com.github.uiautomator(MB): min(36.71) max(146.71) average(110.05)
{'1682'} com.coocaa.os.service(MB): 142.23,142.23,51.42,142.78,142.78,51.98,143.47,143.47,52.66,143.48,143.48,52.67,143.48,143.48,52.67,143.48,143.48,52.67,143.52,143.52,52.71,143.53,143.53,52.72,143.53,143.53,52.72,149.03,149.03,58.22
{'1682'} com.coocaa.os.service(MB): min(51.42) max(149.03) average(113.58)
{'1880'} com.tianci.de(MB): 135.38,135.38,33.40,135.39,135.39,33.41,135.42,135.42,33.44,135.55,135.55,33.58,135.58,135.58,33.60,135.60,135.60,33.62,135.62,135.62,33.64,135.64,135.64,33.67,135.66,135.66,33.68,135.68,135.68,33.70
{'1880'} com.tianci.de(MB): min(33.4) max(135.68) average(101.56)
{'2370'} com.skyworth.quickcenter(MB): 131.71,131.71,43.25,131.71,131.71,43.25,131.72,131.72,43.25,131.72,131.72,43.26,131.72,131.72,43.26,131.73,131.73,43.26,131.73,131.73,43.26,131.73,131.73,43.26,131.73,131.73,43.27,131.73,131.73,43.27
{'2370'} com.skyworth.quickcenter(MB): min(43.25) max(131.73) average(102.24)
{'8057'} com.tianci.de:core(MB): 125.54,125.54,26.71,125.54,125.54,26.71,125.55,125.55,26.71,125.55,125.55,26.71,125.55,125.55,26.71,125.55,125.55,26.71,125.55,125.55,26.71,125.55,125.55,26.71,125.55,125.55,26.71,125.55,125.55,26.71
{'8057'} com.tianci.de:core(MB): min(26.71) max(125.55) average(92.6)
{'2530'} com.xiaodianshi.tv.yst:stats(MB): 122.66,122.66,41.31,122.66,122.66,41.31,122.66,122.66,41.31,122.66,122.66,41.31,122.67,122.67,41.31,122.67,122.67,41.31,122.67,122.67,41.31,122.67,122.67,41.31,122.67,122.67,41.31,122.67,122.67,41.31
{'2530'} com.xiaodianshi.tv.yst:stats(MB): min(41.31) max(122.67) average(95.55)
{'4793'} com.coocaa.screensaver(MB): 122.54,122.54,37.58,122.54,122.54,37.58,122.54,122.54,37.58,122.54,122.54,37.58,122.54,122.54,37.58,122.54,122.54,37.58,122.54,122.54,37.58,122.54,122.54,37.58,122.54,122.54,37.58,122.54,122.54,37.58
{'4793'} com.coocaa.screensaver(MB): min(37.58) max(122.54) average(94.22)
{'2894'} com.tianci.appstore(MB): 119.37,119.37,33.52,119.43,119.43,33.58,119.98,119.98,34.14,120.05,120.05,34.20,120.12,120.12,34.27,120.18,120.18,34.34,120.25,120.25,34.41,120.32,120.32,34.48,120.39,120.39,34.55,120.46,120.46,34.62
{'2894'} com.tianci.appstore(MB): min(33.52) max(120.46) average(91.44)
{'2202'} com.tianci.de:TianciDaemons(MB): 114.00,114.00,16.25,114.00,114.00,16.26,114.01,114.01,16.26,114.01,114.01,16.26,114.01,114.01,16.26,114.01,114.01,16.26,114.01,114.01,16.26,114.01,114.01,16.27,114.01,114.01,16.27,114.01,114.01,16.27
{'2202'} com.tianci.de:TianciDaemons(MB): min(16.25) max(114.01) average(81.43)
{'7504'} com.android.webview:webview_apk(MB): 111.14,111.14,19.84,111.14,111.14,19.84,111.14,111.14,19.84,111.14,111.14,19.84,111.14,111.14,19.84,111.14,111.14,19.84,111.14,111.14,19.84,111.14,111.14,19.84,111.14,111.14,19.84,111.14,111.14,19.84
{'7504'} com.android.webview:webview_apk(MB): min(19.84) max(111.14) average(80.71)
{'4619'} apkagent.cli(MB): 106.66,106.66,23.20,106.66,106.66,23.19,106.66,106.66,23.19,106.66,106.66,23.20,106.66,106.66,23.20,106.66,106.66,23.20,106.66,106.66,23.19,106.66,106.66,23.19,106.66,106.66,23.19,106.66,106.66,23.20
{'4619'} apkagent.cli(MB): min(23.19) max(106.66) average(78.84)
{'1314'} com.android.bluetooth(MB): 103.78,103.78,21.35,103.78,103.78,21.35,103.78,103.78,21.35,103.78,103.78,21.35,103.78,103.78,21.35,103.78,103.78,21.35,103.78,103.78,21.35,103.78,103.78,21.35,103.78,103.78,21.35,103.78,103.78,21.35
{'1314'} com.android.bluetooth(MB): min(21.35) max(103.78) average(76.3)
{'4651'} app_process(MB): 100.89,100.89,20.62,100.89,100.89,20.62,100.89,100.89,20.62,100.89,100.89,20.62,100.89,100.89,20.62,100.89,100.89,20.62,100.89,100.89,20.62,100.89,100.89,20.62,100.89,100.89,20.62,100.89,100.89,20.62
{'4651'} app_process(MB): min(20.62) max(100.89) average(74.13)
{'9975'} com.tianci.de:cast_detect_process(MB): 100.60,100.60,13.18,100.60,100.60,13.18,100.60,100.60,13.18,100.60,100.60,13.18,100.60,100.60,13.18,100.60,100.60,13.18,100.60,100.60,13.18,100.60,100.60,13.18,100.60,100.60,13.18,100.60,100.60,13.18
{'9975'} com.tianci.de:cast_detect_process(MB): min(13.18) max(100.6) average(71.46)
{'1638'} com.android.providers.media.module(MB): 99.45,99.45,16.73,99.45,99.45,16.73,99.45,99.45,16.73,99.45,99.45,16.73,99.45,99.45,16.73,99.45,99.45,16.73,99.45,99.45,16.73,99.45,99.45,16.73,99.45,99.45,16.73,99.45,99.45,16.73
{'1638'} com.android.providers.media.module(MB): min(16.73) max(99.45) average(71.88)
{'1626'} com.skyworth.smartcast(MB): 97.23,97.23,14.03,97.23,97.23,14.03,97.24,97.24,14.03,97.24,97.24,14.03,97.24,97.24,14.03,97.25,97.25,14.04,97.25,97.25,14.04,97.26,97.26,14.05,97.47,97.47,14.26,97.47,97.47,14.26
{'1626'} com.skyworth.smartcast(MB): min(14.03) max(97.47) average(69.55)
{'4096'} com.coocaa.os.control(MB): 95.38,95.38,16.26,95.38,95.38,16.26,95.38,95.38,16.26,95.38,95.38,16.26,95.38,95.38,16.26,95.38,95.38,16.26,95.38,95.38,16.26,95.38,95.38,16.26,95.38,95.38,16.26,95.38,95.38,16.26
{'4096'} com.coocaa.os.control(MB): min(16.26) max(95.38) average(69.01)
{'2434'} com.android.permissioncontroller(MB): 93.51,93.51,16.69,93.51,93.51,16.69,93.51,93.51,16.68,93.51,93.51,16.68,93.51,93.51,16.68,93.51,93.51,16.68,93.51,93.51,16.68,93.51,93.51,16.68,93.51,93.51,16.68,93.51,93.51,16.68
{'2434'} com.android.permissioncontroller(MB): min(16.68) max(93.51) average(67.9)
{'1403'} android.ext.services(MB): 92.67,92.67,11.88,92.67,92.67,11.88,92.67,92.67,11.88,92.67,92.67,11.88,92.67,92.67,11.88,92.67,92.67,11.88,92.67,92.67,11.88,92.67,92.67,11.88,92.67,92.67,11.88,92.67,92.67,11.88
{'1403'} android.ext.services(MB): min(11.88) max(92.67) average(65.74)
{'2802'} com.loostone.tuning(MB): 91.58,91.58,11.46,91.58,91.58,11.46,91.58,91.58,11.46,91.59,91.59,11.46,91.59,91.59,11.46,91.59,91.59,11.46,91.59,91.59,11.46,91.59,91.59,11.46,91.59,91.59,11.46,91.59,91.59,11.46
{'2802'} com.loostone.tuning(MB): min(11.46) max(91.59) average(64.88)
{'2559'} com.android.packageinstaller(MB): 84.29,84.29,11.78,84.29,84.29,11.78,84.29,84.29,11.78,84.29,84.29,11.78,84.29,84.29,11.78,84.29,84.29,11.78,84.29,84.29,11.78,84.29,84.29,11.78,84.29,84.29,11.78,84.29,84.29,11.78
{'2559'} com.android.packageinstaller(MB): min(11.78) max(84.29) average(60.12)
{'7474'} com.android.webview:webview_service(MB): 84.25,84.25,7.23,84.25,84.25,7.23,84.25,84.25,7.23,84.25,84.25,7.23,84.25,84.25,7.23,84.25,84.25,7.23,84.25,84.25,7.23,84.25,84.25,7.23,84.25,84.25,7.23,84.25,84.25,7.23
{'7474'} com.android.webview:webview_service(MB): min(7.23) max(84.25) average(58.58)
{'1770'} com.android.keychain(MB): 83.45,83.45,8.96,83.45,83.45,8.96,83.45,83.45,8.96,83.45,83.45,8.96,83.45,83.45,8.96,83.45,83.45,8.96,83.45,83.45,8.96,83.45,83.45,8.96,83.45,83.45,8.96,83.45,83.45,8.96
{'1770'} com.android.keychain(MB): min(8.96) max(83.45) average(58.62)
{'4424'} com.coocaa.os.perf.monitor(MB): 82.88,82.88,10.36,82.88,82.88,10.36,82.88,82.88,10.36,82.88,82.88,10.36,82.88,82.88,10.36,82.88,82.88,10.36,82.88,82.88,10.36,82.88,82.88,10.36,82.88,82.88,10.36,82.88,82.88,10.36
{'4424'} com.coocaa.os.perf.monitor(MB): min(10.36) max(82.88) average(58.71)
{'1367'} com.realtek.power(MB): 80.73,80.73,7.19,80.73,80.73,7.19,80.73,80.73,7.19,80.73,80.73,7.19,80.73,80.73,7.19,80.73,80.73,7.19,80.73,80.73,7.19,80.73,80.73,7.19,80.73,80.73,7.19,80.73,80.73,7.19
{'1367'} com.realtek.power(MB): min(7.19) max(80.73) average(56.22)
{'1553'} com.realtek.hw.configprovider(MB): 78.94,78.94,6.53,78.94,78.94,6.53,78.94,78.94,6.53,78.94,78.94,6.53,78.94,78.94,6.53,78.94,78.94,6.53,78.94,78.94,6.53,78.94,78.94,6.53,78.94,78.94,6.53,78.94,78.94,6.53
{'1553'} com.realtek.hw.configprovider(MB): min(6.53) max(78.94) average(54.8)
{'1342'} com.android.se(MB): 78.14,78.14,5.46,78.14,78.14,5.46,78.14,78.14,5.46,78.14,78.14,5.46,78.14,78.14,5.46,78.14,78.14,5.46,78.14,78.14,5.46,78.14,78.14,5.46,78.14,78.14,5.46,78.14,78.14,5.46
{'1342'} com.android.se(MB): min(5.46) max(78.14) average(53.91)
{'1298'} webview_zygote(MB): 74.42,74.42,6.66,74.42,74.42,6.66,74.42,74.42,6.66,74.42,74.42,6.66,74.42,74.42,6.66,74.42,74.42,6.66,74.42,74.42,6.66,74.42,74.42,6.66,74.42,74.42,6.66,74.42,74.42,6.66
{'1298'} webview_zygote(MB): min(6.66) max(74.42) average(51.83)
{'497'} surfaceflinger(MB): 42.60,42.60,21.09,42.57,42.57,21.07,42.62,42.62,21.11,42.62,42.62,21.11,42.62,42.62,21.11,42.62,42.62,21.12,42.62,42.62,21.12,42.62,42.62,21.12,42.62,42.62,21.12,42.62,42.62,21.12
{'497'} surfaceflinger(MB): min(21.07) max(42.62) average(35.45)
{'382'} android.hardware.audio.service(MB): 31.11,31.11,19.31,31.11,31.11,19.31,31.11,31.11,19.31,31.11,31.11,19.31,31.11,31.11,19.31,31.11,31.11,19.31,31.11,31.11,19.31,31.11,31.11,19.31,31.11,31.11,19.31,31.11,31.11,19.31
{'382'} android.hardware.audio.service(MB): min(19.31) max(31.11) average(27.18)
{'451'} vendor.skyworth.hardware.hwtvbase@1.0-service(MB): 27.71,27.71,17.87,27.71,27.71,17.87,27.71,27.71,17.87,27.71,27.71,17.87,27.71,27.71,17.87,27.71,27.71,17.87,27.71,27.71,17.87,27.71,27.71,17.87,27.71,27.71,17.87,27.71,27.71,17.87
{'451'} vendor.skyworth.hardware.hwtvbase@1.0-service(MB): min(17.87) max(27.71) average(24.43)
{'433'} vendor.realtek.tv@1.0-service(MB): 23.50,23.50,7.49,23.50,23.50,7.49,23.50,23.50,7.49,23.50,23.50,7.49,23.50,23.50,7.49,23.50,23.50,7.49,23.50,23.50,7.49,23.50,23.50,7.49,23.50,23.50,7.49,23.50,23.50,7.49
{'433'} vendor.realtek.tv@1.0-service(MB): min(7.49) max(23.5) average(18.16)
{'474'} audioserver(MB): 23.35,23.35,10.54,23.35,23.35,10.54,23.39,23.39,10.56,23.39,23.39,10.56,23.39,23.39,10.56,23.39,23.39,10.56,23.39,23.39,10.56,23.39,23.39,10.56,23.39,23.39,10.56,23.39,23.39,10.56
{'474'} audioserver(MB): min(10.54) max(23.39) average(19.11)
{'626'} tvservice(MB): 23.09,23.09,9.16,23.09,23.09,9.16,23.09,23.09,9.16,23.09,23.09,9.16,23.09,23.09,9.16,23.09,23.09,9.16,23.09,23.09,9.16,23.09,23.09,9.16,23.09,23.09,9.16,23.09,23.09,9.16
{'626'} tvservice(MB): min(9.16) max(23.09) average(18.45)
{'446'} vendor.skyworth.hardware.hwtv@1.0-service(MB): 21.31,21.31,11.71,21.31,21.31,11.71,21.31,21.31,11.71,21.31,21.31,11.71,21.31,21.31,11.71,21.31,21.31,11.71,21.31,21.31,11.71,21.31,21.31,11.71,21.31,21.31,11.71,21.31,21.31,11.71
{'446'} vendor.skyworth.hardware.hwtv@1.0-service(MB): min(11.71) max(21.31) average(18.11)
{'538'} media.extractor(MB): 21.04,21.04,5.88,21.04,21.04,5.88,21.04,21.04,5.88,21.04,21.04,5.88,21.04,21.04,5.88,21.04,21.04,5.88,21.04,21.04,5.88,21.04,21.04,5.88,21.04,21.04,5.88,21.04,21.04,5.88
{'538'} media.extractor(MB): min(5.88) max(21.04) average(15.99)
{'401'} android.hardware.media.c2@1.2-rtk-service(MB): 20.77,20.77,8.08,20.77,20.77,8.08,20.41,20.41,7.94,20.43,20.43,7.95,20.45,20.45,7.96,20.46,20.46,7.96,20.48,20.48,7.97,20.50,20.50,7.98,20.52,20.52,7.99,20.53,20.53,8.00
{'401'} android.hardware.media.c2@1.2-rtk-service(MB): min(7.94) max(20.77) average(16.35)
{'543'} mediaserver(MB): 20.73,20.73,5.41,20.73,20.73,5.41,20.73,20.73,5.41,20.73,20.73,5.41,20.73,20.73,5.41,20.73,20.73,5.41,20.73,20.73,5.41,20.73,20.73,5.41,20.73,20.73,5.41,20.73,20.73,5.41
{'543'} mediaserver(MB): min(5.41) max(20.73) average(15.62)
{'500'} DhcpClientd(MB): 20.52,20.52,6.13,20.52,20.52,6.13,20.52,20.52,6.13,20.52,20.52,6.13,20.52,20.52,6.13,20.52,20.52,6.13,20.52,20.52,6.13,20.52,20.52,6.13,20.52,20.52,6.13,20.52,20.52,6.13
{'500'} DhcpClientd(MB): min(6.13) max(20.52) average(15.72)
{'528'} cameraserver(MB): 19.98,19.98,7.31,19.98,19.98,7.31,19.98,19.98,7.31,19.98,19.98,7.31,19.98,19.98,7.31,19.98,19.98,7.31,19.98,19.98,7.31,19.98,19.98,7.31,19.98,19.98,7.31,19.98,19.98,7.31
{'528'} cameraserver(MB): min(7.31) max(19.98) average(15.76)
{'647'} media.swcodec(MB): 18.82,18.82,8.80,18.78,18.78,8.78,18.78,18.78,8.78,18.78,18.78,8.78,18.78,18.78,8.78,18.78,18.78,8.78,18.78,18.78,8.78,18.78,18.78,8.78,18.78,18.78,8.78,18.78,18.78,8.78
{'647'} media.swcodec(MB): min(8.78) max(18.82) average(15.45)
{'429'} vendor.realtek.media@1.0-service(MB): 18.78,18.78,6.27,18.78,18.78,6.27,18.78,18.78,6.27,18.78,18.78,6.27,18.78,18.78,6.27,18.78,18.78,6.27,18.78,18.78,6.27,18.78,18.78,6.27,18.78,18.78,6.27,18.78,18.78,6.27
{'429'} vendor.realtek.media@1.0-service(MB): min(6.27) max(18.78) average(14.61)
{'399'} android.hardware.graphics.composer-rtk@2.4-service(MB): 16.96,16.96,5.33,16.96,16.96,5.33,17.02,17.02,5.39,17.02,17.02,5.39,17.02,17.02,5.39,17.02,17.02,5.39,17.03,17.03,5.39,17.03,17.03,5.39,17.03,17.03,5.39,17.03,17.03,5.39
{'399'} android.hardware.graphics.composer-rtk@2.4-service(MB): min(5.33) max(17.03) average(13.13)
{'4593'} atx-agent(MB): 14.97,14.97,14.97,14.97,14.97,14.97,14.97,14.97,14.97,14.97,14.97,14.97,14.97,14.97,14.97,14.97,14.97,14.97,14.97,14.97,14.97,14.97,14.97,14.97,14.97,14.97,14.97,14.97,14.97,14.97
{'4593'} atx-agent(MB): min(14.97) max(14.97) average(14.97)
{'3959'} adbd(MB): 14.39,14.39,10.77,15.39,15.39,11.77,15.39,15.39,11.77,15.39,15.39,11.77,15.39,15.39,11.77,15.40,15.40,11.78,15.39,15.39,11.77,14.39,14.39,10.77,15.39,15.39,11.77,13.38,13.38,9.76
{'3959'} adbd(MB): min(9.76) max(15.4) average(13.78)
{'545'} mediatuner(MB): 13.45,13.45,3.88,13.45,13.45,3.88,13.45,13.45,3.88,13.45,13.45,3.88,13.45,13.45,3.88,13.45,13.45,3.88,13.45,13.45,3.88,13.45,13.45,3.88,13.45,13.45,3.88,13.45,13.45,3.88
{'545'} mediatuner(MB): min(3.88) max(13.45) average(10.26)
{'309'} vendor.skyworth.hardware.hwdevice@1.0-service(MB): 13.30,13.30,4.43,13.30,13.30,4.43,13.30,13.30,4.43,13.30,13.30,4.43,13.30,13.30,4.43,13.30,13.30,4.43,13.30,13.30,4.43,13.30,13.30,4.43,13.30,13.30,4.43,13.30,13.30,4.43
{'309'} vendor.skyworth.hardware.hwdevice@1.0-service(MB): min(4.43) max(13.3) average(10.34)
{'556'} media.codec(MB): 12.32,12.32,3.29,12.32,12.32,3.29,12.32,12.32,3.29,12.32,12.32,3.29,12.32,12.32,3.29,12.32,12.32,3.29,12.32,12.32,3.29,12.32,12.32,3.29,12.32,12.32,3.29,12.32,12.32,3.29
{'556'} media.codec(MB): min(3.29) max(12.32) average(9.31)
{'436'} vendor.skyworth.hardware.hwpanelUsb@1.0-service(MB): 12.05,12.05,3.38,12.05,12.05,3.38,12.05,12.05,3.38,12.05,12.05,3.38,12.05,12.05,3.38,12.05,12.05,3.38,12.05,12.05,3.38,12.05,12.05,3.38,12.05,12.05,3.38,12.05,12.05,3.38
{'436'} vendor.skyworth.hardware.hwpanelUsb@1.0-service(MB): min(3.38) max(12.05) average(9.16)
{'302'} keystore2(MB): 11.08,11.08,4.33,11.08,11.08,4.33,11.08,11.08,4.33,11.08,11.08,4.33,11.08,11.08,4.33,11.08,11.08,4.33,11.08,11.08,4.33,11.08,11.08,4.33,11.08,11.08,4.33,11.08,11.08,4.33
{'302'} keystore2(MB): min(4.33) max(11.08) average(8.83)
{'472'} vendor.skyworth.hardware.screenrecord@1.0-service(MB): 10.54,10.54,2.66,10.54,10.54,2.66,10.54,10.54,2.66,10.54,10.54,2.66,10.54,10.54,2.66,10.54,10.54,2.66,10.54,10.54,2.66,10.54,10.54,2.66,10.54,10.54,2.66,10.54,10.54,2.66
{'472'} vendor.skyworth.hardware.screenrecord@1.0-service(MB): min(2.66) max(10.54) average(7.91)
{'366'} netd(MB): 9.68,9.68,4.50,9.68,9.68,4.50,9.68,9.68,4.50,9.68,9.68,4.50,9.68,9.68,4.50,9.68,9.68,4.50,9.68,9.68,4.50,9.68,9.68,4.50,9.68,9.68,4.50,9.68,9.68,4.51
{'366'} netd(MB): min(4.5) max(9.68) average(7.95)
{'417'} android.hardware.tv.cec@1.0-service(MB): 9.66,9.66,2.16,9.66,9.66,2.16,9.66,9.66,2.16,9.66,9.66,2.16,9.66,9.66,2.16,9.66,9.66,2.16,9.66,9.66,2.16,9.66,9.66,2.16,9.66,9.66,2.16,9.66,9.66,2.16
{'417'} android.hardware.tv.cec@1.0-service(MB): min(2.16) max(9.66) average(7.16)
{'561'} audioserver_sky(MB): 9.64,9.64,2.62,9.64,9.64,2.62,9.64,9.64,2.62,9.64,9.64,2.62,9.64,9.64,2.62,9.64,9.64,2.62,9.64,9.64,2.62,9.64,9.64,2.62,9.64,9.64,2.62,9.64,9.64,2.62
{'561'} audioserver_sky(MB): min(2.62) max(9.64) average(7.3)
{'308'} rtkd(MB): 9.18,9.18,2.27,9.18,9.18,2.27,9.18,9.18,2.27,9.18,9.18,2.27,9.18,9.18,2.27,9.18,9.18,2.27,9.18,9.18,2.27,9.18,9.18,2.27,9.18,9.18,2.27,9.18,9.18,2.27
{'308'} rtkd(MB): min(2.27) max(9.18) average(6.88)
{'227', '1'} init(MB): 9.12,6.46,9.12,6.46,4.96,2.49,9.12,6.46,9.12,6.46,4.96,2.49,9.12,6.46,9.12,6.46,4.96,2.49,9.12,6.46,9.12,6.46,4.96,2.49,9.12,6.46,9.12,6.46,4.96,2.49,9.12,6.46,9.12,6.46,4.96,2.49,9.12,6.46,9.12,6.46,4.96,2.49,9.12,6.46,9.12,6.46,4.96,2.49,9.12,6.46,9.12,6.46,4.96,2.49,9.12,6.46,9.12,6.46,4.96,2.49
{'227', '1'} init(MB): min(2.49) max(9.12) average(6.43)
{'641'} vscserver(MB): 9.05,9.05,2.28,9.05,9.05,2.28,9.05,9.05,2.28,9.05,9.05,2.28,9.05,9.05,2.28,9.05,9.05,2.28,9.05,9.05,2.28,9.05,9.05,2.28,9.05,9.05,2.28,9.05,9.05,2.28
{'641'} vscserver(MB): min(2.28) max(9.05) average(6.79)
{'1382'} wpa_supplicant(MB): 8.73,8.73,4.16,8.73,8.73,4.16,8.73,8.73,4.16,8.73,8.73,4.16,8.73,8.73,4.16,8.73,8.73,4.16,8.73,8.73,4.16,8.73,8.73,4.16,8.73,8.73,4.16,8.73,8.73,4.16
{'1382'} wpa_supplicant(MB): min(4.16) max(8.73) average(7.21)
{'539'} media.metrics(MB): 7.84,7.84,3.27,7.86,7.86,3.29,7.87,7.87,3.30,7.87,7.87,3.30,7.87,7.87,3.30,7.87,7.87,3.30,7.87,7.87,3.30,7.87,7.87,3.30,7.87,7.87,3.30,7.87,7.87,3.30
{'539'} media.metrics(MB): min(3.27) max(7.87) average(6.34)
{'392'} android.hardware.drm-service.widevine(MB): 7.68,7.68,3.53,7.68,7.68,3.53,7.68,7.68,3.53,7.68,7.68,3.53,7.68,7.68,3.53,7.68,7.68,3.53,7.68,7.68,3.53,7.68,7.68,3.53,7.68,7.68,3.53,7.68,7.68,3.53
{'392'} android.hardware.drm-service.widevine(MB): min(3.53) max(7.68) average(6.3)
{'420'} android.hardware.tv.input@1.0-service(MB): 7.20,7.20,1.30,7.20,7.20,1.30,7.20,7.20,1.30,7.20,7.20,1.30,7.20,7.20,1.30,7.20,7.20,1.30,7.20,7.20,1.30,7.20,7.20,1.30,7.20,7.20,1.30,7.20,7.20,1.30
{'420'} android.hardware.tv.input@1.0-service(MB): min(1.3) max(7.2) average(5.23)
{'1230'} android.hardware.wifi@1.0-service-lazy(MB): 7.18,7.18,4.06,7.18,7.18,4.06,7.18,7.18,4.06,7.18,7.18,4.06,7.18,7.18,4.06,7.18,7.18,4.06,7.18,7.18,4.06,7.18,7.18,4.06,7.18,7.18,4.06,7.18,7.18,4.06
{'1230'} android.hardware.wifi@1.0-service-lazy(MB): min(4.06) max(7.18) average(6.14)
{'254'} vold(MB): 6.98,6.98,2.44,6.98,6.98,2.44,6.98,6.98,2.44,6.98,6.98,2.44,6.98,6.98,2.44,6.98,6.98,2.44,6.98,6.98,2.44,6.98,6.98,2.44,6.98,6.98,2.44,6.98,6.98,2.44
{'254'} vold(MB): min(2.44) max(6.98) average(5.47)
{'307'} android.hardware.power-service.realtek(MB): 6.77,6.77,1.22,6.77,6.77,1.22,6.77,6.77,1.22,6.77,6.77,1.22,6.77,6.77,1.22,6.77,6.77,1.22,6.77,6.77,1.22,6.77,6.77,1.22,6.77,6.77,1.22,6.77,6.77,1.22
{'307'} android.hardware.power-service.realtek(MB): min(1.22) max(6.77) average(4.92)
{'398'} android.hardware.graphics.allocator@4.0-service(MB): 6.77,6.77,1.69,6.77,6.77,1.69,6.77,6.77,1.69,6.77,6.77,1.69,6.77,6.77,1.69,6.77,6.77,1.69,6.77,6.77,1.69,6.77,6.77,1.69,6.77,6.77,1.69,6.77,6.77,1.69
{'398'} android.hardware.graphics.allocator@4.0-service(MB): min(1.69) max(6.77) average(5.08)
{'229'} ueventd(MB): 6.73,6.73,2.74,6.73,6.73,2.74,6.73,6.73,2.74,6.73,6.73,2.74,6.73,6.73,2.74,6.73,6.73,2.74,6.73,6.73,2.74,6.73,6.73,2.74,6.73,6.73,2.74,6.73,6.73,2.74
{'229'} ueventd(MB): min(2.74) max(6.73) average(5.4)
{'477'} credstore(MB): 6.22,6.22,1.88,6.22,6.22,1.88,6.22,6.22,1.88,6.22,6.22,1.88,6.22,6.22,1.88,6.22,6.22,1.88,6.22,6.22,1.88,6.22,6.22,1.88,6.22,6.22,1.88,6.22,6.22,1.88
{'477'} credstore(MB): min(1.88) max(6.22) average(4.77)
{'256'} android.hardware.security.keymint-rtk-service(MB): 6.20,6.20,1.78,6.20,6.20,1.78,6.20,6.20,1.78,6.20,6.20,1.78,6.20,6.20,1.78,6.20,6.20,1.78,6.20,6.20,1.78,6.20,6.20,1.78,6.20,6.20,1.78,6.20,6.20,1.78
{'256'} android.hardware.security.keymint-rtk-service(MB): min(1.78) max(6.2) average(4.73)
{'240'} logd(MB): 6.18,6.18,3.35,6.17,6.17,3.34,6.24,6.24,3.41,6.19,6.19,3.36,6.21,6.21,3.38,6.24,6.24,3.40,6.25,6.25,3.41,6.24,6.24,3.41,6.24,6.24,3.41,6.24,6.24,3.41
{'240'} logd(MB): min(3.34) max(6.25) average(5.28)
{'479'} gpuservice(MB): 6.17,6.17,1.80,6.17,6.17,1.80,6.17,6.17,1.80,6.17,6.17,1.80,6.17,6.17,1.80,6.17,6.17,1.80,6.17,6.17,1.80,6.17,6.17,1.80,6.17,6.17,1.80,6.17,6.17,1.80
{'479'} gpuservice(MB): min(1.8) max(6.17) average(4.71)
{'391'} android.hardware.drm-service.playready(MB): 6.11,6.11,1.82,6.11,6.11,1.82,6.11,6.11,1.82,6.11,6.11,1.82,6.11,6.11,1.82,6.11,6.11,1.82,6.11,6.11,1.82,6.11,6.11,1.82,6.11,6.11,1.82,6.11,6.11,1.82
{'391'} android.hardware.drm-service.playready(MB): min(1.82) max(6.11) average(4.68)
{'555'} wificond(MB): 6.07,6.07,2.08,6.07,6.07,2.08,6.07,6.07,2.08,6.07,6.07,2.08,6.07,6.07,2.08,6.07,6.07,2.08,6.07,6.07,2.08,6.07,6.07,2.08,6.07,6.07,2.08,6.07,6.07,2.08
{'555'} wificond(MB): min(2.08) max(6.07) average(4.74)
{'435'} vendor.skyworth.hardware.hwem@1.0-service(MB): 5.94,5.94,1.33,5.94,5.94,1.33,5.94,5.94,1.33,5.94,5.94,1.33,5.94,5.94,1.33,5.94,5.94,1.33,5.94,5.94,1.33,5.94,5.94,1.33,5.94,5.94,1.33,5.94,5.94,1.33
{'435'} vendor.skyworth.hardware.hwem@1.0-service(MB): min(1.33) max(5.94) average(4.4)
{'536'} installd(MB): 5.79,5.79,1.91,5.79,5.79,1.91,5.79,5.79,1.91,5.79,5.79,1.91,5.79,5.79,1.91,5.79,5.79,1.91,5.79,5.79,1.91,5.79,5.79,1.91,5.79,5.79,1.91,5.79,5.79,1.91
{'536'} installd(MB): min(1.91) max(5.79) average(4.5)
{'416'} android.hardware.thermal@2.0-service.realtek(MB): 5.20,5.20,1.35,5.20,5.20,1.35,5.20,5.20,1.35,5.20,5.20,1.35,5.20,5.20,1.35,5.20,5.20,1.35,5.20,5.20,1.35,5.20,5.20,1.35,5.20,5.20,1.35,5.20,5.20,1.35
{'416'} android.hardware.thermal@2.0-service.realtek(MB): min(1.35) max(5.2) average(3.92)
{'243'} hwservicemanager(MB): 5.13,5.13,1.29,5.13,5.13,1.29,5.13,5.13,1.29,5.13,5.13,1.29,5.13,5.13,1.29,5.13,5.13,1.29,5.13,5.13,1.29,5.13,5.13,1.29,5.13,5.13,1.29,5.13,5.13,1.29
{'243'} hwservicemanager(MB): min(1.29) max(5.13) average(3.85)
{'388'} android.hardware.drm-service.clearkey(MB): 5.08,5.08,0.99,5.08,5.08,0.99,5.08,5.08,0.99,5.08,5.08,0.99,5.08,5.08,0.99,5.08,5.08,0.99,5.08,5.08,0.99,5.08,5.08,0.99,5.08,5.08,0.99,5.08,5.08,0.99
{'388'} android.hardware.drm-service.clearkey(MB): min(0.99) max(5.08) average(3.72)
{'390'} android.hardware.drm-service.mgkid(MB): 5.02,5.02,0.88,5.02,5.02,0.88,5.02,5.02,0.88,5.02,5.02,0.88,5.02,5.02,0.88,5.02,5.02,0.88,5.02,5.02,0.88,5.02,5.02,0.88,5.02,5.02,0.88,5.02,5.02,0.88
{'390'} android.hardware.drm-service.mgkid(MB): min(0.88) max(5.02) average(3.64)
{'548'} storaged(MB): 4.99,4.99,1.47,4.99,4.99,1.47,4.99,4.99,1.47,4.99,4.99,1.47,4.99,4.99,1.47,4.99,4.99,1.47,4.99,4.99,1.47,4.99,4.99,1.47,4.99,4.99,1.47,4.99,4.99,1.47
{'548'} storaged(MB): min(1.47) max(4.99) average(3.82)
{'513'} drmserver(MB): 4.95,4.95,1.02,4.95,4.95,1.02,4.95,4.95,1.02,4.95,4.95,1.02,4.95,4.95,1.02,4.95,4.95,1.02,4.95,4.95,1.02,4.95,4.95,1.02,4.95,4.95,1.02,4.95,4.95,1.02
{'513'} drmserver(MB): min(1.02) max(4.95) average(3.64)
{'431'} vendor.realtek.rtkconfigs@1.0-service(MB): 4.88,4.88,1.24,4.88,4.88,1.24,4.88,4.88,1.24,4.88,4.88,1.24,4.88,4.88,1.24,4.88,4.88,1.24,4.88,4.88,1.24,4.88,4.88,1.24,4.88,4.88,1.24,4.88,4.88,1.24
{'431'} vendor.realtek.rtkconfigs@1.0-service(MB): min(1.24) max(4.88) average(3.67)
{'621'} securetimeservice(MB): 4.86,4.86,0.92,4.86,4.86,0.92,4.86,4.86,0.92,4.86,4.86,0.92,4.86,4.86,0.92,4.86,4.86,0.92,4.86,4.86,0.92,4.86,4.86,0.92,4.86,4.86,0.92,4.86,4.86,0.92
{'621'} securetimeservice(MB): min(0.92) max(4.86) average(3.55)
{'432'} vendor.realtek.system@1.0-service(MB): 4.82,4.82,1.06,4.82,4.82,1.06,4.82,4.82,1.06,4.82,4.82,1.06,4.82,4.82,1.06,4.82,4.82,1.06,4.82,4.82,1.06,4.82,4.82,1.06,4.82,4.82,1.06,4.82,4.82,1.06
{'432'} vendor.realtek.system@1.0-service(MB): min(1.06) max(4.82) average(3.57)
{'365'} statsd(MB): 4.75,4.75,1.76,4.74,4.74,1.76,4.73,4.73,1.75,4.73,4.73,1.75,4.73,4.73,1.75,4.73,4.73,1.75,4.73,4.73,1.75,4.73,4.73,1.75,4.73,4.73,1.75,4.73,4.73,1.75
{'365'} statsd(MB): min(1.75) max(4.75) average(3.74)
{'650'} gatekeeperd(MB): 4.72,4.72,0.93,4.72,4.72,0.93,4.72,4.72,0.93,4.72,4.72,0.93,4.72,4.72,0.93,4.72,4.72,0.93,4.72,4.72,0.93,4.72,4.72,0.93,4.72,4.72,0.93,4.72,4.72,0.93
{'650'} gatekeeperd(MB): min(0.93) max(4.72) average(3.46)
{'384'} android.hardware.cas@1.2-service(MB): 4.69,4.69,1.25,4.69,4.69,1.25,4.69,4.69,1.25,4.69,4.69,1.25,4.69,4.69,1.25,4.69,4.69,1.25,4.69,4.69,1.25,4.69,4.69,1.25,4.69,4.69,1.25,4.69,4.69,1.25
{'384'} android.hardware.cas@1.2-service(MB): min(1.25) max(4.69) average(3.54)
{'400'} android.hardware.health-service.example(MB): 4.68,4.68,0.91,4.68,4.68,0.91,4.68,4.68,0.91,4.68,4.68,0.91,4.68,4.68,0.91,4.68,4.68,0.91,4.68,4.68,0.91,4.68,4.68,0.91,4.68,4.68,0.91,4.68,4.68,0.91
{'400'} android.hardware.health-service.example(MB): min(0.91) max(4.68) average(3.42)
{'428'} vendor.realtek.hwconfigmanager@1.0-service(MB): 4.68,4.68,0.84,4.68,4.68,0.84,4.68,4.68,0.84,4.68,4.68,0.84,4.68,4.68,0.84,4.68,4.68,0.84,4.68,4.68,0.84,4.68,4.68,0.84,4.68,4.68,0.84,4.68,4.68,0.84
{'428'} vendor.realtek.hwconfigmanager@1.0-service(MB): min(0.84) max(4.68) average(3.4)
{'237'} prng_seeder(MB): 4.58,4.58,1.94,4.58,4.58,1.94,4.58,4.58,1.94,4.58,4.58,1.94,4.58,4.58,1.94,4.58,4.58,1.94,4.58,4.58,1.94,4.58,4.58,1.94,4.58,4.58,1.94,4.58,4.58,1.94
{'237'} prng_seeder(MB): min(1.94) max(4.58) average(3.7)
{'389'} android.hardware.drm-service.hdcp2(MB): 4.57,4.57,0.79,4.57,4.57,0.79,4.57,4.57,0.79,4.57,4.57,0.79,4.57,4.57,0.79,4.57,4.57,0.79,4.57,4.57,0.79,4.57,4.57,0.79,4.57,4.57,0.79,4.57,4.57,0.79
{'389'} android.hardware.drm-service.hdcp2(MB): min(0.79) max(4.57) average(3.31)
{'394'} android.hardware.gatekeeper@1.0-service(MB): 4.54,4.54,0.84,4.54,4.54,0.84,4.54,4.54,0.84,4.54,4.54,0.84,4.54,4.54,0.84,4.54,4.54,0.84,4.54,4.54,0.84,4.54,4.54,0.84,4.54,4.54,0.84,4.54,4.54,0.84
{'394'} android.hardware.gatekeeper@1.0-service(MB): min(0.84) max(4.54) average(3.31)
{'413'} android.hardware.skybt-service(MB): 4.53,4.53,0.75,4.53,4.53,0.75,4.53,4.53,0.75,4.53,4.53,0.75,4.53,4.53,0.75,4.53,4.53,0.75,4.53,4.53,0.75,4.53,4.53,0.75,4.53,4.53,0.75,4.53,4.53,0.75
{'413'} android.hardware.skybt-service(MB): min(0.75) max(4.53) average(3.27)
{'415'} android.hardware.skywifi-service(MB): 4.52,4.52,0.79,4.52,4.52,0.79,4.52,4.52,0.79,4.52,4.52,0.79,4.52,4.52,0.79,4.52,4.52,0.79,4.52,4.52,0.79,4.52,4.52,0.79,4.52,4.52,0.79,4.52,4.52,0.79
{'415'} android.hardware.skywifi-service(MB): min(0.79) max(4.52) average(3.28)
{'421'} android.hardware.lights-service.realtek(MB): 4.50,4.50,0.74,4.50,4.50,0.74,4.50,4.50,0.74,4.50,4.50,0.74,4.50,4.50,0.74,4.50,4.50,0.74,4.50,4.50,0.74,4.50,4.50,0.74,4.50,4.50,0.74,4.50,4.50,0.74
{'421'} android.hardware.lights-service.realtek(MB): min(0.74) max(4.5) average(3.25)
{'242'} servicemanager(MB): 4.46,4.46,1.22,4.46,4.46,1.22,4.46,4.46,1.22,4.46,4.46,1.22,4.46,4.46,1.22,4.46,4.46,1.22,4.46,4.46,1.22,4.46,4.46,1.22,4.46,4.46,1.22,4.46,4.46,1.22
{'242'} servicemanager(MB): min(1.22) max(4.46) average(3.38)
{'383'} android.hardware.bluetooth@1.1-service(MB): 4.36,4.36,1.26,4.36,4.36,1.26,4.36,4.36,1.26,4.36,4.36,1.26,4.36,4.36,1.26,4.36,4.36,1.26,4.36,4.36,1.26,4.36,4.36,1.26,4.36,4.36,1.26,4.36,4.36,1.26
{'383'} android.hardware.bluetooth@1.1-service(MB): min(1.26) max(4.36) average(3.33)
{'426'} vendor.realtek.dongled@1.0-service(MB): 4.33,4.33,0.93,4.33,4.33,0.93,4.33,4.33,0.93,4.33,4.33,0.93,4.33,4.33,0.93,4.33,4.33,0.93,4.33,4.33,0.93,4.33,4.33,0.93,4.33,4.33,0.93,4.33,4.33,0.93
{'426'} vendor.realtek.dongled@1.0-service(MB): min(0.93) max(4.33) average(3.2)
{'530'} incidentd(MB): 4.29,4.29,1.00,4.29,4.29,1.00,4.29,4.29,1.00,4.29,4.29,1.00,4.29,4.29,1.00,4.29,4.29,1.00,4.29,4.29,1.00,4.29,4.29,1.00,4.29,4.29,1.00,4.29,4.29,1.00
{'530'} incidentd(MB): min(1.0) max(4.29) average(3.19)
{'301'} android.system.suspend@1.0-service(MB): 4.27,4.27,1.06,4.27,4.27,1.06,4.27,4.27,1.06,4.27,4.27,1.06,4.27,4.27,1.06,4.27,4.27,1.06,4.27,4.27,1.06,4.27,4.27,1.06,4.27,4.27,1.06,4.27,4.27,1.06
{'301'} android.system.suspend@1.0-service(MB): min(1.06) max(4.27) average(3.2)
{'424'} android.hardware.power.stats-service.example(MB): 3.89,3.89,0.70,3.89,3.89,0.70,3.89,3.89,0.70,3.89,3.89,0.70,3.89,3.89,0.70,3.89,3.89,0.70,3.89,3.89,0.70,3.89,3.89,0.70,3.89,3.89,0.70,3.89,3.89,0.70
{'424'} android.hardware.power.stats-service.example(MB): min(0.7) max(3.89) average(2.83)
{'1010'} VirtualEvent(MB): 3.88,3.88,1.85,3.88,3.88,1.85,3.88,3.88,1.85,3.88,3.88,1.85,3.88,3.88,1.85,3.88,3.88,1.85,3.88,3.88,1.85,3.88,3.88,1.85,3.88,3.88,1.85,3.88,3.88,1.85
{'1010'} VirtualEvent(MB): min(1.85) max(3.88) average(3.2)
{'244'} vndservicemanager(MB): 3.86,3.86,0.72,3.86,3.86,0.72,3.86,3.86,0.72,3.86,3.86,0.72,3.86,3.86,0.72,3.86,3.86,0.72,3.86,3.86,0.72,3.86,3.86,0.72,3.86,3.86,0.72,3.86,3.86,0.72
{'244'} vndservicemanager(MB): min(0.72) max(3.86) average(2.81)
{'422'} android.hardware.memtrack-service.example(MB): 3.75,3.75,0.66,3.75,3.75,0.66,3.75,3.75,0.66,3.75,3.75,0.66,3.75,3.75,0.66,3.75,3.75,0.66,3.75,3.75,0.66,3.75,3.75,0.66,3.75,3.75,0.66,3.75,3.75,0.66
{'422'} android.hardware.memtrack-service.example(MB): min(0.66) max(3.75) average(2.72)
{'303'} android.hardware.atrace@1.0-service(MB): 3.66,3.66,0.68,3.66,3.66,0.68,3.66,3.66,0.68,3.66,3.66,0.68,3.66,3.66,0.68,3.66,3.66,0.68,3.66,3.66,0.68,3.66,3.66,0.68,3.66,3.66,0.68,3.66,3.66,0.68
{'303'} android.hardware.atrace@1.0-service(MB): min(0.68) max(3.66) average(2.67)
{'4080'} abb(MB): 3.63,3.63,0.73,3.63,3.63,0.73,3.63,3.63,0.73,3.63,3.63,0.73,3.63,3.63,0.73,3.63,3.63,0.73,3.63,3.63,0.73,3.63,3.63,0.73,3.63,3.63,0.73,3.63,3.63,0.73
{'4080'} abb(MB): min(0.73) max(3.63) average(2.66)
{'588'} cuscontrollerserver(MB): 3.59,3.59,0.65,3.59,3.59,0.65,3.59,3.59,0.65,3.59,3.59,0.65,3.59,3.59,0.65,3.59,3.59,0.65,3.59,3.59,0.65,3.59,3.59,0.65,3.59,3.59,0.65,3.59,3.59,0.65
{'588'} cuscontrollerserver(MB): min(0.65) max(3.59) average(2.61)
{'589'} mediaservice(MB): 3.57,3.57,0.65,3.57,3.57,0.65,3.57,3.57,0.65,3.57,3.57,0.65,3.57,3.57,0.65,3.57,3.57,0.65,3.57,3.57,0.65,3.57,3.57,0.65,3.57,3.57,0.65,3.57,3.57,0.65
{'589'} mediaservice(MB): min(0.65) max(3.57) average(2.6)
{'558'} audio_codec(MB): 3.45,3.45,0.70,3.45,3.45,0.70,3.45,3.45,0.70,3.45,3.45,0.70,3.45,3.45,0.70,3.45,3.45,0.70,3.45,3.45,0.70,3.45,3.45,0.70,3.45,3.45,0.70,3.45,3.45,0.70
{'558'} audio_codec(MB): min(0.7) max(3.45) average(2.53)
{'523'} mdnsd(MB): 3.32,3.32,1.36,3.32,3.32,1.36,3.32,3.32,1.36,3.32,3.32,1.36,3.32,3.32,1.36,3.32,3.32,1.36,3.32,3.32,1.36,3.32,3.32,1.36,3.32,3.32,1.36,3.32,3.32,1.36
{'523'} mdnsd(MB): min(1.36) max(3.32) average(2.67)
{'10916', '10623', '10721', '10575', '10672', '10366', '10865', '10813', '10765', '10431'} dumpsys(MB): 3.29,3.29,0.64,3.20,3.20,0.65,3.27,3.27,0.65,3.20,3.20,0.63,3.22,3.22,0.64,3.23,3.23,0.63,3.30,3.30,0.64,3.19,3.19,0.64,3.27,3.27,0.65,3.28,3.28,0.65
{'10916', '10623', '10721', '10575', '10672', '10366', '10865', '10813', '10765', '10431'} dumpsys(MB): min(0.63) max(3.3) average(2.38)
{'381'} android.hidl.allocator@1.0-service(MB): 3.22,3.22,0.61,3.22,3.22,0.61,3.22,3.22,0.61,3.22,3.22,0.61,3.22,3.22,0.61,3.22,3.22,0.61,3.22,3.22,0.61,3.22,3.22,0.61,3.22,3.22,0.61,3.22,3.22,0.61
{'381'} android.hidl.allocator@1.0-service(MB): min(0.61) max(3.22) average(2.35)
{'255'} tee-supplicant(MB): 3.11,3.11,0.58,3.11,3.11,0.58,3.11,3.11,0.58,3.11,3.11,0.58,3.11,3.11,0.58,3.11,3.11,0.58,3.11,3.11,0.58,3.11,3.11,0.58,3.11,3.11,0.58,3.11,3.11,0.58
{'255'} tee-supplicant(MB): min(0.58) max(3.11) average(2.27)
{'241'} lmkd(MB): 3.05,3.05,0.72,3.05,3.05,0.72,3.05,3.05,0.72,3.05,3.05,0.72,3.05,3.05,0.72,3.05,3.05,0.72,3.05,3.05,0.72,3.05,3.05,0.72,3.05,3.05,0.72,3.05,3.05,0.72
{'241'} lmkd(MB): min(0.72) max(3.05) average(2.27)
{'499'} cmdexecutor(MB): 2.99,2.99,0.51,2.99,2.99,0.51,2.99,2.99,0.51,2.99,2.99,0.51,2.99,2.99,0.51,2.99,2.99,0.51,2.99,2.99,0.51,2.99,2.99,0.51,2.99,2.99,0.51,2.99,2.99,0.51
{'499'} cmdexecutor(MB): min(0.51) max(2.99) average(2.16)
{'527'} socketsys(MB): 2.97,2.97,0.73,2.97,2.97,0.73,2.97,2.97,0.73,2.97,2.97,0.73,2.97,2.97,0.73,2.97,2.97,0.73,2.97,2.97,0.73,2.97,2.97,0.73,2.97,2.97,0.73,2.97,2.97,0.73
{'527'} socketsys(MB): min(0.73) max(2.97) average(2.22)
{'385'} iptables-restore(MB): 2.96,2.96,1.01,2.96,2.96,1.01,2.96,2.96,1.01,2.96,2.96,1.01,2.96,2.96,1.01,2.96,2.96,1.01,2.96,2.96,1.01,2.96,2.96,1.01,2.96,2.96,1.01,2.96,2.96,1.01
{'385'} iptables-restore(MB): min(1.01) max(2.96) average(2.31)
{'386'} ip6tables-restore(MB): 2.94,2.94,1.01,2.94,2.94,1.01,2.94,2.94,1.01,2.94,2.94,1.01,2.94,2.94,1.01,2.94,2.94,1.01,2.94,2.94,1.01,2.94,2.94,1.01,2.94,2.94,1.01,2.94,2.94,1.01
{'386'} ip6tables-restore(MB): min(1.01) max(2.94) average(2.3)
{'4449', '253'} sh(MB): 2.70,2.63,2.70,2.63,0.74,0.71,2.70,2.63,2.70,2.63,0.74,0.71,2.70,2.63,2.70,2.63,0.74,0.71,2.70,2.63,2.70,2.63,0.74,0.71,2.70,2.63,2.70,2.63,0.74,0.71,2.70,2.63,2.70,2.63,0.74,0.71,2.70,2.63,2.70,2.63,0.74,0.71,2.70,2.63,2.70,2.63,0.74,0.71,2.70,2.63,2.70,2.63,0.74,0.71,2.70,2.63,2.70,2.63,0.74,0.71
{'4449', '253'} sh(MB): min(0.71) max(2.7) average(2.02)
{'4043', '4041'} process-tracker(MB): 2.68,2.58,2.68,2.58,0.68,0.66,2.68,2.58,2.68,2.58,0.68,0.66,2.68,2.58,2.68,2.58,0.68,0.66,2.68,2.58,2.68,2.58,0.68,0.66,2.68,2.58,2.68,2.58,0.68,0.66,2.68,2.58,2.68,2.58,0.68,0.66,2.68,2.58,2.68,2.58,0.68,0.66,2.68,2.58,2.68,2.58,0.68,0.66,2.68,2.58,2.68,2.58,0.68,0.66,2.68,2.58,2.68,2.58,0.68,0.66
{'4043', '4041'} process-tracker(MB): min(0.66) max(2.68) average(1.98)
{'525'} coocaa_guard(MB): 2.59,2.59,0.66,2.59,2.59,0.66,2.59,2.59,0.66,2.59,2.59,0.66,2.59,2.59,0.66,2.59,2.59,0.66,2.59,2.59,0.66,2.59,2.59,0.66,2.59,2.59,0.66,2.59,2.59,0.66
{'525'} coocaa_guard(MB): min(0.66) max(2.59) average(1.95)
{'345'} tombstoned(MB): 2.32,2.32,0.53,2.32,2.32,0.53,2.32,2.32,0.53,2.32,2.32,0.53,2.32,2.32,0.53,2.32,2.32,0.53,2.32,2.32,0.53,2.32,2.32,0.53,2.32,2.32,0.53,2.32,2.32,0.53
{'345'} tombstoned(MB): min(0.53) max(2.32) average(1.72)
{'4447'} busybox(MB): 1.11,1.11,1.10,1.11,1.11,1.10,1.11,1.11,1.10,1.11,1.11,1.10,1.11,1.11,1.10,1.11,1.11,1.10,1.11,1.11,1.10,1.11,1.11,1.10,1.11,1.11,1.10,1.11,1.11,1.10
{'4447'} busybox(MB): min(1.1) max(1.11) average(1.11)
